##FastQC	0.11.5
>>Basic Statistics	pass
#Measure	Value
Filename	cc1
File type	Conventional base calls
Encoding	Illumina 1.5
Total Sequences	8678102
Sequences flagged as poor quality	0
Sequence length	17-28
%GC	46
>>END_MODULE
>>Per base sequence quality	pass
#Base	Mean	Median	Lower Quartile	Upper Quartile	10th Percentile	90th Percentile
1	36.56624639811793	39.0	38.0	40.0	31.0	40.0
2	36.32237602185363	39.0	38.0	40.0	30.0	40.0
3	36.44464238839322	39.0	38.0	40.0	30.0	40.0
4	36.37381687839115	39.0	38.0	40.0	30.0	40.0
5	36.43711078758927	39.0	38.0	40.0	30.0	40.0
6	36.299806455374686	39.0	37.0	40.0	30.0	40.0
7	36.54686255128137	40.0	38.0	40.0	30.0	40.0
8	36.4691055717022	40.0	38.0	40.0	30.0	40.0
9	36.395300723591404	39.0	38.0	40.0	30.0	40.0
10	36.451686901121924	40.0	38.0	40.0	30.0	40.0
11	36.72707038935472	40.0	38.0	40.0	31.0	40.0
12	36.61958755497458	40.0	38.0	40.0	31.0	40.0
13	36.5948526532645	40.0	38.0	40.0	31.0	40.0
14	36.54109354787487	40.0	38.0	40.0	31.0	40.0
15	36.53080569921856	39.0	38.0	40.0	31.0	40.0
16	36.5959336500078	40.0	38.0	40.0	31.0	40.0
17	36.43705743490916	39.0	38.0	40.0	31.0	40.0
18	36.491684412426025	40.0	38.0	40.0	31.0	40.0
19	36.36498253482286	39.0	38.0	40.0	30.0	40.0
20	36.427285266941375	39.0	38.0	40.0	31.0	40.0
21	36.37316372513152	39.0	38.0	40.0	31.0	40.0
22	36.60361379643215	40.0	38.0	40.0	31.0	40.0
23	36.16307805792877	39.0	38.0	40.0	30.0	40.0
24	36.12965364638709	39.0	38.0	40.0	30.0	40.0
25	36.09791814783894	39.0	38.0	40.0	30.0	40.0
26	36.10959443763047	39.0	38.0	40.0	31.0	40.0
27	36.29018116672796	39.0	38.0	40.0	31.0	40.0
28	36.266835286859965	39.0	38.0	40.0	31.0	40.0
>>END_MODULE
>>Per tile sequence quality	fail
#Tile	Base	Mean
1	1	-2.886123714782805
1	2	-3.4549974523452534
1	3	-2.8846489142499223
1	4	-3.4649175983585607
1	5	-3.0019329658909015
1	6	-2.0415808411609433
1	7	-1.9672101013382033
1	8	-2.13958308239782
1	9	-2.323756535723561
1	10	-1.905366784733971
1	11	-1.54673203170357
1	12	-1.7219611373928956
1	13	-1.6606794276827301
1	14	-1.5949014880960704
1	15	-1.3078271222644489
1	16	-1.17702004183883
1	17	-1.2954064196537658
1	18	-1.3452030505357087
1	19	-1.3745041776132894
1	20	-1.2609727358610527
1	21	-1.0636192303807661
1	22	-1.212926108012958
1	23	-1.0842057464956625
1	24	-0.9596101678611717
1	25	-1.7648635243235304
1	26	-1.5284640340540818
1	27	-1.589221134458576
1	28	-1.2870338652983193
2	1	-0.6145169888468089
2	2	-0.5975011517395217
2	3	-0.676394810810443
2	4	-0.6574429631345211
2	5	-0.6430551217532212
2	6	-0.7706086303033501
2	7	-0.7123152744734682
2	8	-0.7083641789322215
2	9	-0.7797027631172924
2	10	-0.7406539151830813
2	11	-0.6809747446215795
2	12	-0.6657060396735304
2	13	-0.6358879763192178
2	14	-0.6630587368310756
2	15	-0.6566624824521909
2	16	-0.6592612976093832
2	17	-0.716308802912387
2	18	-0.6879960576693946
2	19	-0.6263427070755014
2	20	-0.6402423390252565
2	21	-0.6343390031665734
2	22	-0.5998881932666933
2	23	-0.42132768502978024
2	24	-0.4398180094399109
2	25	-0.8665849861550541
2	26	-0.7084043396186672
2	27	-0.3852333570580342
2	28	-0.3996775434592408
3	1	-0.6849563645623036
3	2	-0.5689528235257555
3	3	-0.7186651656812231
3	4	-0.695956026919923
3	5	-0.7035306238924903
3	6	-0.7316529024858482
3	7	-0.7094614231514171
3	8	-0.7493159550884627
3	9	-0.7396646335337209
3	10	-0.6960858821459368
3	11	-0.6092675107854362
3	12	-0.6560220991085046
3	13	-0.6757845035649837
3	14	-0.6704179737143718
3	15	-0.6934085829759411
3	16	-0.6892425070888635
3	17	-0.6940907143500041
3	18	-0.7842967023353395
3	19	-0.6721722138833641
3	20	-0.6848857152923031
3	21	-0.7275596205388197
3	22	-0.689549177776847
3	23	-0.7161885248445685
3	24	-1.070484461715374
3	25	-0.3096003664287963
3	26	-0.5691389520695225
3	27	-0.6483250140044419
3	28	-0.48856643234812935
4	1	-0.7926667685824924
4	2	-0.6428088543159447
4	3	-0.7775441900655551
4	4	-0.7873695416954547
4	5	-0.822524262499897
4	6	-0.9334186690164685
4	7	-0.8601980671580236
4	8	-0.8728642456789828
4	9	-0.8690535396046357
4	10	-0.8891062802433751
4	11	-0.7875279417915166
4	12	-0.8306742237165992
4	13	-0.8870048721497739
4	14	-0.9299158542608765
4	15	-0.8849324063608819
4	16	-0.892743698712934
4	17	-0.9422176713322727
4	18	-0.8741554204526594
4	19	-0.8458752994502987
4	20	-0.8939541704440188
4	21	-0.8867841067967959
4	22	-0.7790976837371701
4	23	-0.914234610833276
4	24	-0.605597074004514
4	25	-0.5298306295866908
4	26	-0.19677513397856927
4	27	-1.0192979435139549
4	28	-0.8942353665884895
5	1	-0.7965718192895039
5	2	-0.6133750581921547
5	3	-0.5814157861624807
5	4	-0.6621364449578095
5	5	-0.6519638245706716
5	6	-0.6051607120601261
5	7	-0.6716837830594145
5	8	-0.7708167892088511
5	9	-0.679634183593258
5	10	-0.5872567038031775
5	11	-0.5448517244546949
5	12	-0.5123933746379947
5	13	-0.5438137385807522
5	14	-0.5175061226349129
5	15	-0.5553630044541791
5	16	-0.5503586869437385
5	17	-0.6378404491453935
5	18	-0.5040765341168267
5	19	-0.47798729034370524
5	20	-0.522811131300827
5	21	-0.43011620671542516
5	22	-0.3849028554173586
5	23	-0.40447153893785526
5	24	0.034522849773033215
5	25	-0.009813737694798874
5	26	0.3643261335694703
5	27	-0.061243490876407236
5	28	0.1603224565407615
6	1	-12.392169283880015
6	2	-25.3725052930794
6	3	-13.378638045837462
6	4	-13.305235188969778
6	5	-12.849474049462824
6	6	-11.037990139304107
6	7	-11.117709979978741
6	8	-11.31585884343048
6	9	-11.146671506394743
6	10	-11.040827035761769
6	11	-9.700373745425754
6	12	-9.569194910213636
6	13	-9.36968913926242
6	14	-10.975052636007387
6	15	-10.616700414962004
6	16	-10.68422022481495
6	17	-11.339940630224746
6	18	-10.605535915921116
6	19	-11.251199232833905
6	20	-11.900210174485462
6	21	-10.671634318396006
6	22	-11.62632328828806
6	23	-11.899084289507591
6	24	-16.97526747336062
6	25	-18.3953472480838
6	26	-18.701602720185466
6	27	-19.92804811576144
6	28	-17.089421133202826
7	1	-0.7701471143587071
7	2	-1.402507571520104
7	3	-0.7361932832976734
7	4	-0.7426815345128901
7	5	-0.8155227336927098
7	6	-0.6754098331178611
7	7	-0.6517292183048369
7	8	-0.6225178416197394
7	9	-0.6124646317757012
7	10	-0.6637969034546671
7	11	-0.41477102422676637
7	12	-0.4897857261856089
7	13	-0.48319399846942446
7	14	-0.5087968427430312
7	15	-0.5090058456119877
7	16	-0.4442053262804322
7	17	-0.5373858139623451
7	18	-0.4851109453804483
7	19	-0.4938131013770999
7	20	-0.5211946371215532
7	21	-0.5073945867006415
7	22	-0.4639258740759473
7	23	-0.3701820433394687
7	24	-0.3431669189658919
7	25	0.03819336031229881
7	26	0.5751804965977527
7	27	0.4145110860657013
7	28	0.3416879183881534
8	1	-0.26317114385812346
8	2	-0.13159519273671094
8	3	-0.32947834253657504
8	4	-0.25728946370645644
8	5	-0.2725779432387654
8	6	-0.35981923198900034
8	7	-0.32670822830574764
8	8	-0.3135455310625872
8	9	-0.3856796292033593
8	10	-0.3472786241123984
8	11	-0.3123228514057246
8	12	-0.34192622566632735
8	13	-0.34842215760090056
8	14	-0.3806684607519415
8	15	-0.3152590485926865
8	16	-0.3343117713338586
8	17	-0.34251340071720193
8	18	-0.2734721988313993
8	19	-0.36193769141772947
8	20	-0.2661046247098682
8	21	-0.31534329414655815
8	22	-0.24309684549305643
8	23	-0.38998645497929374
8	24	-0.5388813023288748
8	25	-0.6850389629200251
8	26	-1.290363050763979
8	27	-0.721127211806639
8	28	-0.5527910965727898
9	1	-0.3239064572893682
9	2	-0.19796219386496006
9	3	-0.3446993391623181
9	4	-0.3305485119079279
9	5	-0.3243840978586334
9	6	-0.3910850418702836
9	7	-0.4157055413539368
9	8	-0.41799751685551456
9	9	-0.45372815512877196
9	10	-0.40444349148209113
9	11	-0.35973565368944804
9	12	-0.38817046089675955
9	13	-0.4165615435577479
9	14	-0.3957365944783433
9	15	-0.35880036240987323
9	16	-0.3574497214521344
9	17	-0.38352367476680627
9	18	-0.3136251941487913
9	19	-0.3656902896756975
9	20	-0.27852541031096933
9	21	-0.3009412918801999
9	22	-0.3442275287584664
9	23	-0.4658847445709853
9	24	-0.44771967251503497
9	25	-0.3414905758232507
9	26	-0.3866620087230146
9	27	-0.06965662357134761
9	28	-0.441118984900676
10	1	-0.38479435358074454
10	2	-0.2030675931235777
10	3	-0.33753749854466264
10	4	-0.3951718550498242
10	5	-0.33381668196266645
10	6	-0.39879705859044634
10	7	-0.4220637269101175
10	8	-0.3996459427761394
10	9	-0.4606547249597668
10	10	-0.45055770298817777
10	11	-0.4040442085601441
10	12	-0.46504856651365856
10	13	-0.4410389033131423
10	14	-0.43656340229644286
10	15	-0.49054659238516507
10	16	-0.4564039606381769
10	17	-0.5151090456432073
10	18	-0.4340197518524107
10	19	-0.455795519446319
10	20	-0.36708036609408623
10	21	-0.4454612333743313
10	22	-0.3762548545525277
10	23	-0.5347501988610048
10	24	-0.4713707203462647
10	25	-0.3679393958204571
10	26	-0.2518968378325255
10	27	-0.8180373241661911
10	28	-0.883010876792568
11	1	-0.2977165453235031
11	2	-0.14395711992185056
11	3	-0.34597958847762555
11	4	-0.29819412728199524
11	5	-0.3033630501216322
11	6	-0.3280392572549147
11	7	-0.33703620786955923
11	8	-0.3295889200550164
11	9	-0.31515238191384753
11	10	-0.3380360294371485
11	11	-0.302709649655867
11	12	-0.2826118054505997
11	13	-0.2929490022429846
11	14	-0.2951778046951361
11	15	-0.305901261490483
11	16	-0.3308438712580184
11	17	-0.3447699141506604
11	18	-0.36017135483673
11	19	-0.38430557573325785
11	20	-0.37644808914159
11	21	-0.3435550441302482
11	22	-0.2448205485961239
11	23	-0.22168121667964868
11	24	-0.010572100953226027
11	25	-0.4550037826209916
11	26	-0.3205500886065167
11	27	-0.2117988535976849
11	28	-1.1410916848733805
12	1	-0.284823673318904
12	2	-0.18236697973979688
12	3	-0.30413268990493236
12	4	-0.3243092568683892
12	5	-0.33503845031444257
12	6	-0.36504696612180254
12	7	-0.3822050629106073
12	8	-0.41804431492265337
12	9	-0.40941760427965335
12	10	-0.4165885231673201
12	11	-0.33493380251893257
12	12	-0.3946971383755553
12	13	-0.41435790780669635
12	14	-0.35378993071446274
12	15	-0.40176183135285015
12	16	-0.39515830413107267
12	17	-0.3780655494063012
12	18	-0.44182425238819434
12	19	-0.35163009189059125
12	20	-0.35672333962871505
12	21	-0.3535731897876815
12	22	-0.3422133664289362
12	23	-0.17027975952005647
12	24	0.008565858298801743
12	25	-0.09414749005181022
12	26	0.47541855641027553
12	27	0.4655610998816755
12	28	0.37751543899690176
13	1	-0.1267680528895312
13	2	0.06824349836087862
13	3	-0.10405113172168967
13	4	-0.09792575556310368
13	5	-0.0606342321740172
13	6	-0.13656608631125522
13	7	-0.20556063390053225
13	8	-0.15718467718351548
13	9	-0.16692765945225574
13	10	-0.1710232306371111
13	11	-0.07654508728501241
13	12	-0.07557745183969189
13	13	-0.15765258595702392
13	14	-0.07498572783231339
13	15	-0.12772117958270712
13	16	-0.06801374268382432
13	17	-0.07134384636493962
13	18	-0.02505498084384783
13	19	-0.03613245216070737
13	20	-0.03219701297346944
13	21	-0.05909807341737405
13	22	-0.007905485745318686
13	23	-0.06839260383711832
13	24	0.09036879626611949
13	25	0.038834910953852386
13	26	0.7352629514563205
13	27	1.121614723677233
13	28	-0.05932666626625149
14	1	-0.15374687529530462
14	2	-0.01581274133670263
14	3	-0.1401849388905987
14	4	-0.11591377704046835
14	5	-0.1400962838162414
14	6	-0.17502099991796172
14	7	-0.249797435271347
14	8	-0.18552275812334784
14	9	-0.23842053860174417
14	10	-0.2130117201059889
14	11	-0.1647465260769394
14	12	-0.23471272685308975
14	13	-0.2862763015639658
14	14	-0.2618062048793277
14	15	-0.21225999765343317
14	16	-0.2147866460316763
14	17	-0.2691406978334925
14	18	-0.20766433470136292
14	19	-0.2371628072672678
14	20	-0.26137366568880793
14	21	-0.15667515841226276
14	22	-0.03960174837618524
14	23	-0.024695913384711332
14	24	-0.1200030236947427
14	25	0.11265751404474855
14	26	0.036691853457945456
14	27	-0.440864053911902
14	28	0.24145720831381112
15	1	-0.23811724532894374
15	2	-0.10439118373977863
15	3	-0.24073847972218942
15	4	-0.17417485401303168
15	5	-0.20810193059945448
15	6	-0.2318424426547807
15	7	-0.22246725642371246
15	8	-0.21064719779205632
15	9	-0.20735993985937284
15	10	-0.20651442473558745
15	11	-0.1358443369161435
15	12	-0.16741969949009672
15	13	-0.13373907052582723
15	14	-0.11120505980139939
15	15	-0.11820417837170538
15	16	-0.10488348537110426
15	17	-0.1165228951996653
15	18	-0.14518795993433997
15	19	-0.10415433526457463
15	20	-0.10715490170777286
15	21	-0.21608589645600773
15	22	-0.2690233265044526
15	23	-0.3211485704469723
15	24	-0.1714122849820967
15	25	0.051776264563727636
15	26	-0.02208080783486821
15	27	0.903872788193361
15	28	1.500322456540765
16	1	-0.2489805865454784
16	2	-0.08559104786635174
16	3	-0.23745653335028294
16	4	-0.21864031285348062
16	5	-0.23418032796274701
16	6	-0.20787470277061715
16	7	-0.22583367603780147
16	8	-0.2054649180375847
16	9	-0.25413729413903496
16	10	-0.1883239795086098
16	11	-0.21416418372896118
16	12	-0.28389223336989033
16	13	-0.2984104611446128
16	14	-0.27069863509229464
16	15	-0.2370733471046762
16	16	-0.21901107011681376
16	17	-0.21513290747841296
16	18	-0.1728635035795989
16	19	-0.21789370121989293
16	20	-0.1728285949408388
16	21	-0.17840949975752807
16	22	-0.1262478715928097
16	23	-0.027956263878053278
16	24	-0.09988063057150498
16	25	-0.17000534140225199
16	26	-0.28960272018547073
16	27	-0.9868457746808872
16	28	-0.9905451233679159
17	1	-0.07190794885816132
17	2	0.09427628276919364
17	3	-0.06683512901166466
17	4	-0.03541850422718085
17	5	-0.052061506864731655
17	6	-0.08393267608220611
17	7	-0.1640056006207331
17	8	-0.10113015601385911
17	9	-0.12358555930907045
17	10	-0.0962153014903322
17	11	0.01372498153037327
17	12	-0.007090106684209729
17	13	-0.04067706202885546
17	14	-0.029924810821562176
17	15	-0.047937332469253136
17	16	-0.0020585218208566403
17	17	-0.06088712448448064
17	18	0.021814745321705686
17	19	-0.020487055793445563
17	20	-0.029753142760654328
17	21	0.04827783284230236
17	22	0.03728595795437428
17	23	0.11101095334903732
17	24	0.19096729760914144
17	25	-0.19295927390155754
17	26	0.27944991139347763
17	27	0.1864814838455331
17	28	1.073582529800838
18	1	-0.13436732357428838
18	2	0.038494653191193606
18	3	-0.11162862444201238
18	4	-0.10143125477848258
18	5	-0.10062575322174894
18	6	-0.17101163555182097
18	7	-0.15575939699717622
18	8	-0.13367659740688254
18	9	-0.21475470505323813
18	10	-0.2164696762965903
18	11	-0.1628686871638294
18	12	-0.16518506672783673
18	13	-0.2059395680773619
18	14	-0.21841163630046623
18	15	-0.2198197053286819
18	16	-0.14305428000220388
18	17	-0.14430216493215653
18	18	-0.07831166501804177
18	19	-0.17022402197126496
18	20	-0.13929573253604133
18	21	-0.19720279428882748
18	22	-0.15222320599522732
18	23	-0.3317794451629297
18	24	-0.5107987075053941
18	25	-0.3441204902678052
18	26	-0.8916027201854675
18	27	-0.05681903570601321
18	28	-0.6187251625068555
19	1	0.06339917541027518
19	2	0.20984984651348526
19	3	0.02840514063987598
19	4	0.050828290282865396
19	5	0.026542831201339823
19	6	-0.0676331717675609
19	7	-0.07187130358735772
19	8	-0.04196254575289515
19	9	-0.03959267075352102
19	10	-0.04303951503027292
19	11	0.07936086497534234
19	12	0.05068982325720128
19	13	0.04879828133631037
19	14	0.006073716240884153
19	15	-0.0025771464446435743
19	16	0.04413320035909152
19	17	0.01476886065425731
19	18	0.015948923359658806
19	19	-0.005452922625266865
19	20	-0.013516929730805316
19	21	-0.02925470367298999
19	22	0.08268822597106862
19	23	0.16324237174159606
19	24	0.028158980833097758
19	25	0.2617090045596484
19	26	0.1156436566261263
19	27	0.87365300797358
19	28	0.014815210163952486
20	1	-0.02099781567897452
20	2	0.11352817856429454
20	3	0.03935816683680571
20	4	0.0077424839103983345
20	5	0.02654004310761593
20	6	-0.020982787568243566
20	7	-0.04898802434304628
20	8	-0.09645862569311703
20	9	-0.0383589392804069
20	10	-0.03628256988880452
20	11	0.026681228096670395
20	12	-0.013472577626068016
20	13	0.020678962077276708
20	14	-0.010257542750714777
20	15	0.03687995594530946
20	16	0.04072057364022896
20	17	0.0028232730913870796
20	18	-0.011176486964629362
20	19	-0.03100010508775597
20	20	-0.0076487254558017526
20	21	0.0020012431417697485
20	22	0.0461957191627036
20	23	0.056617647909703805
20	24	-0.09603610374772842
20	25	0.007733898436910636
20	26	0.3464925179097733
20	27	-0.020545816457804733
20	28	0.8291512853695906
21	1	-0.256544963918067
21	2	-0.059593335238830036
21	3	-0.21924335402410833
21	4	-0.18818225174739922
21	5	-0.21044999091142103
21	6	-0.238457925004397
21	7	-0.20833354660881298
21	8	-0.2369519142991905
21	9	-0.2876136595946335
21	10	-0.24531099466532424
21	11	-0.19096506277217173
21	12	-0.19994400679023272
21	13	-0.17985963425292795
21	14	-0.23884136046869742
21	15	-0.2524563626978562
21	16	-0.1490098432008935
21	17	-0.14770101068361896
21	18	-0.14867847296275016
21	19	-0.11932433141897292
21	20	-0.1829308984706799
21	21	-0.1941987156744034
21	22	-0.10986107371175535
21	23	-0.05566744946253266
21	24	0.10293616443381381
21	25	0.3495764216953603
21	26	0.21425313567038984
21	27	0.7307958651164412
21	28	0.956844195671195
22	1	0.10480935007009151
22	2	0.2997992665727196
22	3	0.2025409284358588
22	4	0.14579207798200144
22	5	0.15196687230798034
22	6	0.14357883825253026
22	7	0.10769467860801996
22	8	0.16756226094661741
22	9	0.1231280043416163
22	10	0.15479753338894398
22	11	0.09880925545066077
22	12	0.1358404531600641
22	13	0.11713555755626714
22	14	0.09148127048466392
22	15	0.10367869596063173
22	16	0.11457048032070105
22	17	0.1087456689975852
22	18	0.10179210826956364
22	19	0.14412753566413272
22	20	0.14384852137459347
22	21	0.2016311451596451
22	22	0.22286647372428092
22	23	0.1437247092583931
22	24	0.3656892738491777
22	25	0.18219529920587973
22	26	0.8055338436911867
22	27	0.2233172326378039
22	28	-0.14782569160738745
23	1	0.16775569527034406
23	2	0.3730225569556609
23	3	0.182527555095632
23	4	0.22771756224467765
23	5	0.25743821743802897
23	6	0.1975429641514026
23	7	0.18923420718130046
23	8	0.17438810951093586
23	9	0.19850786893888284
23	10	0.21656428014833295
23	11	0.18507429949189458
23	12	0.14640165609165479
23	13	0.15812389712841934
23	14	0.15707839549731517
23	15	0.170933265439551
23	16	0.16743879971930653
23	17	0.14285419783289655
23	18	0.1276352059239585
23	19	0.12009500636881398
23	20	0.08176192424068773
23	21	0.11734340185623182
23	22	0.17060634353082804
23	23	0.33642492570861293
23	24	0.4175901843489882
23	25	0.20781817993712082
23	26	0.11064953206678751
23	27	0.3452308128847221
23	28	-0.5418020855837824
24	1	0.12546879374336584
24	2	0.2799156960861282
24	3	0.13367588507062322
24	4	0.15971896701479693
24	5	0.13140241936444141
24	6	0.08606946282928618
24	7	0.10547476143254642
24	8	0.0855062178028021
24	9	0.10061473915199315
24	10	0.0851984497374687
24	11	0.08225891198174651
24	12	0.09669941896756029
24	13	0.0990221427851452
24	14	0.03292838376030005
24	15	0.0897973377642245
24	16	0.0784698428427717
24	17	0.07071609567930182
24	18	0.12684779198156804
24	19	0.11259934561930862
24	20	0.1150471108855129
24	21	0.05757741196796218
24	22	0.05419376909765816
24	23	-0.18591667208752938
24	24	-0.2008266176889677
24	25	0.5474692879050593
24	26	0.007234489116861198
24	27	0.653872788193361
24	28	0.32521697130869853
25	1	0.2593217416668878
25	2	0.41927971646827444
25	3	0.2152710362279322
25	4	0.25882708971856516
25	5	0.2727864236803512
25	6	0.21154791812402607
25	7	0.21383972557541853
25	8	0.22767973703891187
25	9	0.18281698704849703
25	10	0.20957394148032193
25	11	0.22514888523313914
25	12	0.22852279939346687
25	13	0.1849585932919524
25	14	0.18126457518042116
25	15	0.21359018737910418
25	16	0.21475015878092307
25	17	0.23686160557308966
25	18	0.17340157179231142
25	19	0.23155443232167983
25	20	0.21916456277508445
25	21	0.1623404524831642
25	22	0.09847105446140603
25	23	-0.17952495774127186
25	24	0.07833500113683556
25	25	0.4505932209880186
25	26	0.5317040527229011
25	27	0.6484964441073373
25	28	0.9250536393364612
26	1	0.03958347364653747
26	2	0.2951143322992067
26	3	0.3015700015798686
26	4	0.16346870168580097
26	5	0.20285607873950795
26	6	0.3327867983367696
26	7	0.2915897378303427
26	8	0.12696194457615206
26	9	0.2859885618244533
26	10	0.35551083124387617
26	11	0.3433934093584483
26	12	0.3946765501069507
26	13	0.35528403149901777
26	14	0.3533009948810246
26	15	0.44284403826448937
26	16	0.3785512683986738
26	17	0.38273548978634153
26	18	0.40146163116995126
26	19	0.35475262468447255
26	20	0.37668425882733914
26	21	0.42302094347976293
26	22	0.45913042985807095
26	23	0.3816581554951597
26	24	0.6816280607727663
26	25	1.0825753068681578
26	26	0.3370702655965232
26	27	0.6673863017068768
26	28	0.6916804812321189
27	1	0.11754852169278251
27	2	0.26750605239968195
27	3	0.18172413808699872
27	4	0.13470204398740293
27	5	0.1516603551220328
27	6	0.11735075285672991
27	7	0.12497077786085242
27	8	0.11016345181182174
27	9	0.0929696921126606
27	10	0.13375199658610626
27	11	0.09978411094945017
27	12	0.1776861042178126
27	13	0.07489456614438694
27	14	0.12041517044327321
27	15	0.08795247120905714
27	16	0.0836455688880946
27	17	0.12305442576346337
27	18	0.07351389448039214
27	19	0.08372069898605616
27	20	0.12078151863177311
27	21	0.07651895515944318
27	22	0.044548583681958576
27	23	-0.013574467016233882
27	24	-0.008803343363595673
27	25	0.21372463747562165
27	26	-0.007999481319068025
27	27	-0.15451044533957514
27	28	0.5617259653126894
28	1	0.11128475248469272
28	2	0.31141419610037246
28	3	0.1354484005551484
28	4	0.16056603663543711
28	5	0.14125540829294891
28	6	0.1362652862018905
28	7	0.10706504714755027
28	8	0.10109851516518376
28	9	0.14535659394166345
28	10	0.1047566536341975
28	11	0.10710772675337665
28	12	0.09718814817212262
28	13	0.10707427954285009
28	14	0.135179757789345
28	15	0.05820304774089635
28	16	0.13031411219260747
28	17	0.12070807219376434
28	18	0.11959432734305864
28	19	0.18060140593460972
28	20	0.10932502398118515
28	21	0.14694579114472361
28	22	0.06193494894176865
28	23	0.0590248378737428
28	24	0.6495342915207516
28	25	0.7982943704133092
28	26	0.24335303202692415
28	27	0.33266066698124064
28	28	-0.21706884780706304
29	1	0.2543100008192525
29	2	0.41761140093231575
29	3	0.2767896090133064
29	4	0.2772771200919735
29	5	0.3140677370269671
29	6	0.2678824859831437
29	7	0.2870558577953375
29	8	0.2514678037738278
29	9	0.24169497998994416
29	10	0.2379303460833171
29	11	0.2733922875819985
29	12	0.2955817736811355
29	13	0.268144942660939
29	14	0.23368147546477758
29	15	0.3120076455364753
29	16	0.19525891833335152
29	17	0.24497518920775008
29	18	0.21437178727708073
29	19	0.2456241035301403
29	20	0.20925910440306694
29	21	0.30109493375037744
29	22	0.28290910490152044
29	23	0.41869861315340273
29	24	0.209984366876661
29	25	0.5159814452432414
29	26	0.25934067604094935
29	27	0.5405394548600242
29	28	-0.6083731956331491
30	1	0.2322025770477225
30	2	0.4775166836726328
30	3	0.30482076382114087
30	4	0.3477111565917639
30	5	0.31655511826426874
30	6	0.2678252923361839
30	7	0.1685480900663947
30	8	0.22284117812426985
30	9	0.25144547225307434
30	10	0.24903820811849897
30	11	0.2411194012036546
30	12	0.2617697815534896
30	13	0.251483270142721
30	14	0.258715568664023
30	15	0.2479875541134291
30	16	0.29596677559536744
30	17	0.2849754555891195
30	18	0.2665067932229306
30	19	0.24682574065723628
30	20	0.29694891100059806
30	21	0.3084834231875604
30	22	0.2842163781170015
30	23	0.4010831266846253
30	24	0.4402890163845825
30	25	0.7642034613224027
30	26	1.1296523405432808
30	27	1.3145870739076457
30	28	1.0467359586504656
31	1	0.26507486659630075
31	2	0.43694556518711636
31	3	0.260188533921486
31	4	0.2853937242812137
31	5	0.2711693020265926
31	6	0.23176649957431295
31	7	0.22540084955966933
31	8	0.2703817679317453
31	9	0.22959962585976967
31	10	0.22460421056913304
31	11	0.186329857492602
31	12	0.2098991293308785
31	13	0.2005572946139722
31	14	0.2527643733478868
31	15	0.2132543403571603
31	16	0.22805920464295326
31	17	0.2594866563207958
31	18	0.20194033215236118
31	19	0.19600233894271213
31	20	0.20922727388554563
31	21	0.1767501463304626
31	22	0.07074905409495358
31	23	0.19783047051841152
31	24	0.49964891459924843
31	25	0.7451693704133078
31	26	0.7192668450319246
31	27	0.8948366436150508
31	28	0.7534088762938467
32	1	0.32897952794554186
32	2	0.5040083352243059
32	3	0.4568961841433108
32	4	0.3877291109554406
32	5	0.37672834365172037
32	6	0.35572782027893624
32	7	0.33658848185102386
32	8	0.3361677966818064
32	9	0.3145263969148573
32	10	0.28487329779201076
32	11	0.311514554248852
32	12	0.3300536785067365
32	13	0.2988058694800202
32	14	0.3266450494831048
32	15	0.3097692466351063
32	16	0.3070384425596373
32	17	0.33119022821127686
32	18	0.3537537359210745
32	19	0.3546238447165351
32	20	0.337824590792863
32	21	0.35672840493569424
32	22	0.3361191044572962
32	23	0.2540854290470804
32	24	0.42192012165305925
32	25	0.23694467716177314
32	26	-0.128444825448625
32	27	0.02096139578829792
32	28	0.4576867976260317
33	1	0.5791148042616996
33	2	0.7419035448177027
33	3	0.6917968484026176
33	4	0.6258372894240907
33	5	0.603861224246117
33	6	0.6054391693290313
33	7	0.5697900493006784
33	8	0.5978928509035413
33	9	0.5718216257107613
33	10	0.5889718444571344
33	11	0.6053720256245825
33	12	0.5898254600278605
33	13	0.6142802753403132
33	14	0.5565288585215953
33	15	0.5828825554009498
33	16	0.5533692332633748
33	17	0.591936968040585
33	18	0.559885090489928
33	19	0.6260609728027546
33	20	0.5655198285351517
33	21	0.5955395716284855
33	22	0.565390403519153
33	23	0.6220633737501942
33	24	0.6767127285733281
33	25	0.35384992596886633
33	26	0.21974181762966083
33	27	0.01925740357797423
33	28	-0.27895682273851463
34	1	0.3744379241517919
34	2	0.6369389659183184
34	3	0.4701330638518826
34	4	0.4435129851181543
34	5	0.456553594867799
34	6	0.4308347852116441
34	7	0.45945109740372914
34	8	0.4445439635990027
34	9	0.5063782037217095
34	10	0.5275527601222763
34	11	0.45517901119413295
34	12	0.46682683193748176
34	13	0.4864698036684558
34	14	0.4811286674702373
34	15	0.5118128777444255
34	16	0.49273549146602846
34	17	0.46945197675744055
34	18	0.524446015087932
34	19	0.48329585958838805
34	20	0.5050661951117519
34	21	0.5432456194071804
34	22	0.5767584536011228
34	23	0.7406961850144711
34	24	0.9254520277446971
34	25	0.8597830435524685
34	26	0.8672078525017568
34	27	0.7038727881933582
34	28	1.8721173283356336
35	1	0.23827351186451295
35	2	0.4798682692580414
35	3	0.3507172196756798
35	4	0.3774905906983079
35	5	0.3763771798544582
35	6	0.3280563631760458
35	7	0.3196989814834197
35	8	0.28544032468836633
35	9	0.2895079885533036
35	10	0.32126204102180367
35	11	0.2551843185440674
35	12	0.2813970980856624
35	13	0.25077685285168627
35	14	0.24996650553179478
35	15	0.24565812418480704
35	16	0.22965744274650746
35	17	0.24536831019990046
35	18	0.2251012908985217
35	19	0.26503721584154505
35	20	0.2636327419761173
35	21	0.25513114563788974
35	22	0.15197305884836965
35	23	0.044869507815889165
35	24	0.41420365918008883
35	25	-0.23219343446474028
35	26	-0.3512097070850331
35	27	-0.16094202662145562
35	28	1.7846361820309582
36	1	0.5495870641976524
36	2	0.78354860362046
36	3	0.626257266893802
36	4	0.6698622355363213
36	5	0.5955898803510848
36	6	0.5310678749437585
36	7	0.5963033625012955
36	8	0.5199011034021552
36	9	0.5966622240058683
36	10	0.5585959195640839
36	11	0.5795644616166769
36	12	0.6190085212293042
36	13	0.5331878085692239
36	14	0.5752800593560892
36	15	0.5895936507967576
36	16	0.6240867681175359
36	17	0.5867972287352572
36	18	0.5864348263272561
36	19	0.5456199922092608
36	20	0.579344348299955
36	21	0.5941434099161569
36	22	0.5975811669564806
36	23	0.7904964478853529
36	24	1.0044250268198383
36	25	0.808820686202786
36	26	0.9833972798145325
36	27	0.017509151829727898
36	28	0.7146081708264802
37	1	0.4082312626345015
37	2	0.6547670873688389
37	3	0.4666330201304021
37	4	0.5112565052602349
37	5	0.4516012262109328
37	6	0.44118203138685885
37	7	0.5043568821528126
37	8	0.4950169224664762
37	9	0.5418690438657947
37	10	0.5002563080138884
37	11	0.546020154718434
37	12	0.5880138811308555
37	13	0.5678536334898823
37	14	0.5477369134895298
37	15	0.6055668184086187
37	16	0.5856569593453216
37	17	0.5589296566540085
37	18	0.6238259491802651
37	19	0.5937556804554021
37	20	0.607001169428564
37	21	0.5529019194930243
37	22	0.5415330886768572
37	23	0.5378957477574673
37	24	0.6526827239796447
37	25	1.0491534769425215
37	26	0.9197180345315132
37	27	0.29471785861589694
37	28	0.08127483749314024
38	1	0.5282632490358523
38	2	0.6754932202377546
38	3	0.5353025775849574
38	4	0.6014078606093705
38	5	0.5661861060675051
38	6	0.571871114705857
38	7	0.5443238087363511
38	8	0.5075731146674016
38	9	0.5521275460110715
38	10	0.5419491926030986
38	11	0.4727942034981396
38	12	0.5425785273448298
38	13	0.5087143423503093
38	14	0.5426677409845269
38	15	0.5343905607681663
38	16	0.46995568923990305
38	17	0.5098167093867971
38	18	0.4499347327430101
38	19	0.5135195301933422
38	20	0.5506570338093297
38	21	0.5345843289238843
38	22	0.4992707473072002
38	23	0.77623681924144
38	24	0.8362901778263989
38	25	0.944473772406667
38	26	0.8028417242589754
38	27	1.2803788122897473
38	28	2.06958652580483
39	1	0.520736283823986
39	2	0.7078775509974022
39	3	0.5888963023886475
39	4	0.5520469272385427
39	5	0.5493468078130377
39	6	0.5642470735662215
39	7	0.5699937268697823
39	8	0.5551104392137063
39	9	0.5783203309224092
39	10	0.5033634473515818
39	11	0.5169082737783697
39	12	0.5180374381166004
39	13	0.5024769484288072
39	14	0.5098554948750902
39	15	0.4756195673706358
39	16	0.510706436703984
39	17	0.5208851469906861
39	18	0.5499881244485181
39	19	0.5168765714852697
39	20	0.47498931216611595
39	21	0.4388211166760172
39	22	0.37846634566516
39	23	0.18053425860197336
39	24	0.12021768317682557
39	25	-0.9121433400244001
39	26	-1.2922876516923196
39	27	-1.021623900548363
39	28	-1.6663442101259065
40	1	0.4749659282762906
40	2	0.6924709178734716
40	3	0.5847406640317132
40	4	0.5272823081965043
40	5	0.5906696825064586
40	6	0.505652703526259
40	7	0.6128401467043716
40	8	0.5927394964653061
40	9	0.5861430352188748
40	10	0.5276431561766515
40	11	0.5211883920723253
40	12	0.5751276901168012
40	13	0.5608844590508468
40	14	0.5313048459279415
40	15	0.5840934388086367
40	16	0.5490228889790458
40	17	0.5713931691802756
40	18	0.559632683905285
40	19	0.6011538774753404
40	20	0.6007863271436378
40	21	0.5848493369511587
40	22	0.5892372298802684
40	23	0.617432792970348
40	24	0.6789663626093372
40	25	0.02051659263553063
40	26	-0.03611748811795934
40	27	-0.6663886497151381
40	28	0.9375773585015494
41	1	0.5382660417351772
41	2	0.7377204288878474
41	3	0.5916176341136534
41	4	0.6161305028797415
41	5	0.5913952752147722
41	6	0.5400882914682938
41	7	0.5366297726198042
41	8	0.6123118533698104
41	9	0.5857457504340218
41	10	0.5465730322719864
41	11	0.5227137908599531
41	12	0.5719530384747173
41	13	0.603441041925457
41	14	0.5420221943179797
41	15	0.5240036241771833
41	16	0.5380581685826513
41	17	0.5437736945868821
41	18	0.5062429789283911
41	19	0.6000591399168727
41	20	0.5865547413343322
41	21	0.5863544346503247
41	22	0.652079080900954
41	23	0.6857521465891878
41	24	0.5557259215878929
41	25	0.09587222508459092
41	26	0.14344400878649566
41	27	-0.365482050516313
41	28	-0.9449511753000337
42	1	0.7601114592808003
42	2	0.9367381687093399
42	3	0.7598725645723761
42	4	0.8475768981281107
42	5	0.7897011239598939
42	6	0.7893664874359843
42	7	0.7108939766939457
42	8	0.754442551703427
42	9	0.6903302524067527
42	10	0.754043363643504
42	11	0.7627480561026303
42	12	0.7670204382691779
42	13	0.7503861866968649
42	14	0.7852949085113181
42	15	0.7362226767412707
42	16	0.7654855011986896
42	17	0.771798946370545
42	18	0.7791004914507553
42	19	0.8014117880983562
42	20	0.7634649067254315
42	21	0.6811961134548383
42	22	0.6429781446168406
42	23	0.6170920181789867
42	24	0.6451001045234861
42	25	0.48368762884027205
42	26	0.5397698288341388
42	27	0.9538727881933582
42	28	0.2384176946359986
43	1	0.6575115016039845
43	2	0.8431371879698588
43	3	0.7281870244182258
43	4	0.73806883882704
43	5	0.7513503473656868
43	6	0.7302294245577627
43	7	0.6763627399280168
43	8	0.7199075842327716
43	9	0.7322702439842317
43	10	0.7176161347145751
43	11	0.7012990644216188
43	12	0.6771783272340173
43	13	0.7048921447985421
43	14	0.6880714873538736
43	15	0.7300172958313311
43	16	0.6791100459557526
43	17	0.6799670399578943
43	18	0.6980193045010878
43	19	0.7393244393459639
43	20	0.6653550742501082
43	21	0.7359642116547533
43	22	0.7661323508837654
43	23	0.7987323678387312
43	24	0.916620898263389
43	25	0.16193073404967606
43	26	0.6210235424407955
43	27	0.37906362788801573
43	28	0.6072876306701147
44	1	0.701150883563713
44	2	0.9753572392290906
44	3	0.8270779841551459
44	4	0.8194364121485975
44	5	0.7843930466009397
44	6	0.8809680908393602
44	7	0.8426274431685101
44	8	0.8042908778628686
44	9	0.867412886226802
44	10	0.8469611122394198
44	11	0.8042725291199773
44	12	0.8336204642528102
44	13	0.8125761490412486
44	14	0.8742612713582787
44	15	0.8396825676313995
44	16	0.8594896135162813
44	17	0.8384730954092916
44	18	0.853552669053343
44	19	0.8922495413860361
44	20	0.8390645130810768
44	21	0.8233982711828602
44	22	0.776932547308057
44	23	0.842384758225819
44	24	1.079009887233397
44	25	1.5291913803800838
44	26	0.9999497912300583
44	27	0.8194357021006482
44	28	1.1131429693612773
45	1	0.4762614274045234
45	2	0.659005671027991
45	3	0.7025778447623665
45	4	0.6447215045132353
45	5	0.6402222067171621
45	6	0.7525400128245607
45	7	0.6440256176538952
45	8	0.49730943684764384
45	9	0.7093065316966118
45	10	0.7282030117717966
45	11	0.6624793711569765
45	12	0.7617198527951246
45	13	0.6986731752929813
45	14	0.7724398292712777
45	15	0.7941722145084427
45	16	0.7375387639224726
45	17	0.7791567059244571
45	18	0.8035835665592685
45	19	0.7781871360756938
45	20	0.8154995107677152
45	21	0.876355263759315
45	22	0.8900682969436104
45	23	1.0578747290858956
45	24	1.0044795975753686
45	25	0.6643074423087327
45	26	1.0075200868320735
45	27	0.611619267066601
45	28	-0.4506579356160998
46	1	0.5237152281340443
46	2	0.7753124197573769
46	3	0.6830535070055177
46	4	0.6522717555817508
46	5	0.6202621463333458
46	6	0.6934331499819848
46	7	0.6592612880331359
46	8	0.6589859259565287
46	9	0.706738335094407
46	10	0.6858407647817302
46	11	0.6206811916392496
46	12	0.6386975818776719
46	13	0.6588336355928348
46	14	0.7109772698996011
46	15	0.6895610928914664
46	16	0.6900641680787629
46	17	0.7195270409142509
46	18	0.6838322086352093
46	19	0.677320817781748
46	20	0.6729181281768746
46	21	0.6607653568618659
46	22	0.6496303546984379
46	23	0.6293586842454459
46	24	0.8250867493698166
46	25	0.7708971101393374
46	26	0.8157432513785139
46	27	0.8760950104155825
46	28	0.7480702042885099
47	1	0.6852586175659852
47	2	0.880292676689173
47	3	0.7897266687467877
47	4	0.7870157348366789
47	5	0.7387610683874541
47	6	0.7827288487622113
47	7	0.758372107684572
47	8	0.7743696968856781
47	9	0.7709862076436309
47	10	0.7627298501185393
47	11	0.7428364646042809
47	12	0.8139203203790615
47	13	0.7664959431783984
47	14	0.7242978636355772
47	15	0.7377505328971736
47	16	0.6980991467823827
47	17	0.7285882012953522
47	18	0.731764227072361
47	19	0.7418178465354544
47	20	0.7540326501687602
47	21	0.8291835834806633
47	22	0.6757529134693456
47	23	0.618931100779399
47	24	1.0569183933433521
47	25	1.0491304908146475
47	26	1.2814742028914523
47	27	1.6680571853564814
47	28	0.497758353976657
48	1	0.6022106190293428
48	2	0.7949724276904107
48	3	0.6158936291077026
48	4	0.6755007633861041
48	5	0.6142073605989538
48	6	0.5945523256573892
48	7	0.6484586737099676
48	8	0.6952454651651792
48	9	0.6764376720464966
48	10	0.6834117501522456
48	11	0.7357978417810642
48	12	0.7736660197845495
48	13	0.7411659205323744
48	14	0.7794206927064664
48	15	0.741001491922475
48	16	0.7281592384289013
48	17	0.7657710439121175
48	18	0.7389649516010408
48	19	0.7521043380953216
48	20	0.7368139880518143
48	21	0.6830211865881068
48	22	0.6916979180238414
48	23	0.5550512478400904
48	24	0.696406925172127
48	25	1.2907755734208308
48	26	1.3375639464811968
48	27	1.545177136019447
48	28	1.538783995002298
49	1	0.39554677603172905
49	2	0.5483917767828146
49	3	0.4281212932909355
49	4	0.45247765694630715
49	5	0.4367384838086892
49	6	0.46595383359881737
49	7	0.42024112956300286
49	8	0.4774044857782016
49	9	0.4442957426920131
49	10	0.4445312838525908
49	11	0.5217557268130335
49	12	0.5393144576642683
49	13	0.5282804085005353
49	14	0.5291194906997632
49	15	0.5479862539261973
49	16	0.5491763506774063
49	17	0.5725488392746456
49	18	0.5391104692778086
49	19	0.5450759647359575
49	20	0.6289936019263536
49	21	0.640966337675664
49	22	0.6507712447894107
49	23	0.5702605258040521
49	24	0.4256083988473165
49	25	1.1564503987821055
49	26	1.1427574693879947
49	27	1.3205394548600253
49	28	1.4818039380222459
50	1	0.7438839919522593
50	2	1.0327336527784325
50	3	0.8523073692544259
50	4	0.8956789483493139
50	5	0.8699540213387777
50	6	0.9266790501009652
50	7	0.8653910333353352
50	8	0.86321206472428
50	9	0.8927885451468498
50	10	0.8865513824077098
50	11	0.8082656327074034
50	12	0.8762487066444535
50	13	0.8751622405317718
50	14	0.8601394862260108
50	15	0.8270847933585159
50	16	0.8426469323764678
50	17	0.8858762140779888
50	18	0.8627783277119079
50	19	0.8990981314774089
50	20	0.9124403683699782
50	21	0.8806954493674155
50	22	0.8067906070238493
50	23	0.8977630595219921
50	24	0.8914487411816836
50	25	0.946181694356973
50	26	0.5142112333029019
50	27	0.5405394548600242
50	28	-1.2572533010349929
51	1	0.6309725788448617
51	2	0.8515210652094538
51	3	0.6952049345428222
51	4	0.72089573487564
51	5	0.6854953778655286
51	6	0.7250889966936285
51	7	0.7010109825045419
51	8	0.6815805497996976
51	9	0.7074117211699189
51	10	0.7117845568855117
51	11	0.6704533480837824
51	12	0.7582136998281399
51	13	0.7042425280029292
51	14	0.7231441989208065
51	15	0.7053055948501878
51	16	0.6479363423580722
51	17	0.6924605619124264
51	18	0.7200878808958535
51	19	0.7130004138326385
51	20	0.7002414236647923
51	21	0.752986333026179
51	22	0.8252159283789382
51	23	0.7450296543133419
51	24	0.8924734813368573
51	25	0.5534667842064138
51	26	0.8490076084530287
51	27	0.9615650958856676
51	28	1.1201141232074292
52	1	0.6772686694703154
52	2	0.8649189172991001
52	3	0.6816150373040202
52	4	0.7214121743610988
52	5	0.6683691574638289
52	6	0.7025698624340038
52	7	0.6626401934257302
52	8	0.6998502907368902
52	9	0.8153086177034865
52	10	0.6776499514518406
52	11	0.7252448177621886
52	12	0.7612355186812323
52	13	0.7382500008099271
52	14	0.7384328859007567
52	15	0.70714249723639
52	16	0.7214103343545233
52	17	0.7240437223840885
52	18	0.7547085238532318
52	19	0.830114030684463
52	20	0.7791441003471178
52	21	0.8209408127778346
52	22	0.7411578401908372
52	23	0.7347059729569168
52	24	0.6409820941633129
52	25	0.7946447353768136
52	26	0.8336448045670082
52	27	0.7338727881933593
52	28	1.6669891232074292
53	1	0.8421426393655977
53	2	1.0981363642935094
53	3	0.9264925274748137
53	4	0.9356474899347162
53	5	0.8919835897451804
53	6	1.0002766786204802
53	7	0.904434388788296
53	8	0.9102139818517969
53	9	0.9013645094995439
53	10	0.9041599587892861
53	11	0.8758437311422043
53	12	0.8945569198357077
53	13	0.9101749553220273
53	14	0.906275253901029
53	15	0.8747822585362641
53	16	0.84754163638992
53	17	0.8441754570316604
53	18	0.8712744728135391
53	19	0.8940300281617226
53	20	0.8919763224786621
53	21	0.8999520975084039
53	22	0.773524264364589
53	23	0.7842445857233926
53	24	0.8425402300215126
53	25	1.3880379601569004
53	26	1.2091826201286722
53	27	1.1681585024790735
53	28	1.7966187528370554
54	1	0.6133314785111565
54	2	0.8761470388920714
54	3	0.7261322679210735
54	4	0.7117007564639906
54	5	0.7200059210140637
54	6	0.7823617125638833
54	7	0.7513565172332903
54	8	0.7725964184109415
54	9	0.822604309913018
54	10	0.733015052145852
54	11	0.7006018905398363
54	12	0.7173324240980534
54	13	0.6964903720018185
54	14	0.7427307787608086
54	15	0.7470505727079768
54	16	0.6800478422360712
54	17	0.7589223943040011
54	18	0.7299938485248205
54	19	0.7468896612534976
54	20	0.7493038747832088
54	21	0.7319135848251435
54	22	0.737803067311674
54	23	0.7931320173071228
54	24	0.7570661117078856
54	25	0.06321974354763427
54	26	0.4606072245659121
54	27	-0.14954601522543953
54	28	1.6865969663446876
55	1	0.6778179443183276
55	2	0.8326978909894578
55	3	0.7315406177440877
55	4	0.7339429116975325
55	5	0.7319513662710335
55	6	0.7661142440063742
55	7	0.7275037835639608
55	8	0.7523591290074805
55	9	0.7525083884002441
55	10	0.727122450012196
55	11	0.7084919890606329
55	12	0.7119133974616219
55	13	0.7276687093023355
55	14	0.7322738277945717
55	15	0.6995954222609058
55	16	0.6801632228517107
55	17	0.7211509138483905
55	18	0.7299731799861746
55	19	0.7148766336527359
55	20	0.7131076382240664
55	21	0.7005802037256927
55	22	0.6779037575883464
55	23	0.5504772616957752
55	24	0.3608229429696763
55	25	0.1293754514943899
55	26	-0.4538199147556057
55	27	0.3700890044095786
55	28	2.124820448508636
56	1	0.6007404938658638
56	2	0.7582698234750609
56	3	0.670090321541565
56	4	0.6438974561468811
56	5	0.6320632960602666
56	6	0.6774673551572263
56	7	0.6696929398562688
56	8	0.6937753400017002
56	9	0.6928062444469276
56	10	0.6858896979032849
56	11	0.7127159999592791
56	12	0.7165428970621619
56	13	0.7244022139148498
56	14	0.7185737383383
56	15	0.7044687404375267
56	16	0.6985506234033068
56	17	0.7001108525031015
56	18	0.7195024584767253
56	19	0.7920525224704065
56	20	0.722973749180909
56	21	0.7476310196296083
56	22	0.6590645836114604
56	23	0.8654703646821105
56	24	1.0357334988183169
56	25	0.9479294069096582
56	26	1.3459594688692604
56	27	1.3347238520231457
56	28	1.3076141232074292
57	1	0.804144088075688
57	2	1.0745201610283388
57	3	0.8805427865710413
57	4	0.9492207890933457
57	5	0.8916626447404425
57	6	0.9124190979663354
57	7	0.8468024725906034
57	8	0.8831331326848115
57	9	0.9125842119567835
57	10	0.8748670407528465
57	11	0.824011112877308
57	12	0.8317430790823792
57	13	0.8505315608828425
57	14	0.8586060055586913
57	15	0.8614173507522338
57	16	0.8210592159296795
57	17	0.8313153689946589
57	18	0.8038384261750977
57	19	0.8689772551744142
57	20	0.8711941908799048
57	21	0.8277557552033699
57	22	0.8517787312464691
57	23	1.0266433894154474
57	24	1.0408383542584474
57	25	1.4360896460038575
57	26	1.1573103232927906
57	27	1.4872061215266967
57	28	1.0479415041598088
58	1	0.850622948505908
58	2	1.0386842499356703
58	3	0.9515924952541184
58	4	0.916559993460595
58	5	0.9144483504479695
58	6	0.9307224056989085
58	7	0.916815030058217
58	8	0.8993626976507585
58	9	0.9371952627614704
58	10	0.9457656867150419
58	11	0.9246449093717146
58	12	0.9359980434795716
58	13	0.9424124876402757
58	14	0.9655854857005153
58	15	0.9522031310816672
58	16	0.9199512205422451
58	17	1.0257584855319237
58	18	0.9370933058245186
58	19	1.012974847004294
58	20	0.9940336193891071
58	21	0.894839534225575
58	22	0.8658515211039557
58	23	1.0377781043651595
58	24	0.8907818693236749
58	25	0.6231970941487148
58	26	0.8121545052480599
58	27	0.9485156453362151
58	28	1.3248838600495318
59	1	0.7471053551217821
59	2	1.0091307421109263
59	3	0.8468012691526923
59	4	0.8112632005301919
59	5	0.7780965173884198
59	6	0.8805025789294518
59	7	0.8203924953677699
59	8	0.8200939406562284
59	9	0.8765706280549992
59	10	0.8550404297244611
59	11	0.8534747606375532
59	12	0.89230444500609
59	13	0.8868403651110413
59	14	0.8362802626522736
59	15	0.8777289800553234
59	16	0.875234853190058
59	17	0.8894618844413458
59	18	0.883984973482157
59	19	0.9334579663708169
59	20	0.8925068776856406
59	21	0.8297896541855181
59	22	0.7689717902863222
59	23	0.875908040232602
59	24	0.8265771210953403
59	25	1.0227038192322055
59	26	0.885424306841557
59	27	0.7729204072409814
59	28	1.012443668661973
60	1	-0.7744802983095127
60	2	-1.7970102741467429
60	3	-1.3776398565483348
60	4	-1.8402672129780697
60	5	-1.5609126429592308
60	6	-0.468613734656536
60	7	-0.36071880275422075
60	8	-0.6627742214283856
60	9	-0.7190836681815185
60	10	-0.25099092724238403
60	11	-0.12778162220856615
60	12	-0.2530791819656528
60	13	-0.21523449999819633
60	14	-0.19893547319803417
60	15	0.22914018512107504
60	16	0.23404881016297452
60	17	0.2700554409953
60	18	0.0819759238232649
60	19	0.1498970924183567
60	20	0.11427055817787846
60	21	0.28367194974153165
60	22	0.12745147779351385
60	23	0.27242339621812306
60	24	0.5921622025183737
60	25	0.7294684594821348
60	26	0.08696870838596027
60	27	0.17846295212778784
60	28	0.7469891232074275
61	1	0.6916232357075103
61	2	0.8951467636396728
61	3	0.637772295250933
61	4	0.7475596732337593
61	5	0.6372148272391911
61	6	0.47068842509062137
61	7	0.6204403634804052
61	8	0.6563183135035757
61	9	0.7048952143441198
61	10	0.49777605663896196
61	11	0.22296657870300862
61	12	0.3067903837480088
61	13	0.3857610106161147
61	14	0.46646182211679843
61	15	0.36386717243869526
61	16	0.24254938658015135
61	17	0.46629252717792724
61	18	0.3222172378082746
61	19	0.3702910883300845
61	20	0.5006798583760386
61	21	0.5508791795438768
61	22	0.42118193203251053
61	23	0.4328434780441981
61	24	0.6828717431310025
61	25	0.7653725597137182
61	26	0.37583914027965193
61	27	-0.24878207906327532
61	28	-0.5749463606635388
79	1	0.883688957351545
79	2	0.9871138668718373
79	3	0.8983192637497055
79	4	0.9359400603490826
79	5	0.8890511299791086
79	6	0.8476534984412396
79	7	0.8381930731608236
79	8	0.8995058407272509
79	9	0.8449990343274578
79	10	0.7546694286528108
79	11	0.6904086530727938
79	12	0.7376317273604371
79	13	0.7224967707856109
79	14	0.7700896221903832
79	15	0.7392296965964036
79	16	0.7229737164020733
79	17	0.7796820487602218
79	18	0.7319422798030502
79	19	0.6635773489258554
79	20	0.7103697004938354
79	21	0.711418349088909
79	22	0.607539582924268
79	23	0.7110048830043922
79	24	0.9157998639580001
79	25	0.8091246953230566
79	26	1.0512906808297586
79	27	1.345049258781593
79	28	1.861433567651872
80	1	0.5017204264943587
80	2	0.6082981416186328
80	3	0.47428940349217896
80	4	0.4740887639007809
80	5	0.46743716780635935
80	6	0.4248090481767619
80	7	0.41722374784999516
80	8	0.419013027922432
80	9	0.4659709699026351
80	10	0.3497851100273195
80	11	0.27329276696023186
80	12	0.23237685692068766
80	13	0.30989361612802924
80	14	0.3740160758779467
80	15	0.3099196288359849
80	16	0.3143108031691568
80	17	0.306825079434617
80	18	0.2833864824212924
80	19	0.23133461762814989
80	20	0.29665276669704355
80	21	0.32495746934864655
80	22	0.2646086383171564
80	23	0.29326760057760026
80	24	0.11008823494680087
80	25	0.16815738411193593
80	26	0.49607843923482164
80	27	-0.23265203450167604
80	28	0.2294891232074292
81	1	0.5477608404022618
81	2	0.675048397672569
81	3	0.5097658031986683
81	4	0.54062028688098
81	5	0.4937298078630761
81	6	0.4628667818356007
81	7	0.474364353045587
81	8	0.4907233466722545
81	9	0.48786753222108104
81	10	0.4396604479354238
81	11	0.3645658356514687
81	12	0.359482731871104
81	13	0.36360613068404035
81	14	0.4934179972092352
81	15	0.36852627621657064
81	16	0.3082971583650149
81	17	0.3436528051011436
81	18	0.3467594841319155
81	19	0.3707974356306707
81	20	0.4501950406685111
81	21	0.4024236437019013
81	22	0.39465878879923366
81	23	0.4293782576550811
81	24	0.5454960206665334
81	25	0.3875800846990245
81	26	0.4094176879778004
81	27	0.4521921159244542
81	28	-0.1871775434592351
82	1	0.5925247798577828
82	2	0.7478190175301975
82	3	0.5455153392376317
82	4	0.5835064182160323
82	5	0.5967391644285058
82	6	0.5197174954394868
82	7	0.5626375123780605
82	8	0.5181770931288554
82	9	0.5438199828120318
82	10	0.513137595452271
82	11	0.427358564820878
82	12	0.4044201404640546
82	13	0.40548681551958055
82	14	0.48613232767562664
82	15	0.4235539803488564
82	16	0.43877512087695436
82	17	0.469754254091427
82	18	0.39321255291612545
82	19	0.4147071677021188
82	20	0.40629172812970893
82	21	0.4080638548583906
82	22	0.3654584103904739
82	23	0.5072146492646752
82	24	0.995556485289427
82	25	0.7304372275561661
82	26	1.3688139464811968
82	27	1.6935553278758988
82	28	1.952703408921714
83	1	0.5200123591433581
83	2	0.6844992736931133
83	3	0.5358967615062369
83	4	0.5753926597583359
83	5	0.5241726127951054
83	6	0.5079605436711532
83	7	0.47402925277022945
83	8	0.536333809640567
83	9	0.492787298684803
83	10	0.49047174297950846
83	11	0.2899472776930523
83	12	0.35159991958558123
83	13	0.3567504379606774
83	14	0.395537747174032
83	15	0.38858170673267267
83	16	0.42876814873349645
83	17	0.47189070212189677
83	18	0.3955102849862371
83	19	0.42854163110851573
83	20	0.4474039283438245
83	21	0.28090500576146127
83	22	0.3110382617758489
83	23	0.23972381464217563
83	24	0.4109384334961632
83	25	0.5748901150941634
83	26	0.5875639464811968
83	27	0.2929705325542642
83	28	1.3654018216201251
84	1	0.48758860719078
84	2	0.6755481132447443
84	3	0.5568916577745497
84	4	0.599174816396868
84	5	0.49414950794760415
84	6	0.48725025747612705
84	7	0.42749191715445534
84	8	0.4335983545879216
84	9	0.4906626952370914
84	10	0.41951000105604663
84	11	0.26982349331377264
84	12	0.26870446571304996
84	13	0.31227992382887493
84	14	0.3687491754475971
84	15	0.2571161464368146
84	16	0.3296465304998222
84	17	0.3416653041738371
84	18	0.33198781415515555
84	19	0.3834252557795139
84	20	0.41106891789456057
84	21	0.3826395226202308
84	22	0.38536777953590473
84	23	0.19937047261650775
84	24	-0.04867614120647801
84	25	-0.8784733063543655
84	26	-0.19874557732832443
84	27	-0.7675557832352098
84	28	-1.6041973174705362
85	1	0.6064337942746079
85	2	0.7203026743946666
85	3	0.5686009798935743
85	4	0.6331774363148384
85	5	0.5663636081679897
85	6	0.5195617282959404
85	7	0.5325649206374976
85	8	0.5686787973582526
85	9	0.5481401917628901
85	10	0.531699545011854
85	11	0.3993051331199098
85	12	0.39330221284500766
85	13	0.433719082981483
85	14	0.47602241061320427
85	15	0.3850026337170718
85	16	0.4460031547908443
85	17	0.46201754802991246
85	18	0.395718136712091
85	19	0.49975489154594754
85	20	0.518496079637174
85	21	0.43912071197456726
85	22	0.45281373544109726
85	23	0.20916169285791142
85	24	0.13555648528942754
85	25	0.048294370413309196
85	26	0.1848435608062715
85	27	-0.8552181208975469
85	28	-1.1306299244116218
86	1	0.444109491744598
86	2	0.5646925635041384
86	3	0.4466531704899239
86	4	0.40211452507237055
86	5	0.4476504742453997
86	6	0.3534271794530497
86	7	0.341977558598785
86	8	0.3879283540665739
86	9	0.3505132972004432
86	10	0.3265394026860662
86	11	0.24558528455388284
86	12	0.20365556889846914
86	13	0.26339058469485366
86	14	0.27763553213724634
86	15	0.2636439489984781
86	16	0.2750886459782933
86	17	0.29827220466594895
86	18	0.25820549447119134
86	19	0.31003038033740893
86	20	0.3192704114731342
86	21	0.316010261462786
86	22	0.2704715573468661
86	23	0.2977894218264936
86	24	0.7621525782720724
86	25	0.4153156470090522
86	26	0.2480686413168769
86	27	-0.35307165625108183
86	28	-0.6859520532631578
87	1	0.45835011402449055
87	2	0.5607532686808057
87	3	0.37014415221642594
87	4	0.43574841219988514
87	5	0.4615098188486684
87	6	0.28004351465772714
87	7	0.3050970342854882
87	8	0.3738231227045006
87	9	0.33107541271512986
87	10	0.3803651121255385
87	11	0.16865330530846023
87	12	0.23921135595696086
87	13	0.2559647024452474
87	14	0.2907422155844728
87	15	0.296106554678083
87	16	0.25452122717390324
87	17	0.262569728154773
87	18	0.2617417830661424
87	19	0.16973351399352765
87	20	0.18306118873456967
87	21	0.2520831043047451
87	22	0.2527290137763387
87	23	-0.02364944726393503
87	24	-0.10096852815866697
87	25	-0.0612946706825781
87	26	-0.3858423515218732
87	27	-0.2546239438327831
87	28	-0.27895682273851463
88	1	0.46466574017858164
88	2	0.5833300861087096
88	3	0.3706128909486708
88	4	0.3787158015327421
88	5	0.40103170534178645
88	6	0.35044239055887516
88	7	0.38234779967355337
88	8	0.4487333630614856
88	9	0.3966360089420533
88	10	0.3858865047494078
88	11	0.28371303944946646
88	12	0.3062274460422145
88	13	0.3708491785614214
88	14	0.3494409793816686
88	15	0.328172108172204
88	16	0.3712328009778503
88	17	0.451670186841298
88	18	0.39845389078641347
88	19	0.41323111210061114
88	20	0.408800664100184
88	21	0.3283801888326394
88	22	0.36488501741710877
88	23	0.5949219058414101
88	24	0.6440107176242549
88	25	0.7953181799371194
88	26	0.9884785806275431
88	27	1.1819626758338089
88	28	1.1277734369329195
89	1	0.4949133839847164
89	2	0.6220151530447282
89	3	0.3698029034506547
89	4	0.45156878773467213
89	5	0.4559735095008932
89	6	0.430557304200228
89	7	0.4176241959015101
89	8	0.4004713411768819
89	9	0.4121559670233381
89	10	0.36822835042170965
89	11	0.30773210350304225
89	12	0.33385965195618894
89	13	0.3256151652761332
89	14	0.29671570227576893
89	15	0.33089639813918836
89	16	0.27054249740329084
89	17	0.35998013565414766
89	18	0.25709514298918634
89	19	0.2868461511939273
89	20	0.30543805707694816
89	21	0.2535406734632204
89	22	0.2997350388378379
89	23	0.48965430526605047
89	24	0.7092665589995022
89	25	0.8047252385805095
89	26	1.259278337083252
89	27	0.6663727881933639
89	28	1.155625486843796
90	1	0.4168923013370005
90	2	0.5484141517654635
90	3	0.35256904229483155
90	4	0.42027542581710975
90	5	0.4226147703441754
90	6	0.32586229806516087
90	7	0.3479610896918288
90	8	0.4117292806100181
90	9	0.4097613098832582
90	10	0.2978693606822418
90	11	0.2690647969233311
90	12	0.3369327396277626
90	13	0.328121566937682
90	14	0.31109209206519495
90	15	0.3018640985930361
90	16	0.3041351671802772
90	17	0.3507601019875395
90	18	0.32729086449481315
90	19	0.3456863501650389
90	20	0.37066964007129144
90	21	0.21263830298376973
90	22	0.19015783412704224
90	23	0.20300240445476447
90	24	0.23270647488792662
90	25	0.5831428552617908
90	26	0.1172208092262963
90	27	0.943813616595726
90	28	1.0225446787629835
91	1	0.32579369139216396
91	2	0.44001256541399414
91	3	0.2904411474150521
91	4	0.3753611870920537
91	5	0.3308278217985574
91	6	0.24205872075113888
91	7	0.23591572791475812
91	8	0.25940121406281946
91	9	0.1914604574393337
91	10	0.22844415740169666
91	11	0.15207485639172802
91	12	0.14279742555946484
91	13	0.11526620062603143
91	14	0.19850090248394991
91	15	0.18788906239118575
91	16	0.15610918342071045
91	17	0.18829627668956306
91	18	0.1744489412796213
91	19	0.201395153355584
91	20	0.20895100969038793
91	21	0.17014527612987962
91	22	0.27802669869511476
91	23	0.3266537445088602
91	24	0.3927021780246349
91	25	-0.0509363988174627
91	26	-0.6126771003507585
91	27	-0.7678139587945907
91	28	-2.612422641498455
92	1	0.2473803759583788
92	2	0.3498947000317756
92	3	0.2054533845231532
92	4	0.20515054830775625
92	5	0.22271316481081982
92	6	0.07899554058192138
92	7	0.11541042859993667
92	8	0.12368426741726779
92	9	0.0898002343937847
92	10	0.07918969785973928
92	11	0.026591994310102507
92	12	0.08917791385974283
92	13	0.06655653751096224
92	14	0.12190276588464855
92	15	0.06706329803115807
92	16	0.0922085236066934
92	17	0.1384384559969476
92	18	0.09434756361487473
92	19	0.11310161375100591
92	20	0.1393888621602386
92	21	0.08017343537098043
92	22	0.16134953991910095
92	23	0.41887995056163874
92	24	0.09463684808208228
92	25	0.16414802894989577
92	26	0.8066731418835005
92	27	0.9610623306770236
92	28	0.62698912320743
93	1	0.30272152293483146
93	2	0.37038762662247393
93	3	0.2737070318308312
93	4	0.30840106762354225
93	5	0.306517770735681
93	6	0.19884699841048814
93	7	0.20815535958249853
93	8	0.2341076235509547
93	9	0.21322298912350846
93	10	0.18025724750724947
93	11	0.06941025740474771
93	12	0.106326971026526
93	13	0.12222180320593878
93	14	0.11916853804932259
93	15	0.14578226725701882
93	16	0.09116528358314469
93	17	0.100103388730723
93	18	0.06905385791081642
93	19	0.0325656563509682
93	20	-0.02308751848295998
93	21	0.05125319765861036
93	22	0.0533252455273967
93	23	-0.13320270654613608
93	24	-0.33367919706100935
93	25	-0.35816821462070436
93	26	-0.6641252427079891
93	27	0.48826769265195935
93	28	1.383407033655189
94	1	0.3486399117254848
94	2	0.45663249579238396
94	3	0.3272018776234944
94	4	0.3909580858967203
94	5	0.3378528887791532
94	6	0.2635463655816608
94	7	0.29295119193032093
94	8	0.30745211590641475
94	9	0.23679057024608596
94	10	0.2608439480458884
94	11	0.1954814819226698
94	12	0.18056136436823778
94	13	0.19276407216290892
94	14	0.1937441193388878
94	15	0.22711908482294518
94	16	0.19977569901836745
94	17	0.21078019780890855
94	18	0.23541275608367584
94	19	0.19665653051997367
94	20	0.20148914491572611
94	21	0.15255187478075527
94	22	0.18452333063914494
94	23	0.15998691252698194
94	24	0.14529674502968248
94	25	0.3834336892987551
94	26	0.021392874528189054
94	27	0.37000182045142793
94	28	0.5344590027254981
95	1	-0.09903583231955082
95	2	0.07064435012019743
95	3	0.13678938591709056
95	4	0.0338242225689811
95	5	0.026436635794873098
95	6	0.12605729053260006
95	7	0.06689586156872451
95	8	-0.06286532412035228
95	9	0.03773557704638364
95	10	0.09971364700871987
95	11	-0.02213973220347043
95	12	0.059786880302581835
95	13	0.06962050896789407
95	14	0.03582332938244548
95	15	0.09258444721608328
95	16	0.029221866185210388
95	17	0.1091210026302818
95	18	0.06489451947647495
95	19	0.015260783218522533
95	20	0.09134040102861007
95	21	0.09603503769326949
95	22	0.1324548927102711
95	23	-0.05413680672362631
95	24	-0.388539900252745
95	25	-0.061237402161943066
95	26	-0.018875447458192696
95	27	0.6411339346901741
95	28	-0.40896024388117524
96	1	0.2419531144584397
96	2	0.41539422915029434
96	3	0.2558688880843647
96	4	0.30795209573144433
96	5	0.23384469018484566
96	6	0.19844204337055515
96	7	0.17805286319816815
96	8	0.19335053369368893
96	9	0.17137176608382987
96	10	0.17144130083051579
96	11	0.05161613051045322
96	12	0.05885794002608691
96	13	0.05314930116229988
96	14	0.13220004153922815
96	15	0.09003303755193315
96	16	0.021647582520458286
96	17	0.02974936747687451
96	18	-0.018865648103187027
96	19	0.018730067574800557
96	20	0.004356411701039065
96	21	-0.012337711319638345
96	22	0.0624658450578508
96	23	0.07003242931611453
96	24	-0.039019462871429766
96	25	-0.17400479856176077
96	26	-0.9577791907736994
96	27	-0.13301245770827563
96	28	-0.5580108767925722
97	1	0.07014629786819881
97	2	0.16854102069238053
97	3	-0.012665307522667035
97	4	0.04871052309685808
97	5	0.001594151771243446
97	6	-0.07801110500425779
97	7	-0.09631308754586598
97	8	-0.036055232254213365
97	9	-0.07334098188582772
97	10	-0.043294079793895435
97	11	-0.1326371035233791
97	12	-0.15280427115383333
97	13	-0.1549637037844107
97	14	-0.10147791709680831
97	15	-0.16912129279551635
97	16	-0.16352877965073986
97	17	-0.15329424757719323
97	18	-0.13638908153451723
97	19	-0.11386466692144381
97	20	-0.10984603753045974
97	21	-0.06282407972418724
97	22	-0.06719956551862794
97	23	0.006456823635247133
97	24	0.01905533937651427
97	25	0.31226085086023403
97	26	0.042305325791545556
97	27	0.1426368331371819
97	28	-0.1291273816469385
98	1	0.24993806940960184
98	2	0.3905557954999139
98	3	0.2331373767754954
98	4	0.21276926774663707
98	5	0.23609190720539175
98	6	0.1409445605795696
98	7	0.18633188168401915
98	8	0.111992478524499
98	9	0.15749699029105102
98	10	0.132160396361364
98	11	0.07550105542235741
98	12	0.10444494647749991
98	13	0.04776907715913126
98	14	0.031748194994975165
98	15	0.10808867506312936
98	16	0.10855165962967561
98	17	0.12324180849055466
98	18	0.10341889899096657
98	19	0.17851542078290095
98	20	0.12673657104296865
98	21	0.04873777229417442
98	22	0.1399169823738049
98	23	-0.05232544638164427
98	24	-0.056818881279490085
98	25	-0.5350389629200265
98	26	-0.3558884344711828
98	27	-0.15358062795570504
98	28	-0.6702201791181537
99	1	0.08510494445417294
99	2	0.27454825096474167
99	3	-0.024336355522713404
99	4	0.053270288491788165
99	5	0.03185420491245594
99	6	-0.0555310137510574
99	7	-0.004848184432660219
99	8	0.013936924999832456
99	9	-0.00226171873503489
99	10	-0.02548882297797661
99	11	0.005907825938088251
99	12	-0.001646098479696434
99	13	-0.0020078700615684397
99	14	0.0033407049633851216
99	15	-0.05069646036464093
99	16	-0.03026825057680327
99	17	-0.016452974098392303
99	18	-0.01814101864376738
99	19	0.009990716375135378
99	20	0.032033782677409306
99	21	-0.0618338074544269
99	22	-0.04378049496654057
99	23	-0.17288153380570037
99	24	-0.01629673248671537
99	25	0.511031497784586
99	26	0.740316099002726
99	27	0.29708886859537387
99	28	0.3440724565407649
100	1	-0.23710517027446798
100	2	-0.27203517599637905
100	3	-0.5031991763663584
100	4	-0.4682351659873234
100	5	-0.5229896231080176
100	6	-0.5171101727691578
100	7	-0.3986147973422618
100	8	-0.3481265217366385
100	9	-0.4145393975038161
100	10	-0.41464645424718327
100	11	-0.38300542223840495
100	12	-0.4445355425473281
100	13	-0.4064031376051389
100	14	-0.3439862660607247
100	15	-0.4520644336356696
100	16	-0.5782153424102745
100	17	-0.4348465433289235
100	18	-0.46621735826385446
100	19	-0.46719144051763095
100	20	-0.4679187547378092
100	21	-0.5504284727911113
100	22	-0.4478452385987097
100	23	-0.6654051024857637
100	24	-0.9917937763891942
100	25	-1.0840585707631618
100	26	-0.5840805962916633
100	27	-0.5084648741443019
100	28	0.558881015099324
101	1	0.029225680358855755
101	2	0.22668541382925156
101	3	0.0835059402425884
101	4	0.019443274493411877
101	5	0.021981333084958976
101	6	-0.027002568721790965
101	7	-0.07041098895610531
101	8	-0.04165178379198409
101	9	-0.01986656019843025
101	10	-0.07782943080464122
101	11	-0.09714297918058179
101	12	-0.07699800111963384
101	13	-0.12993246170467643
101	14	-0.09228286330579749
101	15	-0.13885289284460356
101	16	-0.18110539322977104
101	17	-0.11816006321058126
101	18	-0.15019729565516116
101	19	-0.1979973013234897
101	20	-0.11811038988111733
101	21	-0.1279650231197138
101	22	-0.02423719120106682
101	23	0.0935295586643079
101	24	-0.11437300610852219
101	25	0.052580084699023644
101	26	0.0034354477534606076
101	27	0.7030531160622147
101	28	0.30554334007489814
102	1	0.060634243326703086
102	2	0.18894140730677123
102	3	0.029087827130346966
102	4	0.054709969007909365
102	5	0.05493181539699776
102	6	-0.03388628995623577
102	7	-0.05689881823559517
102	8	-0.05420739297200328
102	9	-0.05366388562469382
102	10	-0.0526395995632285
102	11	-0.12420713018473606
102	12	-0.15959419089792704
102	13	-0.1283635246854189
102	14	-0.11590132996217761
102	15	-0.11297345682977067
102	16	-0.15980669836711314
102	17	-0.17418819328936763
102	18	-0.1368545672996362
102	19	-0.1537855304591318
102	20	-0.19325572075039332
102	21	-0.3080578584815967
102	22	-0.22642624504238285
102	23	-0.14452352886013387
102	24	-0.06181315015127353
102	25	0.19949197520372763
102	26	-0.06813333243036368
102	27	0.12013045690501656
102	28	0.3483078045261081
103	1	0.0381136546979306
103	2	0.14208572641197037
103	3	0.002982505461140761
103	4	0.032290952131702966
103	5	0.03470517472953816
103	6	-0.0710717875029232
103	7	-0.03300069662731886
103	8	-0.030778306926379173
103	9	-0.0904728918573241
103	10	-0.12760956708000037
103	11	-0.18775962368986399
103	12	-0.17984529955434425
103	13	-0.15116031547187703
103	14	-0.1309708486492056
103	15	-0.19022501498682232
103	16	-0.15861070207993322
103	17	-0.16225935804062175
103	18	-0.12751897119432698
103	19	-0.16895549724112868
103	20	-0.15345613909742184
103	21	-0.19589880902395151
103	22	-0.1962891760762986
103	23	-0.05700648382238427
103	24	0.10750427827410647
103	25	-0.08995777858382326
103	26	-0.16762502501818233
103	27	0.3397366625389111
103	28	-0.9059275434592351
104	1	-0.02875078389804031
104	2	0.04830485905913662
104	3	-0.09617076184967033
104	4	-0.12175539071743913
104	5	-0.13604158924083265
104	6	-0.23657122284942034
104	7	-0.24662544786813356
104	8	-0.22097411237411535
104	9	-0.28050970646980744
104	10	-0.22980876918653337
104	11	-0.2578523128832515
104	12	-0.31290513127284214
104	13	-0.32782488556144074
104	14	-0.33126022386242937
104	15	-0.33417214493344005
104	16	-0.27735180776780766
104	17	-0.35259375407981963
104	18	-0.32450872344205095
104	19	-0.33938261042992224
104	20	-0.3444857323143822
104	21	-0.43869711070602335
104	22	-0.43391731340563666
104	23	-0.24757388143932246
104	24	0.045590434742464936
104	25	0.1732943704133092
104	26	0.2886761642766871
104	27	0.07633268124148884
104	28	-0.8330108767925708
105	1	0.032303131002031193
105	2	0.09168114543078332
105	3	-0.018875336480093097
105	4	0.025447784515520766
105	5	0.03425743213092147
105	6	-0.055773614965659135
105	7	-0.05854716370509294
105	8	-0.03720426640295216
105	9	-0.03887425851289095
105	10	-0.08424921729953638
105	11	-0.11429145614578573
105	12	-0.1587242982105863
105	13	-0.13696919432057086
105	14	-0.07221211899037172
105	15	-0.12623930506557457
105	16	-0.06493729057838493
105	17	-0.1307492864037343
105	18	-0.09903914344130982
105	19	-0.09497321607845777
105	20	-0.10891854657457145
105	21	-0.15772271536842197
105	22	-0.1021100656294891
105	23	-0.11921775058599593
105	24	-0.13108915846226665
105	25	0.331443541684024
105	26	0.06056334479648484
105	27	-0.6538195194989456
105	28	-0.12189976568146221
106	1	-0.07583726976096727
106	2	0.0852761303427414
106	3	-0.1583863904695093
106	4	-0.10087300531844079
106	5	-0.05382487495588606
106	6	-0.11814389043492213
106	7	-0.09805769063518
106	8	-0.08272704944617004
106	9	-0.05883965313577022
106	10	-0.02946847873306524
106	11	-0.11131021374112038
106	12	-0.1352788682017234
106	13	-0.07980468028822685
106	14	-0.048941275915780125
106	15	-0.0734384314007741
106	16	-0.09346562672569547
106	17	-0.018877833849010983
106	18	-0.08798353647313206
106	19	-0.0891511474773381
106	20	-0.09708916004266399
106	21	-0.08801120375412808
106	22	-0.1524141757807982
106	23	-0.3341074248237348
106	24	-0.480683585319575
106	25	-0.8780982025309854
106	26	-0.7964069906481015
106	27	-0.23952822703506627
106	28	0.7823737385920424
107	1	-0.07948120083269572
107	2	0.030584863364410353
107	3	-0.09742661665553243
107	4	-0.0981162600083465
107	5	-0.10742185038650831
107	6	-0.19945729934819667
107	7	-0.17795739054032822
107	8	-0.1756006477891745
107	9	-0.1541520391253428
107	10	-0.1692799341484701
107	11	-0.16626697838077575
107	12	-0.20896774641941818
107	13	-0.19569571863919322
107	14	-0.20806558918272344
107	15	-0.18293522342761293
107	16	-0.16652052442648824
107	17	-0.2345467073346441
107	18	-0.17334573565234024
107	19	-0.21777779486460247
107	20	-0.1823899351845526
107	21	-0.211534526126556
107	22	-0.13042615452429374
107	23	-0.20069201375105905
107	24	-0.3488225159909817
107	25	-0.5187159388650429
107	26	-0.6217471245175972
107	27	-1.2608999390793656
107	28	-2.6552330990147937
108	1	-0.22120366425679805
108	2	-0.08471648019303757
108	3	-0.23615780715245194
108	4	-0.24254765874380269
108	5	-0.20192090063699197
108	6	-0.32306012171135734
108	7	-0.2551101652380652
108	8	-0.28773200726430304
108	9	-0.2871782986454221
108	10	-0.3205612883396043
108	11	-0.3299032213041997
108	12	-0.42027133991677346
108	13	-0.3774879471748278
108	14	-0.3359232565278205
108	15	-0.37558858648271354
108	16	-0.3710612251220624
108	17	-0.4130654622182277
108	18	-0.3736431935353508
108	19	-0.42971443504551843
108	20	-0.3629776170769503
108	21	-0.45058236688272046
108	22	-0.4573459375674034
108	23	-0.47349215339184525
108	24	-0.7075033816728791
108	25	-0.5377056295866893
108	26	-0.8044379692276138
108	27	-1.231841497520925
108	28	-1.9330108767925722
109	1	-0.16894511414964342
109	2	-0.06499148560193646
109	3	-0.21276470200189834
109	4	-0.1536941299018295
109	5	-0.1722766275794143
109	6	-0.270322221451579
109	7	-0.22191809112543837
109	8	-0.24954845155610883
109	9	-0.2287449218710904
109	10	-0.2699393608119962
109	11	-0.3407863609850281
109	12	-0.3522866284509121
109	13	-0.3734757871793164
109	14	-0.3351805547905684
109	15	-0.31163837661020466
109	16	-0.2793008198133009
109	17	-0.2967050698139815
109	18	-0.36745964861298575
109	19	-0.3047107430408147
109	20	-0.3385671297830015
109	21	-0.4462110611706507
109	22	-0.42392062438823785
109	23	-0.3937697361416781
109	24	-0.6279378328923926
109	25	0.15794349322032986
109	26	0.4071777676194088
109	27	0.28109172310460195
109	28	0.27674522076840447
110	1	-0.1353853482936529
110	2	-0.03217020810269133
110	3	-0.24174938115874767
110	4	-0.19025845382205375
110	5	-0.1849994905727428
110	6	-0.2939345567445315
110	7	-0.3198983535099913
110	8	-0.26874389335304727
110	9	-0.3106135293377932
110	10	-0.3173864361895369
110	11	-0.29671250941694893
110	12	-0.38335678497701764
110	13	-0.31522395516860513
110	14	-0.37423933586136826
110	15	-0.38206900290247603
110	16	-0.33571376326095503
110	17	-0.32130410188268144
110	18	-0.3962921336998093
110	19	-0.4171378161702961
110	20	-0.379243346501525
110	21	-0.337437770788128
110	22	-0.36714508546758395
110	23	-0.22340480226047532
110	24	-0.019926920193981346
110	25	-0.021334276801546537
110	26	0.19056511198236592
110	27	0.3102830446036151
110	28	0.15772986394816968
111	1	-0.19150954280416954
111	2	-0.05039764747153441
111	3	-0.15674197005416346
111	4	-0.21924923059352608
111	5	-0.21100291647721292
111	6	-0.2950413588510159
111	7	-0.2955081575310956
111	8	-0.26469398223512997
111	9	-0.24761716470553097
111	10	-0.2642647824656805
111	11	-0.3176684340567206
111	12	-0.30999213960895133
111	13	-0.28052785752697673
111	14	-0.2913920241781014
111	15	-0.27876586796431724
111	16	-0.2740785212309049
111	17	-0.24057007832601585
111	18	-0.27901980928341175
111	19	-0.3104684113970322
111	20	-0.2688508871215589
111	21	-0.32196554312135817
111	22	-0.24553873866342713
111	23	-0.6433415796694533
111	24	-0.504736342901495
111	25	-0.18402886190992263
111	26	-0.20180338908178896
111	27	0.025853464521865988
111	28	-0.5977167591455128
112	1	-0.13863151293919884
112	2	-0.08965823210574086
112	3	-0.17722835610291554
112	4	-0.20329132749520085
112	5	-0.2224735761678076
112	6	-0.29817298066956255
112	7	-0.24653688348248437
112	8	-0.23244929730280006
112	9	-0.27110591651702975
112	10	-0.2902498977330126
112	11	-0.27386396120004264
112	12	-0.3225577912139528
112	13	-0.316415841654063
112	14	-0.293285951500323
112	15	-0.24960670550036212
112	16	-0.254403108936593
112	17	-0.3030670118298531
112	18	-0.260113242141351
112	19	-0.2680411297805634
112	20	-0.2359282798764113
112	21	-0.312578268801623
112	22	-0.3644117865175076
112	23	-0.6119764080033789
112	24	-0.40157657484271425
112	25	-0.40504824797109507
112	26	-0.17225406118163278
112	27	0.08569097001154091
112	28	-0.2761926949743909
113	1	-0.2591686417503567
113	2	-0.19290511075833905
113	3	-0.29292162747314165
113	4	-0.322438639518964
113	5	-0.32559910792882363
113	6	-0.47881875318298484
113	7	-0.4204218080815707
113	8	-0.335330087760795
113	9	-0.38282075232468316
113	10	-0.4051442498343647
113	11	-0.43045237816914295
113	12	-0.48524248964984906
113	13	-0.4839781189294783
113	14	-0.41599732703075176
113	15	-0.45169609087846396
113	16	-0.36256552911844153
113	17	-0.39816231693261983
113	18	-0.4295283833203456
113	19	-0.3505951195895207
113	20	-0.3613935198400924
113	21	-0.4798301993936249
113	22	-0.33735213021503796
113	23	-0.4266001177837211
113	24	-0.5536779644713405
113	25	-0.6622654260243479
113	26	-1.0646796432623873
113	27	-0.8053108852760289
113	28	-0.8330108767925708
114	1	-0.24238840223309666
114	2	-0.15205895801666003
114	3	-0.3493354657525032
114	4	-0.2762391478569626
114	5	-0.3259510946392723
114	6	-0.44595479610309496
114	7	-0.4024495497979643
114	8	-0.3675959130743536
114	9	-0.35119863091731673
114	10	-0.3919716711109871
114	11	-0.444682057869052
114	12	-0.49240596958819083
114	13	-0.49799770839232593
114	14	-0.42385592085355484
114	15	-0.5027136595139439
114	16	-0.4396562201537577
114	17	-0.45046384001129525
114	18	-0.45157809231578483
114	19	-0.4840858438807558
114	20	-0.4222633523361736
114	21	-0.43136524189392844
114	22	-0.3956566138977209
114	23	-0.37813547510396006
114	24	-0.16029975149704256
114	25	0.2149610370799735
114	26	0.6790079668374318
114	27	0.6314008780810028
114	28	0.46268804793861307
115	1	-0.3444331446611102
115	2	-0.24559636205454183
115	3	-0.354312854953605
115	4	-0.41594743482116314
115	5	-0.37144233118838343
115	6	-0.4518761324509768
115	7	-0.418547805306126
115	8	-0.4327718261755038
115	9	-0.4236708647829488
115	10	-0.45528777980678825
115	11	-0.48123766832416237
115	12	-0.5107587382570955
115	13	-0.5078591526267289
115	14	-0.4529554738547006
115	15	-0.47886278622258516
115	16	-0.5425386133211845
115	17	-0.5532984330319195
115	18	-0.5293184351510973
115	19	-0.5170551726436798
115	20	-0.5225757229488792
115	21	-0.510878460297576
115	22	-0.4767237783196592
115	23	-0.422464306518485
115	24	-0.38505070602671765
115	25	-0.5128167406978008
115	26	-0.35361685446108737
115	27	-0.9450855451399747
115	28	-1.6254637069812503
116	1	-0.6429353238476594
116	2	-0.6643382514720955
116	3	-0.5022919190248771
116	4	-0.628777601579948
116	5	-0.6028385563433787
116	6	-0.5747834444447477
116	7	-0.543812832564484
116	8	-0.6916098959675594
116	9	-0.5940800705221747
116	10	-0.5638048583191733
116	11	-0.5872698092122093
116	12	-0.550180886511427
116	13	-0.6267207317427008
116	14	-0.5859523199730816
116	15	-0.4755619326762073
116	16	-0.483691948024358
116	17	-0.5234794714063824
116	18	-0.49304686470507164
116	19	-0.5470320683764598
116	20	-0.5630406525799785
116	21	-0.4032244896160435
116	22	-0.3368698910475061
116	23	-0.46276255347886774
116	24	-1.0993674143403567
116	25	-1.0795682250065397
116	26	-0.9761097624389876
116	27	-0.19639459148578453
116	28	-0.6368083451470028
117	1	-0.4967881394622182
117	2	-0.4312333745675758
117	3	-0.5338536500881759
117	4	-0.608581067563172
117	5	-0.5428558693344527
117	6	-0.6414536355779603
117	7	-0.70529758889802
117	8	-0.6607277530513329
117	9	-0.6847188369791652
117	10	-0.6631345789475134
117	11	-0.7388428591378684
117	12	-0.7105236015816985
117	13	-0.7474799569863464
117	14	-0.7249435377757933
117	15	-0.7899725921083345
117	16	-0.7726151043210763
117	17	-0.7596563012463449
117	18	-0.7473196562760407
117	19	-0.802773689581386
117	20	-0.7366855920822317
117	21	-0.7880319527944835
117	22	-0.670959794414216
117	23	-0.7090156210634575
117	24	-0.3450340920164834
117	25	-0.37328739902368824
117	26	-0.317861712991224
117	27	-0.7124638454700047
117	28	-0.9393938555159735
118	1	-0.425465456409043
118	2	-0.39650813078382185
118	3	-0.5139769406824826
118	4	-0.47961185928922845
118	5	-0.5028665750574817
118	6	-0.6218471813368609
118	7	-0.5656319247484944
118	8	-0.49725610641164053
118	9	-0.549628909097784
118	10	-0.5964422363436341
118	11	-0.5617608466540034
118	12	-0.6604565419621125
118	13	-0.628203691904659
118	14	-0.5898555977708639
118	15	-0.6128811972317578
118	16	-0.5679545519910434
118	17	-0.5443554337447409
118	18	-0.6140890130125101
118	19	-0.6705587734992449
118	20	-0.7059574692971538
118	21	-0.7572401930949155
118	22	-0.6720630324962187
118	23	-0.7944238828037484
118	24	-0.7545582543398766
118	25	-0.6992666051964491
118	26	-0.5893151384861213
118	27	-0.5698715040440803
118	28	-0.3243901871373964
119	1	-0.44137111306538657
119	2	-0.32395946072606563
119	3	-0.40361248547640827
119	4	-0.46694278275658974
119	5	-0.46842548930077754
119	6	-0.5998385774433004
119	7	-0.5653310579657571
119	8	-0.524999088921092
119	9	-0.5820149879986118
119	10	-0.6178735375919473
119	11	-0.6131233421619982
119	12	-0.6990671495143701
119	13	-0.6059346544013522
119	14	-0.621946541758696
119	15	-0.6619178315470009
119	16	-0.6305525834076278
119	17	-0.7378102755753986
119	18	-0.6683253181552189
119	19	-0.7002710752841566
119	20	-0.6713237853434393
119	21	-0.7184587316024746
119	22	-0.6076111942789311
119	23	-0.3987897834484997
119	24	-0.4083471176692939
119	25	-0.15581190977992776
119	26	0.1441115655288172
119	27	-0.41904387847330327
119	28	-0.44880035047678035
120	1	-0.6677389172706043
120	2	-0.6156696316655044
120	3	-0.7980373045985658
120	4	-0.7459973311960653
120	5	-0.7362863026210391
120	6	-0.9622814964079751
120	7	-0.8336982134511928
120	8	-0.8382759107664555
120	9	-0.8959795811441396
120	10	-0.8480447344187425
120	11	-0.8091664833552414
120	12	-0.8481887706825191
120	13	-0.8702050883923818
120	14	-0.7971484720171915
120	15	-0.9016613881023332
120	16	-0.8534250373244419
120	17	-0.896063922061316
120	18	-0.9050920836548428
120	19	-0.9043308511672947
120	20	-0.9202361327816106
120	21	-0.9434869844497129
120	22	-0.7840569242404385
120	23	-0.531680401286323
120	24	-0.3038635100205127
120	25	-0.0693526884102198
120	26	-0.25523908382183436
120	27	-0.5891178660122449
120	28	-0.34321495842522154
>>END_MODULE
>>Per sequence quality scores	pass
#Quality	Count
2	258155.0
3	5990.0
4	2573.0
5	3030.0
6	4329.0
7	7503.0
8	6220.0
9	4153.0
10	4544.0
11	5944.0
12	7396.0
13	8972.0
14	10551.0
15	12071.0
16	12482.0
17	14068.0
18	17332.0
19	22764.0
20	29064.0
21	34183.0
22	38962.0
23	44152.0
24	48657.0
25	50795.0
26	48381.0
27	48746.0
28	53393.0
29	60102.0
30	67419.0
31	77666.0
32	91814.0
33	112668.0
34	145845.0
35	214960.0
36	357211.0
37	642341.0
38	1325177.0
39	3802487.0
40	976002.0
>>END_MODULE
>>Per base sequence content	fail
#Base	G	A	T	C
1	4.619763358008867	28.151021064989102	57.4725948807137	9.75662069628833
2	30.252619311363425	32.77419689836611	17.769558294101355	19.203625496169114
3	17.83301467811482	28.914587456250928	19.697974546686975	33.55442331894727
4	29.621472852933074	36.79960193973715	14.665278034330854	18.91364717299892
5	25.648972551832188	34.42654857018274	30.55419261031963	9.370286267665442
6	27.848604204998306	15.238817801267812	41.0080846028411	15.904493390892776
7	18.50467994038328	28.586976737540077	17.705300075984358	35.20304324609229
8	23.132131887825242	38.246692652379515	18.378373519924057	20.242801939871182
9	14.47698911592172	37.60443111380859	36.76906286626007	11.149516904009626
10	25.77671190051174	24.85601380672634	21.14961024253151	28.21766405023041
11	36.279532252289876	7.456093196469225	21.216356535309526	35.04801801593137
12	17.480943387312184	17.35535123512201	31.530624826430703	33.6330805511351
13	21.121655920456302	19.555172112598868	39.01050668015042	20.31266528679441
14	32.20442577028876	30.260890046920085	26.813058434212607	10.721625748578552
15	44.167737229945466	22.680523708875327	21.96365932321345	11.188079737965758
16	16.836194094268315	15.078018343075112	31.463633658489478	36.62215390416711
17	25.626681533221817	28.467386609867702	34.098359408957634	11.807572447952845
18	35.975190880408476	17.616312007983673	25.848964469339425	20.559532642268426
19	30.339415353764675	17.365734439031904	32.1850724878872	20.10977771931622
20	50.587962268776174	16.351126106928362	25.14596553270996	7.914946091585509
21	18.282575823999604	22.31523186176805	31.12020147462429	28.28199083960805
22	32.25958245790137	9.966415899192668	48.101077833830466	9.672923809075497
23	12.323135187757476	24.903578650773863	39.91812198992453	22.855164171544125
24	13.948585977496098	19.494009699884806	51.90354448026855	14.653859842350547
25	18.799470154911834	21.074912897125678	25.16764168783392	34.95797526012856
26	13.200880491905812	21.09566008463769	27.337080568258433	38.36637885519807
27	12.912430149370602	24.334713538268062	27.33517624307426	35.41768006928708
28	10.964836520666257	37.47439851943245	16.768661320172733	34.79210363972856
>>END_MODULE
>>Per sequence GC content	warn
#GC Content	Count
0	24.0
1	24.0
2	21.5
3	21.0
4	23.0
5	23.0
6	25.0
7	35.0
8	58.0
9	87.0
10	104.0
11	135.0
12	210.5
13	290.5
14	347.5
15	458.0
16	674.0
17	1001.0
18	1531.5
19	2173.5
20	7347.0
21	13754.5
22	15380.0
23	14660.0
24	14778.0
25	29126.5
26	50713.0
27	59285.0
28	74780.0
29	93948.5
30	224195.0
31	437531.5
32	529614.0
33	666814.5
34	923540.5
35	1049055.0
36	1101991.0
37	1074712.0
38	1016473.5
39	1107916.5
40	1201080.5
41	1242305.0
42	1258123.0
43	1584559.5
44	1929099.5
45	2092458.0
46	2491675.5
47	2741855.0
48	2366406.0
49	1991948.0
50	1612734.5
51	1233521.0
52	1038708.5
53	810166.0
54	723917.5
55	627914.5
56	553369.0
57	554409.5
58	585553.5
59	542014.0
60	502869.5
61	447742.5
62	410360.5
63	405844.0
64	350333.5
65	317761.0
66	264532.5
67	205132.5
68	158302.5
69	113690.0
70	101114.0
71	77775.5
72	59173.5
73	56755.5
74	43420.0
75	28731.5
76	23519.5
77	20219.5
78	19089.5
79	21072.0
80	21576.5
81	21503.5
82	23405.0
83	22211.0
84	20458.0
85	15017.0
86	7312.0
87	4097.0
88	3234.5
89	2754.0
90	2517.0
91	2068.0
92	1501.5
93	1032.0
94	745.0
95	678.0
96	672.0
97	538.5
98	271.5
99	138.0
100	138.0
>>END_MODULE
>>Per base N content	pass
#Base	N-Count
1	1.0383376457202278
2	0.13484515392881993
3	0.005634872694513155
4	2.1894188383588946E-4
5	0.0
6	1.1523257043994182E-5
7	0.0
8	0.0
9	1.4980234157192438E-4
10	1.4980234157192438E-4
11	5.761628521997091E-5
12	1.3827908452793017E-4
13	4.609302817597673E-5
14	0.0017861048418190983
15	0.022862141975284456
16	0.011984187325753948
17	1.1523257043994182E-4
18	8.29656473625754E-5
19	6.056096654333628E-5
20	0.0
21	0.0
22	0.0
23	3.957369631382891E-5
24	0.026527600283803215
25	0.002950052658439953
26	0.0
27	0.0
28	0.0
>>END_MODULE
>>Sequence Length Distribution	warn
#Length	Count
17	240875.0
18	181084.0
19	219828.0
20	702786.0
21	1300317.0
22	3506281.0
23	1576977.0
24	610977.0
25	92751.0
26	77652.0
27	87524.0
28	81050.0
>>END_MODULE
>>Sequence Duplication Levels	fail
#Total Deduplicated Percentage	5.513943049289063
#Duplication Level	Percentage of deduplicated	Percentage of total
1	81.01444930788148	4.467090596531742
2	7.5905532326858625	0.8370775647525367
3	2.932983640208703	0.48516914269821926
4	1.5730373790041405	0.34694554088927065
5	1.0149870459497465	0.2798290383566522
6	0.7010826993015462	0.2319438046074345
7	0.5252295388787389	0.2027260035627205
8	0.4190759555619354	0.18486087618359248
9	0.312000812320291	0.15483192394194087
>10	2.7438039606686697	3.136473654573345
>50	0.45360252541640533	1.7747500981038782
>100	0.49385470626086314	5.737233052257892
>500	0.08820302465754126	3.4100595465137906
>1k	0.09457666979596499	11.046345080470529
>5k	0.01973773978350574	7.837274725006325
>10k+	0.022821761624678513	59.86738935155016
>>END_MODULE
>>Overrepresented sequences	fail
#Sequence	Count	Percentage	Possible Source
AAGCTGCCAGTTGAAGAACTGT	446500	5.145134270143402	No Hit
AACATTCAACGCTGTCGGTGAGT	414595	4.777484754154767	No Hit
TTCAAGTAATCCAGGATAGGCT	320261	3.690449824166621	No Hit
AACATTCAACGCTGTCGGTGAG	282710	3.2577399989075952	No Hit
TGAGGTAGTAGGTTGTATAGTT	225799	2.6019399172768423	No Hit
TGAGGTAGTAGATTGTATAGTT	184305	2.1237938894933475	No Hit
TCGGATCCGTCTGAGCTTGGCT	161460	1.8605450823233005	No Hit
TCTTTGGTTATCTAGCTGTATGA	159893	1.8424881385353618	No Hit
TGAGATGAAGCACTGTAGCT	153154	1.764832909315885	No Hit
TTCACAGTGGCTAAGTTCTG	147970	1.7050963447998193	No Hit
TGAGATGAAGCACTGTAGCTC	93259	1.0746474286658534	No Hit
TCACAGTGAACCGGTCTCTTT	90090	1.0381302270934358	No Hit
TGAGATGAAGCACTGTAGCTCT	89689	1.0335094010187942	No Hit
TGTAAACATCCTCGACTGGAAGCT	88582	1.0207531554710927	No Hit
TATTGCACTCGTCCCGGCCTCC	79470	0.9157532372862176	No Hit
TGAGGTAGTAGTTTGTACAGTT	73938	0.8520065793188418	No Hit
TGTAAACATCCTTGACTGGAAGCT	69448	0.8002671551913079	No Hit
AACATTCAACGCTGTCGGTGA	66365	0.7647409537246739	No Hit
CAACGGAATCCCAAAAGCAGCTG	64575	0.7441143236159243	No Hit
TTCACAGTGGCTAAGTTCTGC	61861	0.7128402039985241	No Hit
CCTGTCTGAGCGTCGCT	61627	0.7101437618502295	No Hit
TCTTTGGTTATCTAGCTGTATG	58073	0.6691901063158742	No Hit
TGTAAACATCCCCGACTGGAAGCT	55880	0.643919603618395	No Hit
TGAGGTAGTAGGTTGTATGGTT	53585	0.6174737287024282	No Hit
TCTTTGGTTATCTAGCTGTAT	52308	0.6027585294572477	No Hit
TGAGGTAGTAGGTTGTATAGT	48702	0.5612056645566047	No Hit
AGCAGCATTGTACAGGGCTATGA	47734	0.5500511517380182	No Hit
TGTAAACATCCTCGACTGGA	45189	0.5207244625610531	No Hit
TGAGACCTCTGGGTTCTGAGCT	44862	0.516956357507667	No Hit
AATATAACACAGATGGCCTGT	42255	0.48691522639397417	No Hit
TGAGGTAGTAGATTGTATAGT	41671	0.48018564428028154	No Hit
AGCTGGTGTTGTGAATCAGGCCG	38639	0.4452471289228912	No Hit
TGAGATGAAGCACTGTAGCTCA	37535	0.4325254531463216	No Hit
TGAGGTAGTAGGTTGTGTGGTT	36435	0.41984987039792804	No Hit
CATTATTACTTTTGGTACGCG	35527	0.4093867530019813	No Hit
TCGAGGAGCTCACAGTCTAGT	34186	0.3939340653059851	No Hit
TGAGGTAGTAAGTTGTATTGTT	33742	0.3888177391784517	No Hit
TCGGATCCGTCTGAGCTTGGCTT	33314	0.3838857851636222	No Hit
TATTGCACTTGTCCCGGCCTGT	30697	0.3537294214794894	No Hit
TGTAAACATCCTACACTCTCAGCT	29923	0.34481042052743793	No Hit
AGCTACATCTGGCTACTGGGTCTC	29572	0.340765757304996	No Hit
TTCAAGTAATCCAGGATAGGCA	29481	0.33971714091399247	No Hit
TCCCTGAGACCCTAACTTGTGA	28367	0.32688023256698295	No Hit
TGAGGTAGTAGTTTGTGCTGTT	26369	0.3038567649930826	No Hit
TCACAGTGAACCGGTCTCTT	25348	0.2920915195511645	No Hit
AACATTCAACCTGTCGGTGAGTT	25179	0.29014408911072953	No Hit
CGCCTGTCTGAGCGTCGCT	24891	0.2868253910820592	No Hit
AACATTCAACGCTGTCGGTGAGA	23720	0.273331657083542	No Hit
TAGCACCATCTGAAATCGGTT	23568	0.2715801220128549	No Hit
ATAGGCGATAGAAATTGAAACCT	23489	0.2706697847063793	No Hit
AACATTCAACCTGTCGGTGAGT	23084	0.2660028656035617	No Hit
TGAGGTAGGAGGTTGTATAGTT	22197	0.2557817366055389	No Hit
GTACAGTACTGTGATAACTGA	21429	0.24693187519575135	No Hit
TATACAAGGGCAAGCTCTCTGT	21389	0.24647094491399157	No Hit
AACATTCAACGCTGTCGGTGAGTT	21285	0.24527252618141618	No Hit
AGCTACATTGTCTGCTGGGTTT	20460	0.23576583912012097	No Hit
CATCATCGTCTCAAATGAGTCT	20179	0.2325278038907586	No Hit
TAGTAGACCGTATAGCGTACG	19842	0.22864446626693255	No Hit
CGCGACCTCAGATCAGA	19381	0.22333224476965124	No Hit
TCCAGCATCAGTGATTTTGTT	19026	0.2192414885190333	No Hit
TTCAAGTAATCCAGGATAGGC	18860	0.21732862784973028	No Hit
TTATAAAGCAATGAGACTGATT	18523	0.21344529022590425	No Hit
TGTAAACATCCTCGACTGGAA	18233	0.21010354568314593	No Hit
TTCAAGTAATCCAGGATAGGCG	17616	0.20299369608700152	No Hit
TCGGATCCGTCTGAGCTTGGC	17575	0.20252124254819776	No Hit
TGTAAACATCCTACACTCAGCT	17366	0.20011288182600295	No Hit
TTCAAGTAATCCAGGATAGGCTT	16814	0.1937520439377182	No Hit
AACATTCATTGCTGTCGGTGGG	16808	0.19368290439545421	No Hit
TTCAAGTAATTCAGGATAGGTT	16709	0.1925421019480988	No Hit
ATAGTAGACCGTATAGCGTACG	16318	0.18803650844389708	No Hit
TATTGCACTCGTCCCGGCCTC	16080	0.18529397326742644	No Hit
AGCTACATTGTCTGCTGGGTTTC	15911	0.18334654282699145	No Hit
AACATTCATTGCTGTCGGTGGGT	15530	0.17895618189322965	No Hit
TCACAGTGAACCGGTCTCTTTT	15353	0.17691656539644268	No Hit
TAGCTTATCAGACTGATGTTGA	15304	0.17635192580128695	No Hit
TAGCACCATCTGAAATCGGTTA	14943	0.17219203000840505	No Hit
GCTAAATTTGACTGGCTT	14397	0.16590033166238424	No Hit
TCGGATCCGTCTGAGCTTGGCTTT	14390	0.16581966886307628	No Hit
TAGCAGCACGTAAATATTGGCG	14250	0.16420641287691712	No Hit
TTCCCTTTGTCATCCTATGCCT	14166	0.16323845928522157	No Hit
TATTGCACTTGTCCCGGCCTGTAA	14055	0.1619593777533382	No Hit
AGCAGCATTGTACAGGGCTATGT	14050	0.16190176146811827	No Hit
TCGGATCCGTCTGAGCTTGGCA	14019	0.16154454049975445	No Hit
GTACAGTACTGTGATAACT	13349	0.15382395828027834	No Hit
TCTTTGGTTATCTAGCTGTATGT	13300	0.15325931868512263	No Hit
TACAGTACTGTGATAACTGACT	12762	0.14705980639545374	No Hit
TCCCTGAGACCCTTTAACCTGT	12667	0.1459650969762743	No Hit
TCGAGGAGCTCACAGTCTAGTA	12620	0.14542350389520659	No Hit
TTCACAGTGGCTAAGTTCTGCT	12283	0.14154016627138055	No Hit
TCGGATCCGTCTGAGCTTGGCTAT	11847	0.13651602620019906	No Hit
TGTAAACATCCCCGACTGGAAGC	11242	0.1295444556885826	No Hit
CTAGACTGAAGCTCCTTGAGGA	11215	0.12923332774839477	No Hit
GTACAGTACTGTGATAACTGAA	11167	0.12868021141028305	No Hit
TAAGGCACGCGGTGAATGCC	10965	0.1263525134873962	No Hit
TGAGGTAGTAGGTTGTGTGGTTT	10696	0.12325275734256178	No Hit
AGCAGCATTGTACAGGGCTATG	10584	0.12196215255363442	No Hit
TCGACCGGACCTCGACCGGCT	10576	0.12186996649728248	No Hit
TTTTTCCAAGGACACCA	10538	0.12143208272961069	No Hit
GTGGTTGTAGTCCGTGCGAGAATACCA	10445	0.12036041982451923	No Hit
AACATTCAACGCTGTCGGTG	10434	0.1202336639970353	No Hit
TCGGATCCGTCTGAGCTTGG	10432	0.1202106174829473	No Hit
TCCAGCATCAGTGATTTTGTTG	10419	0.12006081514137538	No Hit
TGAGATGAAGCACTGTAGCA	10414	0.1200031988561554	No Hit
TTGCATAGTCACAAAAGTGATC	10330	0.11903524526445991	No Hit
TATTGCACTCGTCCCGGCCTCA	10323	0.11895458246515193	No Hit
TTAATATCGGACAACCATTGT	10298	0.11866650103905209	No Hit
TCAGTGCACTACAGAACTTTGT	10183	0.11734132647899274	No Hit
TACAGTACTGTGATAACTGAAG	10138	0.11682277991201304	No Hit
TCGGATCCGTCTGAGCTTGGCTA	10120	0.11661536128522113	No Hit
CACCCGTAGAACCGACCTTGCG	10089	0.1162581403168573	No Hit
TCGACACAAGGGTTTGT	10056	0.11587787283440551	No Hit
TGTAAACATCCTCGACTGGAAGC	9997	0.11519800066880984	No Hit
TAGCTTATCAGACTGATGTTGAC	9902	0.1141032912496304	No Hit
TGAGATGAAGCACTGTAGCTT	9822	0.11318143068611086	No Hit
AGAGGTAGTAGGTTGCATAGTT	9791	0.11282420971774702	No Hit
TCACAGTGAACCGGTCTCTTTC	9689	0.11164883749925963	No Hit
AACATTCAACGCTGTCGGTGG	9660	0.11131466304498379	No Hit
TAGCACCATTTGAAATCAGTGTT	9597	0.11058869785121217	No Hit
TGAGGTAGTAGATTGTATAGTTA	9491	0.10936723260454878	No Hit
AGCTGGTGTTGTGAATCAGGCCA	9434	0.10871040695304111	No Hit
TGAGGTAGTAGTTTGTACAGT	9390	0.10820338364310537	No Hit
TCCCTGAGACCCTTTAACCTGTGA	9377	0.10805358130153345	No Hit
TGAGGTAGTAGGTTGTATAGTTA	9211	0.10614072063223041	No Hit
TAAGGCACGCGGTGAATGCCA	9192	0.10592177874839451	No Hit
TCACAGTGAACCGGTCTCT	9066	0.10446984836085126	No Hit
TCCCTGAGACCCTAACTTGTGAA	8945	0.10307553425852796	No Hit
AGCAGCATTGTACAGGGCTAT	8875	0.10226890626544836	No Hit
TACAGTACTGTGATAACTGAA	8755	0.10088611542016906	No Hit
AACCCGTAGATCCGAACTTGTG	8695	0.10019471999752941	No Hit
>>END_MODULE
>>Adapter Content	pass
#Position	Illumina Universal Adapter	Illumina Small RNA 3' Adapter	Illumina Small RNA 5' Adapter	Nextera Transposase Sequence	SOLID Small RNA Adapter
1	0.0	0.0	0.0	0.0	0.0
2	0.0	0.0	0.0	0.0	0.0
3	0.0	0.0	0.0	0.0	0.0
4	0.0	0.0	0.0	0.0	0.0
5	0.0	0.0	0.0	0.0	0.0
6	0.0	0.0	0.0	0.0	0.0
7	0.0	0.0	0.0	0.0	0.0
8	0.0	0.0	0.0	0.0	0.0
9	0.0	0.0	0.0	0.0	0.0
10	0.0	0.0	0.0	0.0	0.0
11	0.0	0.0	0.0	0.0	0.0
12	0.0	0.0	0.0	0.0	0.0
13	0.0	0.0	0.0	0.0	0.0
14	0.0	0.0	0.0	0.0	0.0
15	0.0	0.0	0.0	0.0	0.0
16	0.0	0.0	0.0	0.0	0.0
>>END_MODULE
>>Kmer Content	warn
#Sequence	Count	PValue	Obs/Exp Max	Max Obs/Exp Position
ATGTGTA	5	0.002851091	1694.2228	22
CCTACGC	5	0.002851091	1694.2228	22
TTCGCAT	5	0.002851091	1694.2228	22
GCGACCA	65	0.0	1563.8978	22
GCACCCA	240	0.0	1447.1484	22
TCTGATA	600	0.0	1355.378	22
GGAATAA	210	0.0	1169.8204	22
GCGGACA	15	1.5112753E-5	1129.4817	22
CCTGACC	480	0.0	917.7039	22
TAGTCTT	150	0.0	903.5854	22
TAGTCTA	95	0.0	891.6961	22
GAGGCAA	20	3.5807003E-5	847.1114	22
TATGAAC	70	0.0	847.1113	22
ATTCCTG	100	0.0	847.1113	22
GCGACCC	530	0.0	831.1281	22
ATGGCCA	155	0.0	819.78516	22
TCGGAGG	145	0.0	759.47906	22
GCCAAAT	45	5.711627E-10	752.98785	22
GGCGACC	440	0.0	746.2254	21
AGCACCC	325	0.0	673.5162	21
>>END_MODULE
