##FastQC	0.11.5
>>Basic Statistics	pass
#Measure	Value
Filename	ct4
File type	Conventional base calls
Encoding	Illumina 1.5
Total Sequences	6514309
Sequences flagged as poor quality	0
Sequence length	17-28
%GC	47
>>END_MODULE
>>Per base sequence quality	pass
#Base	Mean	Median	Lower Quartile	Upper Quartile	10th Percentile	90th Percentile
1	36.93486661440223	40.0	38.0	40.0	33.0	40.0
2	36.90048399607694	40.0	38.0	40.0	32.0	40.0
3	36.90230230098081	40.0	38.0	40.0	32.0	40.0
4	36.780720718037784	40.0	38.0	40.0	31.0	40.0
5	36.86915818700034	40.0	38.0	40.0	32.0	40.0
6	36.802262373491956	40.0	38.0	40.0	32.0	40.0
7	36.92588730439407	40.0	38.0	40.0	32.0	40.0
8	36.830067624977566	40.0	38.0	40.0	32.0	40.0
9	36.79799591944441	40.0	38.0	40.0	31.0	40.0
10	36.86363004886627	40.0	38.0	40.0	32.0	40.0
11	37.06395045122974	40.0	38.0	40.0	33.0	40.0
12	37.002509859449404	40.0	38.0	40.0	33.0	40.0
13	36.94246972318937	40.0	38.0	40.0	33.0	40.0
14	36.907949407987864	40.0	38.0	40.0	33.0	40.0
15	36.85825818210343	40.0	38.0	40.0	32.0	40.0
16	36.872563766932146	40.0	38.0	40.0	33.0	40.0
17	36.803786863656605	40.0	38.0	40.0	32.0	40.0
18	36.78084511687427	40.0	38.0	40.0	32.0	40.0
19	36.61957043382422	39.0	38.0	40.0	31.0	40.0
20	36.67207269990572	39.0	38.0	40.0	31.0	40.0
21	36.58699773213651	39.0	38.0	40.0	31.0	40.0
22	36.77308530867184	40.0	38.0	40.0	32.0	40.0
23	36.276649713535754	39.0	38.0	40.0	31.0	40.0
24	36.263231774192434	39.0	38.0	40.0	31.0	40.0
25	36.17687213941262	39.0	37.0	40.0	31.0	40.0
26	36.20434232584928	39.0	38.0	40.0	31.0	40.0
27	36.408996258472364	39.0	38.0	40.0	31.0	40.0
28	36.1665213882163	39.0	37.0	40.0	31.0	40.0
>>END_MODULE
>>Per tile sequence quality	pass
#Tile	Base	Mean
1	1	-0.6256438633363501
1	2	-0.7233278140561268
1	3	-0.746633745569433
1	4	-0.7075737271727576
1	5	-0.7504828678262996
1	6	-0.7347598707468492
1	7	-0.7558386934525174
1	8	-0.7314197245746072
1	9	-0.7553285900315458
1	10	-0.7898470208846149
1	11	-0.697524203035627
1	12	-0.8186808336775186
1	13	-0.775343956034952
1	14	-0.7673520671787273
1	15	-0.8838020999561351
1	16	-0.7998389960745058
1	17	-0.8624259599541233
1	18	-0.7857894694693215
1	19	-0.7849273780310781
1	20	-0.8899994693613351
1	21	-0.7922316418233919
1	22	-0.7648650640138541
1	23	-0.8486928932134532
1	24	-0.7214976448322332
1	25	-0.48881240529625813
1	26	-0.46778629826211926
1	27	-0.36385887604014044
1	28	-1.159221741645247
2	1	-0.5423306035525002
2	2	-0.6424861204355281
2	3	-0.6647278492619151
2	4	-0.6806378479042223
2	5	-0.6443877629482344
2	6	-0.7321783292200763
2	7	-0.672582027234391
2	8	-0.7180321898889019
2	9	-0.7185362380262106
2	10	-0.6777439718647287
2	11	-0.6011078161527053
2	12	-0.6702870775758498
2	13	-0.688701532678536
2	14	-0.6589649228889485
2	15	-0.7339941692151442
2	16	-0.6556545940807794
2	17	-0.7305233031021743
2	18	-0.7086952272139229
2	19	-0.7552081938525603
2	20	-0.8069217465766059
2	21	-0.8284232008009909
2	22	-0.7905015645694249
2	23	-0.9280790986175944
2	24	-0.5353473562567643
2	25	-1.2770930613188511
2	26	-0.5995540738655052
2	27	-1.2020010294532355
2	28	-0.7679733503968578
3	1	-0.6785571691268899
3	2	-0.7303804528950764
3	3	-0.6774350304473558
3	4	-0.710577372408963
3	5	-0.7128971358054343
3	6	-0.7588522363287638
3	7	-0.7242872745918092
3	8	-0.6873863114169367
3	9	-0.7202450006045424
3	10	-0.6861348498208244
3	11	-0.6157280535990282
3	12	-0.6027940372567215
3	13	-0.5859917995340211
3	14	-0.6145648295758122
3	15	-0.6840057877050256
3	16	-0.6881713005105254
3	17	-0.6739033660474547
3	18	-0.6843774646257827
3	19	-0.6886590053388559
3	20	-0.7225516967391812
3	21	-0.6411163833160956
3	22	-0.5973515700638004
3	23	-0.5632427733800043
3	24	-0.5262440947676907
3	25	-0.259351125834975
3	26	-0.28157785261971213
3	27	0.18762242556258002
3	28	-0.2671180647314415
4	1	-0.374735130475095
4	2	-0.387306474336647
4	3	-0.34350993598094703
4	4	-0.39675057991875207
4	5	-0.3840640095292116
4	6	-0.41227195205327405
4	7	-0.3170148037636906
4	8	-0.35465782121393374
4	9	-0.3225731995746841
4	10	-0.2977174052710012
4	11	-0.28842322727896885
4	12	-0.2579554469431997
4	13	-0.28234818532923356
4	14	-0.3005192392235685
4	15	-0.27285360080717425
4	16	-0.29444509205665526
4	17	-0.32305240253600687
4	18	-0.3571758423778064
4	19	-0.3345177289673913
4	20	-0.4625130710741985
4	21	-0.43159336474020193
4	22	-0.3187008926015835
4	23	-0.4418066593356542
4	24	-0.3295223361902586
4	25	-0.06845765504459678
4	26	0.06747875115387814
4	27	0.3723875045863352
4	28	0.33708945889130604
5	1	-0.5559586101528069
5	2	-0.6101278009750999
5	3	-0.4050207935647805
5	4	-0.5352346748036538
5	5	-0.41432392106132454
5	6	-0.3821589686591693
5	7	-0.3241345907340403
5	8	-0.5065121652229436
5	9	-0.4353504252827278
5	10	-0.3911238743723757
5	11	-0.34122092335964993
5	12	-0.3140280412837413
5	13	-0.3476899961316562
5	14	-0.3365833696268652
5	15	-0.2510356949379471
5	16	-0.32228768588956314
5	17	-0.24748345916940195
5	18	-0.3070053996117039
5	19	-0.1844078599563872
5	20	-0.2614839446294397
5	21	-0.18092898144963954
5	22	-0.25615255826124184
5	23	-0.13471801344504541
5	24	-0.4076435037153985
5	25	-0.4052274144947745
5	26	-1.5267207631371775
5	27	-1.9482231824365641
5	28	-1.166224542765697
6	1	-0.41388923860728255
6	2	-0.45457069858694155
6	3	-0.4355823681884132
6	4	-0.4691479050518126
6	5	-0.42456289016705995
6	6	-0.4146990130261088
6	7	-0.46348171402096483
6	8	-0.422879944865187
6	9	-0.4462377652136027
6	10	-0.40251688686900877
6	11	-0.42253826740320477
6	12	-0.45908557460056443
6	13	-0.4868595879059967
6	14	-0.49995770347041457
6	15	-0.45756630409833576
6	16	-0.5148854070390954
6	17	-0.47623337400504795
6	18	-0.4865155859752619
6	19	-0.47954085690620474
6	20	-0.424022851615554
6	21	-0.4338702694145766
6	22	-0.4269373050834986
6	23	-0.4034784037163206
6	24	-0.3577969522697515
6	25	-0.2279384864297711
6	26	-0.06969106016688187
6	27	-0.2389606952093004
6	28	1.0606086562673411
7	1	-0.44201023097703995
7	2	-0.45489245260812794
7	3	-0.49480408570086354
7	4	-0.4638814212213802
7	5	-0.4766882367145868
7	6	-0.5284104488543022
7	7	-0.5501750227035913
7	8	-0.4630941285736938
7	9	-0.469224952212258
7	10	-0.48085955055382357
7	11	-0.4511499990472885
7	12	-0.43728041894517844
7	13	-0.4713276156941717
7	14	-0.4844610489910508
7	15	-0.44634152923239157
7	16	-0.4696153065409874
7	17	-0.4950302583463966
7	18	-0.43215218806835054
7	19	-0.3810260488153716
7	20	-0.4389828714638355
7	21	-0.2860155474465387
7	22	-0.4468471115076653
7	23	-0.3438719264427661
7	24	0.427716721048796
7	25	0.8535627814497886
7	26	1.0990760631207905
7	27	1.866026181431124
7	28	1.6909947085712034
8	1	-0.24386139973110232
8	2	-0.2783990495524833
8	3	-0.3191156548091172
8	4	-0.3195078951161108
8	5	-0.3415957827463103
8	6	-0.35212991934812976
8	7	-0.31432261836975783
8	8	-0.3113275548045067
8	9	-0.37688334379930666
8	10	-0.2994783250414059
8	11	-0.3234509714840499
8	12	-0.33657671163564373
8	13	-0.3218004329496722
8	14	-0.3609488151163873
8	15	-0.36263536559733467
8	16	-0.3814816381957016
8	17	-0.3537940342918233
8	18	-0.3345802456223055
8	19	-0.31722032049351157
8	20	-0.34367620941769417
8	21	-0.3992202278184891
8	22	-0.4611566319021776
8	23	-0.4842801611107461
8	24	-0.6204767521446755
8	25	-0.29268445916831354
8	26	-0.5896910601668779
8	27	0.40570872111366185
8	28	0.5233179408944366
9	1	-0.3887620309573805
9	2	-0.4155268602904272
9	3	-0.40501689132086227
9	4	-0.42788851772126435
9	5	-0.39586691708225885
9	6	-0.4346826839368205
9	7	-0.3950501912954749
9	8	-0.39885077999952756
9	9	-0.4526297442436089
9	10	-0.40390549138908227
9	11	-0.38017123194178737
9	12	-0.40071754827180683
9	13	-0.3558159922708697
9	14	-0.38117748138468954
9	15	-0.36133804567406713
9	16	-0.3414417891600081
9	17	-0.34178746348138134
9	18	-0.318668372917287
9	19	-0.33592401179026155
9	20	-0.32973416724984617
9	21	-0.3607550832719184
9	22	-0.4335760668014004
9	23	-0.33878196296354446
9	24	-0.30344394218733584
9	25	-0.8619827047823492
9	26	-1.4128593769985613
9	27	-0.2787825617382751
9	28	-0.2717012161936836
10	1	-0.3612586768495092
10	2	-0.41553512163986994
10	3	-0.38569855178601387
10	4	-0.37844301949579773
10	5	-0.39945102092411133
10	6	-0.37295696514433985
10	7	-0.42013319031953245
10	8	-0.40278175036661423
10	9	-0.3887332732717894
10	10	-0.4076412736066928
10	11	-0.43545210680767354
10	12	-0.37078469652006874
10	13	-0.40020422282200485
10	14	-0.36177586744746293
10	15	-0.43583415843377793
10	16	-0.39921891337325377
10	17	-0.40251708383382123
10	18	-0.36974559261811635
10	19	-0.3755320570661169
10	20	-0.4136603458614374
10	21	-0.4031457790998729
10	22	-0.37768183063094796
10	23	-0.37142466253231277
10	24	-0.33613609280401846
10	25	-0.5693511258349773
10	26	-0.494691060166879
10	27	-0.5076297325473718
10	28	-0.6315090172112079
11	1	-0.23419790388460626
11	2	-0.2449553979654837
11	3	-0.27023458614000617
11	4	-0.2635555101604794
11	5	-0.2444216146507756
11	6	-0.2505241794833992
11	7	-0.3066809871828653
11	8	-0.2583806114569782
11	9	-0.3501223696123432
11	10	-0.2852644998949714
11	11	-0.24942242047458762
11	12	-0.2586464403587527
11	13	-0.21761226987204196
11	14	-0.2833101280897381
11	15	-0.24676115619329408
11	16	-0.21404807692814387
11	17	-0.2104124348420342
11	18	-0.2638255286411706
11	19	-0.24862911743793603
11	20	-0.2403203470792974
11	21	-0.28091281510381805
11	22	-0.19521498203449994
11	23	-0.1359380055741326
11	24	0.2408093195072496
11	25	0.29064887416502216
11	26	0.4477282946718333
11	27	0.9537454796767335
11	28	0.6006126268847751
12	1	-0.22324493982208793
12	2	-0.2477267951353781
12	3	-0.18541701841343183
12	4	-0.2503882596482683
12	5	-0.19534152068884225
12	6	-0.17438271150929552
12	7	-0.14534041727804237
12	8	-0.1819636676061691
12	9	-0.19461562820952594
12	10	-0.18476753562212167
12	11	-0.14257956016951567
12	12	-0.11990148795378275
12	13	-0.1133769276614629
12	14	-0.14091621767163076
12	15	-0.16539895268779503
12	16	-0.11684372388072006
12	17	-0.11933218607860852
12	18	-0.13634236015975176
12	19	-0.1669497527852215
12	20	-0.1419273282117146
12	21	-0.10492383656160342
12	22	-0.1102214495105045
12	23	-0.16690173576417067
12	24	0.6177976546079904
12	25	0.11051419403034402
12	26	0.02837345596215357
12	27	0.6304372090000427
12	28	0.09276238533887948
13	1	-0.181901993123887
13	2	-0.2388210917704967
13	3	-0.2712491432832067
13	4	-0.3000754673418413
13	5	-0.2616925677530375
13	6	-0.252073224114973
13	7	-0.34580070045306144
13	8	-0.3088218431785563
13	9	-0.36839632538629985
13	10	-0.3531466472674083
13	11	-0.28355731110220006
13	12	-0.3247540445428143
13	13	-0.31900797548497906
13	14	-0.29607931000333565
13	15	-0.3275820753030487
13	16	-0.30012292604910584
13	17	-0.3089426315215036
13	18	-0.3340228320214109
13	19	-0.29354347965139027
13	20	-0.36557117191969724
13	21	-0.26426375765840504
13	22	-0.2633647721139667
13	23	0.04746242410051593
13	24	-0.28576979243771206
13	25	-0.3399633707329386
13	26	-0.052548203024024076
13	27	0.15654605910696517
13	28	0.16926897667597984
14	1	-0.2505702546536952
14	2	-0.26894524550854726
14	3	-0.2946745076237889
14	4	-0.2352307337769446
14	5	-0.2574748570148415
14	6	-0.24585886777355626
14	7	-0.25541040676691296
14	8	-0.23030587095974653
14	9	-0.28151001784890894
14	10	-0.2417076036706547
14	11	-0.1654807801868401
14	12	-0.21265995323071962
14	13	-0.16765576798576376
14	14	-0.24732741276075387
14	15	-0.21377039055920477
14	16	-0.1874202129401894
14	17	-0.22541750845379482
14	18	-0.18926949310593244
14	19	-0.21459860479840387
14	20	-0.33806005426166763
14	21	-0.2686156267434612
14	22	-0.2712532168140456
14	23	-0.1603683109097247
14	24	-0.18686234517671352
14	25	-0.28778249838399717
14	26	0.2841210945292545
14	27	-0.053165737760799914
14	28	-0.7147772972008042
15	1	-0.2573851016594162
15	2	-0.3379789690905852
15	3	-0.2839984053656224
15	4	-0.32778978638135214
15	5	-0.31529790161776816
15	6	-0.3144079786369858
15	7	-0.3344826081082175
15	8	-0.32032811922982773
15	9	-0.2973158132492699
15	10	-0.2982459208806745
15	11	-0.2957553433346405
15	12	-0.36716196109059496
15	13	-0.37557984442154435
15	14	-0.37467612870375433
15	15	-0.34845674177265806
15	16	-0.3684858517550822
15	17	-0.38726913056085266
15	18	-0.4024814801902039
15	19	-0.4152724511114343
15	20	-0.43517607826530025
15	21	-0.4580810473755008
15	22	-0.5318181387944207
15	23	-0.8151305385460645
15	24	-0.756345352978677
15	25	-0.6352770517609017
15	26	-0.587585797008984
15	27	-0.7705858404268042
15	28	-0.1527649216291067
16	1	-0.08314688335608622
16	2	-0.11092846150680913
16	3	-0.030569763230488434
16	4	-0.10972306331958492
16	5	-0.10497534393086028
16	6	-0.07015619792376526
16	7	-0.07736846368722894
16	8	-0.11903826372770254
16	9	-0.09749656619487723
16	10	-0.1237978511369846
16	11	-0.0840438440017266
16	12	-0.11534997741222242
16	13	-0.0993639587038686
16	14	-0.1340127664114732
16	15	-0.11095644694556484
16	16	-0.13764432226896872
16	17	-0.14977969555185666
16	18	-0.17247532545287214
16	19	-0.17064291621545635
16	20	-0.14684515859613612
16	21	-0.20405881214525579
16	22	-0.2517719434989729
16	23	-0.3720351147795711
16	24	-0.16553134900535582
16	25	-0.9204622369460864
16	26	-1.0925482030240232
16	27	-0.9719800490984767
16	28	-1.1989042813277848
17	1	-0.19160372843538198
17	2	-0.1482790530577276
17	3	-0.14479645128173502
17	4	-0.15712415365882038
17	5	-0.19310356776159665
17	6	-0.15589377732576537
17	7	-0.12928913028295597
17	8	-0.18218401989438604
17	9	-0.17305553400892393
17	10	-0.1535601428028528
17	11	-0.11198502215186323
17	12	-0.1114041528392633
17	13	-0.1252070911353158
17	14	-0.12237908142505916
17	15	-0.10911271506540032
17	16	-0.13196539965987597
17	17	-0.16519300606456255
17	18	-0.15042166690869863
17	19	-0.18980923951099982
17	20	-0.1611884628041338
17	21	-0.23823922478978687
17	22	-0.12763592871900187
17	23	-0.21897703879180597
17	24	-0.3537769923760834
17	25	-0.34571476219861097
17	26	-0.18290743443588298
17	27	0.24178375718869916
17	28	1.0000856176621156
18	1	-0.15030699873268816
18	2	-0.1673526931693985
18	3	-0.17763778634246563
18	4	-0.11916827837777788
18	5	-0.1563780384456166
18	6	-0.12763099860639215
18	7	-0.1312620773836315
18	8	-0.16766972056908713
18	9	-0.16497229062340324
18	10	-0.1177145758163789
18	11	-0.07722068041722707
18	12	-0.1098334313402134
18	13	-0.08663216473239288
18	14	-0.16951088461974706
18	15	-0.08648099468775428
18	16	-0.136958991972854
18	17	-0.10026374582839992
18	18	-0.12146818515566338
18	19	-0.14635922659444134
18	20	-0.1668771010263299
18	21	-0.17452488592654447
18	22	-0.20876965455221352
18	23	-0.2453286681059197
18	24	-0.41333936217146316
18	25	-0.1891898355123942
18	26	-0.29562512610094416
18	27	0.47713729254223125
18	28	-0.40663374992681867
19	1	-0.23527038808556
19	2	-0.45813900310201916
19	3	-0.33974130802236857
19	4	-0.3489074567663053
19	5	-0.37633624829944523
19	6	-0.2861012819420665
19	7	-0.27577908119204864
19	8	-0.3239014990408364
19	9	-0.32474206536895167
19	10	-0.27058644677286026
19	11	-0.2827218269900982
19	12	-0.22510555425181167
19	13	-0.2765919050364829
19	14	-0.265125701908012
19	15	-0.20231584266091573
19	16	-0.17529955383782436
19	17	-0.24326699518934447
19	18	-0.27477242587412576
19	19	-0.18403207665538446
19	20	-0.23089641281437423
19	21	-0.16550488017679754
19	22	-0.07721080935700542
19	23	-0.3515731203645842
19	24	-0.25377098409879295
19	25	-0.4044730770544902
19	26	0.06600786456430541
19	27	0.4696297850347264
19	28	-0.18428439828684873
20	1	-0.07285788407978089
20	2	-0.25960323755264625
20	3	-0.13837357290763208
20	4	-0.04824734051371138
20	5	-0.02119151475198322
20	6	-0.03266875471049957
20	7	-0.10441483406719243
20	8	-0.02144761830432884
20	9	-0.09754836703834258
20	10	-0.06651098563174429
20	11	-0.038844253889145364
20	12	-0.030286687575461713
20	13	-0.03662088059788715
20	14	-0.02654029046431816
20	15	-0.07902263924361819
20	16	-0.08591764934383406
20	17	-0.09499329257216971
20	18	-0.13137168947257294
20	19	-0.268478430163718
20	20	-0.24197976417228517
20	21	-0.3481217238712091
20	22	-0.43067211171333497
20	23	-0.30768485812342306
20	24	-0.11327382961917465
20	25	0.2887183722345199
20	26	0.5733392428634261
20	27	-0.5621976628511192
20	28	-1.321126503550012
21	1	-0.3882352988742923
21	2	-0.428581963688103
21	3	-0.5644631061862881
21	4	-0.4904100111414138
21	5	-0.471208519173139
21	6	-0.45532572885711176
21	7	-0.4193894357969796
21	8	-0.43915476382883156
21	9	-0.4254138203895437
21	10	-0.35476780740540903
21	11	-0.296004240485658
21	12	-0.24031129397312156
21	13	-0.3231987241705454
21	14	-0.26970830581497296
21	15	-0.2240911904002516
21	16	-0.17167452946599582
21	17	-0.19144691217993426
21	18	-0.21854932644905745
21	19	-0.19511615161376028
21	20	-0.2593572680801941
21	21	-0.31120238590522575
21	22	-0.2168040995252838
21	23	-0.04601780633077368
21	24	0.14526698467936683
21	25	0.5367426241650222
21	26	0.7977814673056471
21	27	0.31318065297583786
21	28	1.6700684650034532
22	1	-0.48316619163939833
22	2	-0.5270758803525126
22	3	-0.5695868074585633
22	4	-0.5387367547596753
22	5	-0.4529966603987532
22	6	-0.4850667632276213
22	7	-0.472990777250466
22	8	-0.439964349321059
22	9	-0.5961956680416591
22	10	-0.4713396409512356
22	11	-0.44685672129297416
22	12	-0.4662636377867031
22	13	-0.477221728266791
22	14	-0.4709602386473506
22	15	-0.41296451866978856
22	16	-0.37080797628258466
22	17	-0.3908397654474385
22	18	-0.33534777078007494
22	19	-0.26436296763615985
22	20	-0.3198358348443051
22	21	-0.2168965854996756
22	22	-0.20278988493608097
22	23	-0.1603162856875997
22	24	-0.4576816864668132
22	25	-0.32900924549309707
22	26	-0.8153264192828971
22	27	-0.07386452895138973
22	28	-0.44493602735953175
23	1	-0.042721599303128244
23	2	-0.06245166105072286
23	3	-0.03616222997703744
23	4	-0.05488054813299925
23	5	-0.059903453405922846
23	6	-0.11409883411042188
23	7	-0.10806718545736516
23	8	-0.11064300361340429
23	9	-0.10617142496534626
23	10	-0.048205930493743665
23	11	-0.03575365915121864
23	12	-0.06160247469171054
23	13	-0.036399910539323344
23	14	-0.044400046143096006
23	15	-0.04249501947933254
23	16	0.0244259143059935
23	17	-0.03253453782802751
23	18	0.034153604506890645
23	19	0.03922106549091353
23	20	0.09642478295602075
23	21	0.0859632787148783
23	22	0.12187505694740253
23	23	0.0682565562137043
23	24	0.35918347989198196
23	25	0.0958697576991554
23	26	0.24123917239126058
23	27	0.34350365890860246
23	28	-1.2036123792562208
24	1	0.25441496019305987
24	2	0.33221207776266937
24	3	0.3008503653163004
24	4	0.3171690044026292
24	5	0.31526730120683055
24	6	0.3289013868596413
24	7	0.327163673011313
24	8	0.35386898401227285
24	9	0.31071096372099305
24	10	0.29717562955487153
24	11	0.29982434327945384
24	12	0.34551254022377265
24	13	0.28933150035449984
24	14	0.3107679463439226
24	15	0.30589499267401976
24	16	0.2796113081851246
24	17	0.265112241533366
24	18	0.29511672407466705
24	19	0.24596096646499888
24	20	0.20588432716393612
24	21	0.13983622272483132
24	22	0.20517214765281722
24	23	0.041926737872955755
24	24	-0.3253135819815043
24	25	-0.8042878346957352
24	26	-1.6894611751094075
24	27	-1.751789910522902
24	28	-1.4330312654547726
25	1	0.13480841376687636
25	2	0.20835068831711112
25	3	0.15005076611790713
25	4	0.14862291221826496
25	5	0.17477732124690704
25	6	0.17812316374674708
25	7	0.15425017935733365
25	8	0.11952963865489608
25	9	0.10111343533087336
25	10	0.151965542714521
25	11	0.21580597320597406
25	12	0.15091935385102317
25	13	0.18150584905189504
25	14	0.17486380472735163
25	15	0.13430781832531835
25	16	0.1457429047115113
25	17	0.17917570178720865
25	18	0.17899914156432573
25	19	0.1764625544595475
25	20	0.18064818058214627
25	21	0.07242456186328639
25	22	0.1347741377025713
25	23	0.09081058557230648
25	24	0.16367085700293416
25	25	0.3114035911461528
25	26	-0.1778775886642876
25	27	0.23354754895248675
25	28	0.3100562921489143
26	1	-0.16948958753307153
26	2	-0.08171920659515308
26	3	0.0037067704470672425
26	4	-0.0054091232002377865
26	5	0.011304865757885807
26	6	0.112920210781013
26	7	0.09796185725252116
26	8	-0.06503722954761315
26	9	0.09290611614477484
26	10	0.06752037384939058
26	11	0.08139614071406953
26	12	0.10593332982896442
26	13	0.09612227163552234
26	14	0.09074437479635833
26	15	0.12487983358689547
26	16	0.125088736137819
26	17	0.14894482524151442
26	18	0.0997465608237178
26	19	0.23716378045247666
26	20	0.13460041601550188
26	21	0.07681897960786443
26	22	-0.03197118212239758
26	23	-0.27292018158113507
26	24	-0.781556337404588
26	25	0.10799204759675973
26	26	0.0788195781309966
26	27	-0.2787825617382751
26	28	-0.23930832173182637
27	1	0.1733715924139645
27	2	0.215800168563959
27	3	0.258557802212799
27	4	0.21706964814310226
27	5	0.26075211119045605
27	6	0.2261228561690274
27	7	0.24433316310109632
27	8	0.22197661290154258
27	9	0.22424659532074287
27	10	0.2580536294419318
27	11	0.24351266560143614
27	12	0.21466483566676686
27	13	0.21496225307910066
27	14	0.18962872334996206
27	15	0.18299127140235072
27	16	0.17464225290250113
27	17	0.19843659638118538
27	18	0.1836942228366638
27	19	0.18917712567727563
27	20	0.21969541453675134
27	21	0.15007633398626297
27	22	0.11555127136641374
27	23	0.11814580559213539
27	24	0.47720186373782525
27	25	0.8499374117144285
27	26	1.0269934318117322
27	27	0.11304999095493429
27	28	1.4788734964499923
28	1	0.09250420349133037
28	2	0.13698116497000257
28	3	0.1457105621266166
28	4	0.13332492567850807
28	5	0.14547706254604265
28	6	0.17822329614592292
28	7	0.13115875275342148
28	8	0.18293605787269485
28	9	0.14580569282403388
28	10	0.21131277467419807
28	11	0.15514596979229367
28	12	0.22202899763809114
28	13	0.2147647092675129
28	14	0.23192839199486315
28	15	0.1685351917465212
28	16	0.20159377623172503
28	17	0.2283753339437311
28	18	0.19598512540243007
28	19	0.17053707859625433
28	20	0.234380346227006
28	21	0.2161782810085029
28	22	0.19427352761708505
28	23	0.26735697732488006
28	24	0.45501841871378446
28	25	0.6084454843345171
28	26	0.4870719456134651
28	27	0.5761711089673511
28	28	0.730614789982333
29	1	0.11393735853903308
29	2	0.06380994130505258
29	3	0.05140102003718283
29	4	0.04623826698016131
29	5	0.06868758606784553
29	6	0.05029238157592886
29	7	-0.04159890452142179
29	8	0.058441922215813236
29	9	0.03185557663162797
29	10	0.07397427416778157
29	11	0.0632634657237432
29	12	0.06846360845257493
29	13	0.06285895268622
29	14	0.035158826196898474
29	15	0.062342500140132984
29	16	0.041867453372354646
29	17	0.031663355707500784
29	18	0.04093471049447572
29	19	0.07636258405713647
29	20	0.077255803040714
29	21	0.0371002723680931
29	22	-0.03877216267429873
29	23	-0.09652206704510746
29	24	0.16740316073524042
29	25	0.6406488741650236
29	26	0.3220330777641536
29	27	0.8628815273430703
29	28	2.2991115916880887
30	1	0.18506398526270118
30	2	0.2776828298518055
30	3	0.2777403374611467
30	4	0.23068711025221234
30	5	0.23145485923839715
30	6	0.20314465519761882
30	7	0.2774895783037934
30	8	0.2656415002611112
30	9	0.26112414849350785
30	10	0.23205538814354298
30	11	0.23218692452365275
30	12	0.28403760986165594
30	13	0.2737070806701922
30	14	0.2643533688137438
30	15	0.1760379824604641
30	16	0.2131270927719413
30	17	0.2210876361480416
30	18	0.2625088883498492
30	19	0.16617213747270654
30	20	0.2408576806690803
30	21	0.24703335290546136
30	22	0.15813525012154628
30	23	0.11592230371677203
30	24	0.2574818277369815
30	25	-0.39685112583497784
30	26	-0.7328757735426734
30	27	-0.6860571519022116
30	28	-0.11932470174820509
31	1	0.280777440597177
31	2	0.32657081317461945
31	3	0.3140900448146482
31	4	0.2484848901368224
31	5	0.2818703030067482
31	6	0.3383402186543307
31	7	0.32343096094024304
31	8	0.3536800506092632
31	9	0.31065101481545554
31	10	0.3160869400118145
31	11	0.3485467203333954
31	12	0.3164378145662212
31	13	0.2609546206006783
31	14	0.34720692329334923
31	15	0.36036900997645915
31	16	0.3015088289422536
31	17	0.32337311362301335
31	18	0.2705498121811658
31	19	0.32032845869095894
31	20	0.33583962686103064
31	21	0.3098874139783092
31	22	0.23863382018189583
31	23	0.3448840036196401
31	24	-0.07314045630240429
31	25	-0.09146494697318985
31	26	0.03435388365334546
31	27	1.1836362443242052
31	28	1.6159105334870318
32	1	0.37916293054251327
32	2	0.41734285785444314
32	3	0.38800779560222054
32	4	0.4180509316881924
32	5	0.37693873314000115
32	6	0.3955380499964818
32	7	0.351525303791405
32	8	0.3724474050029798
32	9	0.3948476268578318
32	10	0.38808320691691023
32	11	0.3609481813780562
32	12	0.36862090591385055
32	13	0.36980508548215596
32	14	0.37628747805353413
32	15	0.33194252767813737
32	16	0.34132833371754145
32	17	0.3980632945984368
32	18	0.3368325781880941
32	19	0.3768212547720893
32	20	0.34689484648161084
32	21	0.3226552275603538
32	22	0.2696158864058589
32	23	0.19337689912134692
32	24	0.1809914033557405
32	25	0.31238800459980354
32	26	-0.13198991074158783
32	27	0.4959956003913675
32	28	0.7091765267530192
33	1	0.2596948332984539
33	2	0.3066814115659824
33	3	0.3166815249920134
33	4	0.27741451021863384
33	5	0.3273574786242861
33	6	0.3493696044603922
33	7	0.33203448725170404
33	8	0.2711080863504236
33	9	0.35396645661253956
33	10	0.34642266280595635
33	11	0.40240846970407773
33	12	0.40257070025197095
33	13	0.44525971090554606
33	14	0.38463053593386576
33	15	0.4116219342789975
33	16	0.3312664603411619
33	17	0.36475258931858434
33	18	0.35167090011555047
33	19	0.3941976400769889
33	20	0.3794093195438606
33	21	0.38888858821493244
33	22	0.37109641735489163
33	23	0.6138560198902638
33	24	0.5402057734222439
33	25	1.1539141802874724
33	26	1.5691916213973656
33	27	1.6041214195263578
33	28	1.7110574044959677
34	1	-0.8792840898158971
34	2	-1.0353436669944571
34	3	-0.8207357612296704
34	4	-0.8881983553392558
34	5	-0.7332469785326694
34	6	-0.4746335955147387
34	7	-0.5258405392130996
34	8	-0.6550230515974533
34	9	-0.5575968274004808
34	10	-0.5493780837748758
34	11	-0.40516971180807815
34	12	-0.3188434375500222
34	13	-0.30823467040490016
34	14	-0.28638617327130333
34	15	-0.24600116553832407
34	16	-0.2663539783058795
34	17	-0.23900360957495792
34	18	-0.19346396655253528
34	19	-0.12482372222129356
34	20	-0.18835580902631932
34	21	-0.16575271804430258
34	22	-0.09689536189262782
34	23	0.41084867516266854
34	24	0.4384515200188943
34	25	0.06959624258607278
34	26	-0.0450756755514945
34	27	0.032692848097788385
34	28	-0.6390752214987288
35	1	0.18742357469413662
35	2	0.25528135270882757
35	3	0.2262681686185246
35	4	0.23520094984412054
35	5	0.20470388890723967
35	6	0.23025218848682272
35	7	0.2406931058899886
35	8	0.2382930088986086
35	9	0.2311769843000775
35	10	0.23696828329978104
35	11	0.19065265148715582
35	12	0.24327707719433533
35	13	0.20554231633918363
35	14	0.2248647398351835
35	15	0.20296079789057586
35	16	0.2669511023942661
35	17	0.2407693365321748
35	18	0.24773967954139664
35	19	0.25258317761405635
35	20	0.18519392101493537
35	21	0.17855593090275335
35	22	0.27325291377626826
35	23	0.4378110465562983
35	24	0.17063134446134853
35	25	-0.009351125834974994
35	26	-0.6626178894351682
35	27	-1.1115379211329781
35	28	-0.47264165506516065
36	1	0.38969355997653565
36	2	0.4102772167016795
36	3	0.4354512314296173
36	4	0.4087675247923812
36	5	0.3408547545930958
36	6	0.40769544435993765
36	7	0.3632825831520563
36	8	0.35801020860026966
36	9	0.3839086661148343
36	10	0.37922717532655525
36	11	0.3615241508098279
36	12	0.37641907216169557
36	13	0.3632175823946753
36	14	0.32941867411969383
36	15	0.3767702482977384
36	16	0.3691904011720126
36	17	0.3580193749388769
36	18	0.30042349409347935
36	19	0.3007944693555089
36	20	0.3308510025821647
36	21	0.23296646026387435
36	22	0.20985395058165324
36	23	0.045560333817263654
36	24	0.1065045998366756
36	25	-1.4397432826977195
36	26	-0.6877555762959133
36	27	0.33269284809778554
36	28	0.8834711975994196
37	1	0.3241606249329507
37	2	0.4260155459707633
37	3	0.3957679953741078
37	4	0.4010765188535004
37	5	0.36389061527233935
37	6	0.414115741387576
37	7	0.33691222792460707
37	8	0.37759345414714574
37	9	0.35778948009863853
37	10	0.3956168626955261
37	11	0.3614914916416865
37	12	0.3795934650792603
37	13	0.3744374733795439
37	14	0.3588108172495055
37	15	0.3740053009591833
37	16	0.3541498438305979
37	17	0.38010453440427483
37	18	0.32848974874811887
37	19	0.3635165352433418
37	20	0.4306192106072402
37	21	0.353879122734611
37	22	0.42692748669583835
37	23	0.5893053173625447
37	24	0.21288351503912395
37	25	-0.5802431446143217
37	26	-1.1680472245504419
37	27	-1.689529374124433
37	28	-3.425191544200416
38	1	0.17954087527358809
38	2	0.23323770001742616
38	3	0.2167610534568567
38	4	0.24048306003953002
38	5	0.15378389466705755
38	6	0.18753730682059455
38	7	0.17737084724264207
38	8	0.1785385789366245
38	9	0.19782785000698055
38	10	0.20362926547483085
38	11	0.1791759782233271
38	12	0.22112161782259676
38	13	0.1753466296858761
38	14	0.1852557452702257
38	15	0.231274690087389
38	16	0.2514307322944447
38	17	0.2587193669604062
38	18	0.18413275800572393
38	19	0.24698963098059323
38	20	0.16691122147175008
38	21	0.1818430472821646
38	22	0.29429662252319844
38	23	0.17774576122491936
38	24	0.36334125911236015
38	25	0.6364638521385899
38	26	0.19338586291004134
38	27	0.6357856316029427
38	28	1.7663734964499938
39	1	0.35350867532880415
39	2	0.36865369174556406
39	3	0.3934725296896744
39	4	0.33548454921482573
39	5	0.3253703754599613
39	6	0.3409734086769234
39	7	0.3616168154434405
39	8	0.3378573316012137
39	9	0.29584267315448187
39	10	0.3101266026551528
39	11	0.2845546643405683
39	12	0.2868580218154406
39	13	0.35145930499066935
39	14	0.301131960227643
39	15	0.33982011973488113
39	16	0.3547679959253003
39	17	0.2874604502850744
39	18	0.33311681774709
39	19	0.21679501252778266
39	20	0.28290591183706226
39	21	0.28868108684464033
39	22	0.34382231566385
39	23	0.4162646290683938
39	24	0.5078913486810563
39	25	1.0428612635455536
39	26	1.1453089398331215
39	27	1.1175985084751474
39	28	0.9122068297833223
40	1	0.45606824147211
40	2	0.48460220603930537
40	3	0.43579570831686
40	4	0.5012841745085979
40	5	0.47721292306962937
40	6	0.5123453355489858
40	7	0.5097235354392708
40	8	0.5322772383346361
40	9	0.4960386268554018
40	10	0.5205337816277478
40	11	0.5659465778955521
40	12	0.5377709525680743
40	13	0.5547795390233929
40	14	0.5591246111515034
40	15	0.5771792462527472
40	16	0.5417405143572793
40	17	0.5118255711485347
40	18	0.5375038106722769
40	19	0.5338869056137128
40	20	0.5076265926380259
40	21	0.5335264769930319
40	22	0.3744019410362327
40	23	0.4275974193154184
40	24	0.14669598739648393
40	25	0.5906488741650193
40	26	0.7286422731664572
40	27	0.6589064403307958
40	28	0.6728128903893875
41	1	0.436352719529161
41	2	0.562124752225138
41	3	0.5125059669760503
41	4	0.5430382990084368
41	5	0.5060869290202348
41	6	0.5598475706896409
41	7	0.5005041105820425
41	8	0.5059758619199854
41	9	0.4733404745973857
41	10	0.4930205308499751
41	11	0.4878477935497898
41	12	0.5016430570098862
41	13	0.5209943948597129
41	14	0.5217227432758946
41	15	0.5000690150555087
41	16	0.516760937255917
41	17	0.5135338434445984
41	18	0.5402976602186769
41	19	0.5726889193355333
41	20	0.5048391025255654
41	21	0.5451817716192764
41	22	0.5122755508510934
41	23	0.5669310582834584
41	24	0.8895829076674602
41	25	0.9758340593502055
41	26	0.931420050944233
41	27	0.752876334336321
41	28	1.5233179408944366
42	1	0.4809710173789199
42	2	0.5103772395384425
42	3	0.45617090707702346
42	4	0.45251926775853946
42	5	0.4634091371737199
42	6	0.4677238097339824
42	7	0.45768624637474176
42	8	0.5017681563222851
42	9	0.509546554390667
42	10	0.45772378606352504
42	11	0.42815128082648357
42	12	0.47497679906500423
42	13	0.426912388240126
42	14	0.4721189621452737
42	15	0.373154586353472
42	16	0.4804337310594704
42	17	0.44202796764322727
42	18	0.46806422058729424
42	19	0.5570127422937716
42	20	0.4449833600509976
42	21	0.6146000704955839
42	22	0.5167063474777507
42	23	0.46273392157120696
42	24	0.4561696716070145
42	25	0.5340117060234277
42	26	0.8678699154428742
42	27	0.21896735790171107
42	28	-0.4381333062710979
43	1	0.4293571984602096
43	2	0.46232427612861926
43	3	0.4693829512938805
43	4	0.45116738935418255
43	5	0.4835458812308957
43	6	0.49580841073701976
43	7	0.44586621908769075
43	8	0.49494682301411075
43	9	0.490747856494437
43	10	0.49942456868971163
43	11	0.5065161223661576
43	12	0.5382402620554245
43	13	0.5224935118815068
43	14	0.5569966815393101
43	15	0.4743830539825211
43	16	0.4945370792915895
43	17	0.4991461258832288
43	18	0.4862711536681985
43	19	0.5115465518942628
43	20	0.4699576715602305
43	21	0.5781600464146592
43	22	0.6176823162590139
43	23	0.6281157645641073
43	24	0.46060112059986125
43	25	0.4978560813722268
43	26	0.6319441599589055
43	27	-0.08635477094983202
43	28	1.5016377240922694
44	1	0.36478152461024393
44	2	0.3912182127319994
44	3	0.45188257390525877
44	4	0.4404573479609155
44	5	0.38666402922319065
44	6	0.41878124371035597
44	7	0.3934612190235782
44	8	0.37541141755010443
44	9	0.3998776303876568
44	10	0.3907640753626396
44	11	0.4052696398029738
44	12	0.40533462611333704
44	13	0.3840809891070549
44	14	0.38965189317418947
44	15	0.41377178204007237
44	16	0.42369464151845904
44	17	0.45323545216731276
44	18	0.3704865806294393
44	19	0.44103310564567266
44	20	0.398565066914486
44	21	0.3663975033461071
44	22	0.3414073068016279
44	23	0.6803798261122864
44	24	0.33416253512172744
44	25	0.5858869694031199
44	26	0.5848784762569608
44	27	0.47713729254223125
44	28	0.40554016311665464
45	1	0.17424014032199864
45	2	0.17213225220332617
45	3	0.31454509417485355
45	4	0.26704253492974317
45	5	0.23300203764975436
45	6	0.3839772306214897
45	7	0.35455028658734733
45	8	0.2423687944028714
45	9	0.3874582143846226
45	10	0.3762732783982514
45	11	0.3908992389942796
45	12	0.4310165220212667
45	13	0.42207135625135095
45	14	0.3708671120625411
45	15	0.5291464147445524
45	16	0.4438050889966547
45	17	0.44361546489324866
45	18	0.4366061950556599
45	19	0.5984338659503621
45	20	0.47881467656691257
45	21	0.4923521464713829
45	22	0.530422603800325
45	23	0.6378038645056776
45	24	0.4593184526505283
45	25	-0.036623853107705884
45	26	0.4118183737953842
45	27	-0.04983142374687333
45	28	1.505540163116656
46	1	0.32311906553776026
46	2	0.3550924030918736
46	3	0.4206869261218813
46	4	0.37596799743128884
46	5	0.36199554804390743
46	6	0.44200879713591235
46	7	0.3741005436542224
46	8	0.41087802093455394
46	9	0.42776299057356226
46	10	0.41489690505189714
46	11	0.46330756042378596
46	12	0.4848866688062614
46	13	0.4064280663240325
46	14	0.42760592723728763
46	15	0.4214400481865397
46	16	0.42676880883062296
46	17	0.42436269337947863
46	18	0.402288339606109
46	19	0.35910580971067674
46	20	0.3716512624490633
46	21	0.43531364682311136
46	22	0.4381464387588636
46	23	0.4321480556279482
46	24	0.5753545904257962
46	25	0.5783847232216246
46	26	1.039539709063888
46	27	0.7986502949063023
46	28	-0.8680962005197088
47	1	0.5035543316550957
47	2	0.5798190463357713
47	3	0.5854740233291835
47	4	0.6124263731318891
47	5	0.5588134330306289
47	6	0.6559360019940002
47	7	0.5751944167161724
47	8	0.6243900328768746
47	9	0.6532935975943701
47	10	0.6253803598561234
47	11	0.6599575009344747
47	12	0.6486642091677481
47	13	0.655932775648921
47	14	0.6906830676920919
47	15	0.6385788367757783
47	16	0.6626110479209544
47	17	0.6452007964165745
47	18	0.6609554686634098
47	19	0.7450101923318684
47	20	0.7088610018273798
47	21	0.6187004784686181
47	22	0.576432863825751
47	23	0.7086708144025309
47	24	0.5513026901489937
47	25	0.04181166486269916
47	26	0.366335429899344
47	27	-0.6285974744828593
47	28	-1.6892424455789907
48	1	0.40179632445490654
48	2	0.46872564174930176
48	3	0.4854705736905913
48	4	0.5276745086290902
48	5	0.5214644376985405
48	6	0.47118924479817537
48	7	0.5092834882265649
48	8	0.4771650982904987
48	9	0.5017549647694111
48	10	0.4941166229366942
48	11	0.4560374682384989
48	12	0.5299776473596083
48	13	0.45113970427298256
48	14	0.5383919224922735
48	15	0.4971565089573531
48	16	0.4768386851591089
48	17	0.4464430193329889
48	18	0.43142056970586395
48	19	0.5189370396932276
48	20	0.4805456632000755
48	21	0.5102502265172291
48	22	0.46555253889648185
48	23	0.5847272226146103
48	24	0.44783070492425026
48	25	0.4635460704267018
48	26	0.10364227316645724
48	27	0.5664007132663258
48	28	1.0364492540257473
49	1	0.40633480978736003
49	2	0.42855989094295666
49	3	0.4205212538973413
49	4	0.4370559032745902
49	5	0.44048106860573455
49	6	0.4458381900788524
49	7	0.46106957049795483
49	8	0.4894463967703686
49	9	0.476218418038556
49	10	0.4756579502884293
49	11	0.49565530178595196
49	12	0.4456324689789639
49	13	0.4378732907100584
49	14	0.48868340910532027
49	15	0.4856164782601411
49	16	0.47377009174604723
49	17	0.5602696397786318
49	18	0.5725523043673846
49	19	0.5683184301615185
49	20	0.5701917357002486
49	21	0.5983091594784966
49	22	0.6059280682263193
49	23	0.5854692895044167
49	24	0.7994645682847121
49	25	0.9838855891408684
49	26	1.1485140680382528
49	27	0.785324427045154
49	28	-0.5681853270794193
50	1	0.4472149601930653
50	2	0.5171120777626683
50	3	0.529250365316301
50	4	0.5778690044026291
50	5	0.5684339678734958
50	6	0.5993680535263053
50	7	0.5550636730113112
50	8	0.5587356506789405
50	9	0.5898776303876545
50	10	0.5375422962215382
50	11	0.6104576766127892
50	12	0.6169125402237725
50	13	0.6277981670211616
50	14	0.6298012796772525
50	15	0.6139616593406814
50	16	0.565144641518458
50	17	0.5814455748666987
50	18	0.603852590198592
50	19	0.6501852612833261
50	20	0.6281813197107482
50	21	0.6539636866200667
50	22	0.48667123584176863
50	23	0.8128041953641869
50	24	0.9893377860679209
50	25	1.4465628526596461
50	26	1.2738054433296284
50	27	1.277590807281463
50	28	1.2182674358439343
51	1	0.3837688497537215
51	2	0.5145996231072871
51	3	0.5301002645504838
51	4	0.5501454252006965
51	5	0.5158978937098553
51	6	0.5616926000801143
51	7	0.48413283867031964
51	8	0.5157238812311391
51	9	0.5084024187794327
51	10	0.4357675279829252
51	11	0.4841606995873917
51	12	0.5150256397803972
51	13	0.5140211416281772
51	14	0.5077286476740284
51	15	0.5123367500299238
51	16	0.5245234403898849
51	17	0.5148377554390535
51	18	0.4988936160977602
51	19	0.48573715551759733
51	20	0.5566818871760475
51	21	0.48080096108372317
51	22	0.48379813180970643
51	23	0.7004199750407878
51	24	0.49487949927352304
51	25	0.19805628157242694
51	26	0.2612180307422136
51	27	0.09791023940213961
51	28	-0.45088840831191135
52	1	0.48822956580129073
52	2	0.5092121786301291
52	3	0.5412766312029262
52	4	0.508364586407879
52	5	0.5016044338811625
52	6	0.5251898005507201
52	7	0.5362374071246876
52	8	0.5231812024239488
52	9	0.5240959075714358
52	10	0.4960312209744089
52	11	0.5414458549464598
52	12	0.5825740693744663
52	13	0.5060556614734537
52	14	0.5358344852451395
52	15	0.5892156839523466
52	16	0.6012276756116606
52	17	0.5823860630652078
52	18	0.5427782449437331
52	19	0.5301162506505293
52	20	0.520444607828118
52	21	0.5098306354278179
52	22	0.48980868341180894
52	23	0.6996944322613174
52	24	0.4357429290750048
52	25	1.3062738741650222
52	26	0.8806030574801795
52	27	1.5562222598624942
52	28	1.6990285352096848
53	1	0.45450995508581116
53	2	0.526192159478704
53	3	0.5360607841109939
53	4	0.5763676765170302
53	5	0.5307649178224239
53	6	0.633714120942038
53	7	0.5680109661675914
53	8	0.5599207375022317
53	9	0.603605924565386
53	10	0.6241523064360379
53	11	0.6072858686454765
53	12	0.6664093737273475
53	13	0.6318357563980825
53	14	0.6478913716077983
53	15	0.654520801322299
53	16	0.597002864194657
53	17	0.6285487413631259
53	18	0.681269289458001
53	19	0.6598047800098499
53	20	0.6233208876503937
53	21	0.6500627607263141
53	22	0.6573461206712778
53	23	0.9801350079820708
53	24	1.3834406267727033
53	25	1.2956993792155274
53	26	0.6894265868919476
53	27	0.5546708700758103
53	28	1.8169687345452274
54	1	0.5766995130385908
54	2	0.6386389070309662
54	3	0.6309479262919098
54	4	0.7070348580611707
54	5	0.6563526670604887
54	6	0.6855274031197993
54	7	0.700834404718627
54	8	0.6989584149065848
54	9	0.7506906385177388
54	10	0.726927662075191
54	11	0.7103568636046589
54	12	0.664179206890438
54	13	0.6593721507610013
54	14	0.7112842065065195
54	15	0.7061470251943405
54	16	0.6533186252582937
54	17	0.6234618350293033
54	18	0.6715586197460297
54	19	0.6759291932666898
54	20	0.6848576428977466
54	21	0.6675002885365799
54	22	0.6431384895375274
54	23	0.5564580863650264
54	24	0.8228452212405912
54	25	0.7014469962307501
54	26	0.26063152047828453
54	27	0.8184071338120731
54	28	2.295540163116655
55	1	0.4692103012912341
55	2	0.45504652035834425
55	3	0.5059651739685478
55	4	0.5408453771147776
55	5	0.5467085103027784
55	6	0.570701165007172
55	7	0.5330713269214584
55	8	0.5285256673178793
55	9	0.5290373641646937
55	10	0.5279462895659606
55	11	0.48545967328499984
55	12	0.5055408264134513
55	13	0.5128700472208294
55	14	0.49264454090853604
55	15	0.5173985977766264
55	16	0.5335636099044834
55	17	0.4985271056487335
55	18	0.48718699575700697
55	19	0.4878371260624945
55	20	0.5500134981837164
55	21	0.4842620223347609
55	22	0.3988442690470677
55	23	0.4316003057945963
55	24	-0.21634442613734706
55	25	-0.06719426308988119
55	26	0.18410204328139912
55	27	0.2795282911357617
55	28	0.06261333384836831
56	1	0.4552106726773033
56	2	0.5138877818400118
56	3	0.5137007226092862
56	4	0.4768392439991018
56	5	0.4918564142795461
56	6	0.5215222359558993
56	7	0.480795240896974
56	8	0.5493956758996248
56	9	0.5428999086558335
56	10	0.5203549065620123
56	11	0.5110355664824837
56	12	0.5412494044524365
56	13	0.5654328034230147
56	14	0.5433911073359354
56	15	0.5710223571128594
56	16	0.5198353519009729
56	17	0.5123047593980203
56	18	0.535061049215841
56	19	0.620008024480839
56	20	0.6213195165296881
56	21	0.5248613033317611
56	22	0.5420769039471267
56	23	0.6739688254760594
56	24	0.9948848047636432
56	25	1.008470656343242
56	26	0.7090844500372029
56	27	2.1008746662796085
56	28	1.5298538886068513
57	1	0.5135582662898557
57	2	0.6540778854308016
57	3	0.661415418741818
57	4	0.6395089373588405
57	5	0.5972238275005637
57	6	0.6626149841778854
57	7	0.6570372326174265
57	8	0.6576288834465913
57	9	0.6600389545024683
57	10	0.659795470325875
57	11	0.667480010574657
57	12	0.6749376397418914
57	13	0.7162150117728956
57	14	0.649090489817624
57	15	0.6529107060618244
57	16	0.6730726532511184
57	17	0.6366557152396339
57	18	0.6855153442104154
57	19	0.6039381341027266
57	20	0.6567166950612418
57	21	0.6382541369331562
57	22	0.5013521006012525
57	23	0.03407140697012068
57	24	0.09834318519147445
57	25	0.39504447856062797
57	26	0.3608601209354845
57	27	0.07617110896735113
57	28	0.745540163116658
58	1	0.36824186299719486
58	2	0.5277761722176564
58	3	0.4928189505998759
58	4	0.5172308850688765
58	5	0.4750066012279106
58	6	0.54356826436333
58	7	0.5193356106035552
58	8	0.5168008836538505
58	9	0.5032404809042106
58	10	0.5103296460001587
58	11	0.5880523635198074
58	12	0.5452355003755756
58	13	0.5758305515878916
58	14	0.5356948913154582
58	15	0.5417469850838827
58	16	0.4982452951132288
58	17	0.5301147715776438
58	18	0.5989356360863454
58	19	0.5456350188917511
58	20	0.5173371148309229
58	21	0.5201934582652683
58	22	0.4922329735542732
58	23	0.43365887526061186
58	24	-0.040534801440010426
58	25	-0.547446363930213
58	26	-0.11559710043533755
58	27	-0.03113693913625326
58	28	0.2192243736429731
59	1	0.5684599783283275
59	2	0.6277197585819607
59	3	0.5977488078168349
59	4	0.6436126783945255
59	5	0.5884608507410007
59	6	0.6406469952800933
59	7	0.6374353819936047
59	8	0.6136813728893102
59	9	0.6557449228988546
59	10	0.6973403760167116
59	11	0.6426711180465432
59	12	0.6823109187174765
59	13	0.6401852803132471
59	14	0.6817493488046296
59	15	0.6996395343140165
59	16	0.6295499327495264
59	17	0.6765686813313891
59	18	0.6595085342126268
59	19	0.6983627294824046
59	20	0.7241412735349542
59	21	0.7748129941530237
59	22	0.7800553724077446
59	23	0.8960336980897381
59	24	0.4328869803427722
59	25	0.7218658053819524
59	26	0.030582912435860976
59	27	-1.0240081828300447
59	28	-1.31328336629511
60	1	0.5624725698233277
60	2	0.6722211061375631
60	3	0.6852759887040918
60	4	0.6981092451592943
60	5	0.6870358595329975
60	6	0.7279541240336158
60	7	0.704146906029365
60	8	0.7341005689936466
60	9	0.7025431505940176
60	10	0.69997256277356
60	11	0.7897660171114964
60	12	0.7968246640414804
60	13	0.7910927499962312
60	14	0.7893020535379591
60	15	0.7665307049124834
60	16	0.7248285624126964
60	17	0.7484773891401346
60	18	0.7691425621821324
60	19	0.7911368542684727
60	20	0.785278901406727
60	21	0.7878466555754287
60	22	0.7254182794166653
60	23	0.9382470889790042
60	24	0.28198595494269796
60	25	0.238501634901219
60	26	0.5471684439653544
60	27	-0.35619604079109735
60	28	0.745540163116658
71	1	0.45309135383363497
71	2	0.4044744041865016
71	3	0.40646135344268686
71	4	0.40290265302408557
71	5	0.3416160970745423
71	6	0.27272542925582854
71	7	0.29572565731398726
71	8	0.31794720229898843
71	9	0.35575406427777523
71	10	0.2773014429311331
71	11	0.1784357003600192
71	12	0.17029378393478112
71	13	0.21103841656835698
71	14	0.21747932354926292
71	15	0.22637892639642843
71	16	0.19244212592175813
71	17	0.27805535550666605
71	18	0.0791874119783671
71	19	-0.0768424711268949
71	20	0.31589551668628957
71	21	0.22863218611610847
71	22	0.25544677691831197
71	23	0.23328568569984753
71	24	0.5219143022418962
71	25	0.26180272031886886
71	26	0.4631660826902646
71	27	-0.11899254516063706
71	28	-1.7327207064485606
72	1	0.2750958197235036
72	2	0.2785533033894083
72	3	0.2529940183206776
72	4	0.25881584085308873
72	5	0.20064009600719857
72	6	0.14917529586613654
72	7	0.18206080790984203
72	8	0.19814249508801396
72	9	0.15883107248873074
72	10	0.08258264640060275
72	11	0.06654824565377737
72	12	0.01953800779241277
72	13	0.039649181744600526
72	14	0.12855949694744595
72	15	0.10510682448195041
72	16	0.10839669086187342
72	17	0.10068871056108719
72	18	0.06251519006234219
72	19	0.05328396792122447
72	20	0.08067304522957386
72	21	0.15335679446365447
72	22	0.22782560571462085
72	23	0.2754617650499398
72	24	0.7205432160876839
72	25	0.39552692294550695
72	26	0.5186082595610131
72	27	0.5220545502254481
72	28	0.9046310722075646
73	1	0.24139517779939013
73	2	0.26698804215435956
73	3	0.17724898054874672
73	4	0.18571450390807343
73	5	0.23064761772512554
73	6	0.16718526420879698
73	7	0.1975944346334657
73	8	0.19375226788962152
73	9	0.23593104285056654
73	10	0.16096544162213178
73	11	0.09620762715680087
73	12	0.16412975090626247
73	13	0.13938590193708933
73	14	0.22085152695717625
73	15	0.19367145162554777
73	16	0.22574088286366134
73	17	0.17593222175097623
73	18	0.16480399083089736
73	19	0.1753800710729081
73	20	0.18754629379275656
73	21	0.26184480495055595
73	22	0.3052603693351088
73	23	0.25138865271959787
73	24	0.5155955089275892
73	25	0.3273461218714431
73	26	0.6247393195799589
73	27	0.5128908678997703
73	28	0.41767131065763863
74	1	0.2513000176643274
74	2	0.22535139603456855
74	3	0.20323918814627007
74	4	0.22537491007048516
74	5	0.17006456636735123
74	6	0.11013999169515643
74	7	0.15885669718888096
74	8	0.20497718853070523
74	9	0.15760652456125968
74	10	0.14028284318943207
74	11	0.10430135477371039
74	12	0.15381456162685936
74	13	0.24504493673975247
74	14	0.18787397091784186
74	15	0.14747485791381365
74	16	0.20796683731710885
74	17	0.26258628037601284
74	18	0.2161488568628016
74	19	0.20243187915868788
74	20	0.22562854187960113
74	21	0.1542290447262573
74	22	0.31545296706473636
74	23	0.583421515818884
74	24	0.288523021943206
74	25	1.1040129294645595
74	26	0.6330540378723342
74	27	0.6438039592089027
74	28	2.0933662500731813
75	1	0.1933870098825068
75	2	0.22360804049559135
75	3	0.24045595537841535
75	4	0.21999974974424674
75	5	0.20949297408467515
75	6	0.20355718396108813
75	7	0.17149131276286056
75	8	0.2092980730391929
75	9	0.21625961796529936
75	10	0.16953484280538333
75	11	0.17776016108484072
75	12	0.1707268259380541
75	13	0.19578077571681263
75	14	0.2524522113542744
75	15	0.24887066555186266
75	16	0.23891203282281026
75	17	0.2776862580965158
75	18	0.2261607950741933
75	19	0.21572451245132385
75	20	0.3221744343741264
75	21	0.2590093696729241
75	22	0.32742765842014876
75	23	0.3013816613526856
75	24	0.1105578714058737
75	25	-0.05957139015215773
75	26	0.048718030742215035
75	27	0.4100513386638269
75	28	0.8930811467232189
76	1	0.3003161429477359
76	2	0.32831795338266545
76	3	0.42470729015415287
76	4	0.3683496606407104
76	5	0.34339695909822154
76	6	0.45026282651371474
76	7	0.5127838561475215
76	8	0.27686605892007066
76	9	0.5073747688844108
76	10	0.4444056308266511
76	11	0.36933795131709957
76	12	0.4183252071447896
76	13	0.46483258136683503
76	14	0.4279965486585624
76	15	0.5476330061548751
76	16	0.45232159687900975
76	17	0.49349670039131155
76	18	0.6288973248421641
76	19	0.6650552062673114
76	20	0.6165516787569771
76	21	0.6772643458197365
76	22	0.5902975713720551
76	23	0.5240044157733124
76	24	0.5431156078762598
76	25	0.5512122544467104
76	26	0.08707912616852553
76	27	-0.4288456134406715
76	28	-0.42112650355000625
77	1	0.40464274756593
77	2	0.42397152892367984
77	3	0.435572875391145
77	4	0.42190888158551587
77	5	0.43934127933003
77	6	0.3960103870515397
77	7	0.44869610440643726
77	8	0.4130748945860603
77	9	0.45154717558051516
77	10	0.43231120813863555
77	11	0.3257394267567122
77	12	0.36144460700558056
77	13	0.3988315963053708
77	14	0.4126283378234845
77	15	0.3595779709891218
77	16	0.37892756226303703
77	17	0.3441448648302412
77	18	0.4051089354894728
77	19	0.44861218781145595
77	20	0.4180039805619842
77	21	0.44080243994296353
77	22	0.36011738463029985
77	23	0.2630157639964068
77	24	0.0930160558603248
77	25	-0.3753085726434904
77	26	-0.409923618306415
77	27	-0.5988860992706293
77	28	-1.3877931702166748
78	1	0.15779584031445637
78	2	0.13310206258816493
78	3	0.15114019839672466
78	4	0.20865686479717027
78	5	0.14902880854117484
78	6	0.09916441164466505
78	7	0.12610828606138824
78	8	0.17678451259092753
78	9	0.1493085863815864
78	10	0.10665489106220605
78	11	0.10163491485254639
78	12	0.09755047649083792
78	13	0.10337297733983064
78	14	0.10733420835707363
78	15	0.0668681843786203
78	16	0.0408702864350019
78	17	0.01941067350099246
78	18	0.06241461400600912
78	19	0.02043542653723307
78	20	0.024620027996185456
78	21	0.07650860056048003
78	22	-0.03639830198577698
78	23	0.12566218090788084
78	24	0.6449003217618099
78	25	-0.3742995794432247
78	26	-0.202845422582989
78	27	-0.3819412982436745
78	28	-0.7446559153147163
79	1	0.2246225073628736
79	2	0.19476868153625304
79	3	0.14022772380686632
79	4	0.13846145723282177
79	5	0.11794340183575969
79	6	0.1835869214508321
79	7	0.17785235225659335
79	8	0.11932810350913314
79	9	0.17478329076501353
79	10	0.0995875792404064
79	11	0.07920484642410486
79	12	0.07090876663886547
79	13	0.08948873305890004
79	14	0.12095977024328874
79	15	0.1043729800953983
79	16	0.14900124529204106
79	17	0.12329463147047193
79	18	0.18812922971050483
79	19	0.17345874430747443
79	20	0.29447966184346086
79	21	0.25296613920308886
79	22	0.18897758853352542
79	23	0.028818211153648576
79	24	-0.6090850314156029
79	25	-1.0804622369460901
79	26	-0.3555188747364184
79	27	0.3726928480977918
79	28	-0.36766738405315635
80	1	0.21594326207985404
80	2	0.2889196249324826
80	3	0.3049447049389471
80	4	0.32393315534602607
80	5	0.2500188735338753
80	6	0.19471899692253203
80	7	0.2653995220679164
80	8	0.3021582921883734
80	9	0.29100970585935215
80	10	0.19298380565550133
80	11	0.21731805397127602
80	12	0.20694650248792357
80	13	0.22420571419097257
80	14	0.2185069400546098
80	15	0.24097675368030735
80	16	0.19220879246185518
80	17	0.23593614090443538
80	18	0.24569319187769167
80	19	0.1881659437363581
80	20	0.2961191385893329
80	21	0.2526815431244245
80	22	0.19633643793326172
80	23	0.3136508215965961
80	24	-0.0010182674397825053
80	25	0.13311462758967707
80	26	0.03205390627607585
80	27	-0.2973071519022099
80	28	0.08554016311666146
81	1	0.11733103362880826
81	2	0.14432204404217686
81	3	0.09443635257744631
81	4	0.13270309956936188
81	5	0.08980601733021842
81	6	0.02224283808981653
81	7	0.10035007241183536
81	8	0.16206356375499809
81	9	0.11072438947345375
81	10	0.08359819730808482
81	11	0.04265055784171068
81	12	0.09756874104805036
81	13	0.07338108197058091
81	14	0.1114169409736192
81	15	0.11460662000011013
81	16	0.12040923499916545
81	17	0.03448191806640466
81	18	0.16211814241420797
81	19	0.16327696000377045
81	20	0.2362442126503268
81	21	0.24205055462399372
81	22	0.23966941090966998
81	23	0.39817017001507793
81	24	0.36126147087261984
81	25	-0.10557754092931759
81	26	-0.003663662906603804
81	27	-0.32123973617187573
81	28	-0.37945983688334195
82	1	0.32924940217384346
82	2	0.24196484938129714
82	3	0.31001296694231684
82	4	0.3098803865164541
82	5	0.3218367764470358
82	6	0.24387921391063827
82	7	0.290597893262607
82	8	0.26665981919335024
82	9	0.31617474790428446
82	10	0.2089675733833971
82	11	0.1651240476401341
82	12	0.19030633179804823
82	13	0.2016855284402297
82	14	0.23558206312145558
82	15	0.11377821514260233
82	16	0.1741796747778821
82	17	0.16074934426803367
82	18	0.18578478799921072
82	19	0.12520345998021298
82	20	0.15090748376796626
82	21	0.2511884737929577
82	22	0.26481609674932827
82	23	0.3013816613526856
82	24	0.45768511666136646
82	25	-0.47973739192939746
82	26	-0.5810424115182329
82	27	-0.19297086871637248
82	28	-0.905253487676994
83	1	0.2338435052788057
83	2	0.23531746223621042
83	3	0.23627854160248773
83	4	0.2397125227504091
83	5	0.21532941319896537
83	6	0.2595483227499855
83	7	0.19860226788500057
83	8	0.22838112366437002
83	9	0.23156673236073289
83	10	0.23233012583614254
83	11	0.18854132035241378
83	12	0.16989867336040732
83	13	0.18433395901821115
83	14	0.21251147698501427
83	15	0.1251720226082469
83	16	0.14079656849614963
83	17	0.16625435229617125
83	18	0.15640556181919862
83	19	0.06222635836308399
83	20	0.06557516386849471
83	21	-0.03513607943212804
83	22	0.049700328441559805
83	23	0.03575977761593663
83	24	0.30234977029122234
83	25	0.4560334895496396
83	26	1.1433659346517757
83	27	1.7051066412012332
83	28	0.6661750837515754
84	1	0.34278467269992774
84	2	0.35199480986301523
84	3	0.3360616819249813
84	4	0.3179792039997764
84	5	0.296285643390803
84	6	0.2300406775878372
84	7	0.30874772355150526
84	8	0.27763544925063144
84	9	0.2738475992578273
84	10	0.27455764139641303
84	11	0.2291416539063249
84	12	0.2168771254645705
84	13	0.2675445870907467
84	14	0.20858937709530778
84	15	0.1842888155391833
84	16	0.21380290923499246
84	17	0.2714155437368717
84	18	0.29489164534873424
84	19	0.2318293925819006
84	20	0.24393515996565895
84	21	0.13922900635807878
84	22	0.1281689500380523
84	23	0.08224229029566743
84	24	-0.1359196425875666
84	25	0.17748014988518435
84	26	-0.07714868728552204
84	27	-1.4879257086032425
84	28	-0.9279292246384472
85	1	0.16587549603665508
85	2	0.1666823891312461
85	3	0.12443400036337238
85	4	0.1345582151195046
85	5	0.18762875426017445
85	6	0.09408724251979095
85	7	0.13356519364852915
85	8	0.18227497001275594
85	9	0.19296235160416586
85	10	0.09179052214477679
85	11	0.1141413840711536
85	12	0.09414541495223006
85	13	0.1187099700624401
85	14	0.12832249618703173
85	15	0.15430097867449888
85	16	0.12755506874510303
85	17	0.12843760962412176
85	18	0.1541054040099752
85	19	0.10242695729330364
85	20	0.11260174641151366
85	21	0.04650337303104379
85	22	0.05304004730258782
85	23	0.20789680220837425
85	24	0.1864059093830832
85	25	-0.2135884139705695
85	26	0.03658112918223111
85	27	0.0038466942516350855
85	28	1.4055401631166546
86	1	0.26303658181468137
86	2	0.30616252821312173
86	3	0.2938143292802664
86	4	0.3361735089071374
86	5	0.27328081472034427
86	6	0.24029778325603957
86	7	0.29342943877707484
86	8	0.24091402905732195
86	9	0.2556433961534239
86	10	0.23088283676207766
86	11	0.2201261450812595
86	12	0.21039542310665382
86	13	0.2230702390932393
86	14	0.19819587427184615
86	15	0.19708418186320387
86	16	0.2248095063833233
86	17	0.2398780072991329
86	18	0.23644779176087383
86	19	0.19889203776665454
86	20	0.20824418255645583
86	21	0.2378520458344937
86	22	0.16611476434240302
86	23	0.09301775819788105
86	24	-0.1885920358111406
86	25	-0.458199052102259
86	26	-0.20469106016687988
86	27	-0.6146755729548445
86	28	-0.0820460437798971
87	1	0.32847776040654963
87	2	0.33164162766482264
87	3	0.3070999650316537
87	4	0.3239550744969222
87	5	0.3705471150003419
87	6	0.28435207772128734
87	7	0.2950538171137822
87	8	0.3381556471208569
87	9	0.3288493436059454
87	10	0.2847916824517469
87	11	0.3309033624338156
87	12	0.29318057082330995
87	13	0.2853265783358765
87	14	0.27345361911863364
87	15	0.33651149033160976
87	16	0.28364505069831836
87	17	0.28656672768648406
87	18	0.2701288956519292
87	19	0.21600258293486974
87	20	0.31239807795952146
87	21	0.2777864259499836
87	22	0.23621537277421112
87	23	0.09557724115372679
87	24	0.2658205314298385
87	25	0.36486762416502216
87	26	-0.3869944309533935
87	27	-0.9076741243792767
87	28	-1.70061368303719
88	1	0.18414831700884093
88	2	0.1524010527538664
88	3	0.10937836813419466
88	4	0.11636784202151063
88	5	0.12923072729582685
88	6	0.05986710248721039
88	7	0.08912897769605621
88	8	0.13715347385611665
88	9	0.09228692943661798
88	10	0.10390340928951503
88	11	0.038188145087602265
88	12	0.05899545674367346
88	13	0.10980056223074541
88	14	0.10207257238595702
88	15	0.10671382559640818
88	16	0.09350575458643817
88	17	0.03772384186212463
88	18	0.08146282793126147
88	19	0.06495731016782713
88	20	0.14341554620347097
88	21	0.22646292799333878
88	22	0.32503405529836016
88	23	0.14676391817057066
88	24	-0.06730690975464881
88	25	-0.15098536708011068
88	26	0.21711745047142017
88	27	0.7362326711066345
88	28	0.5061035433983463
89	1	-0.04575445404755385
89	2	-0.1131760316726158
89	3	-0.052394461060409014
89	4	-0.12050917869102307
89	5	-0.06649482903986836
89	6	0.024647323957736944
89	7	-0.04090875771475311
89	8	0.005909905326433318
89	9	-0.062153235975024756
89	10	-0.03347390861887334
89	11	-0.08764783022692058
89	12	-0.030916081312533095
89	13	-0.014080752656141726
89	14	-0.03865056178188553
89	15	-0.06047166230084855
89	16	-0.07298415539490577
89	17	-0.032315912330773244
89	18	-0.0019109229131402117
89	19	-0.09424035958251409
89	20	-0.0731403530823087
89	21	-0.03451246091704263
89	22	-0.11533343782455319
89	23	-0.3120781893932829
89	24	-0.17062149987006592
89	25	-0.3753262295694171
89	26	-0.9023101077859295
89	27	-0.8168217150090058
89	28	-2.8848946194920373
90	1	0.07067260211446325
90	2	0.07999155374520228
90	3	0.08076739588398851
90	4	0.1077388733982616
90	5	0.11665230848485209
90	6	0.04279512776211192
90	7	0.11587327999821184
90	8	0.05668412229466213
90	9	0.1119737002566552
90	10	0.09278771106869499
90	11	0.09375374648178081
90	12	0.052665378651717276
90	13	0.10270122378972246
90	14	0.05355761155498584
90	15	0.11779310038871671
90	16	0.11540315680230151
90	17	0.03582985434268693
90	18	0.13862757479768106
90	19	0.053238292176153834
90	20	0.10149926840109202
90	21	0.05135149159562502
90	22	0.1341431369622441
90	23	-0.049091696802690876
90	24	-0.08637756870471947
90	25	0.395912032059762
90	26	-0.060941060166875616
90	27	-0.09230715190221161
90	28	-1.1635507459742485
91	1	0.11403334459417636
91	2	0.10759230060389768
91	3	0.09111081099875662
91	4	0.07835424117143219
91	5	0.06310527706569502
91	6	0.10930760784385285
91	7	0.1629352607550416
91	8	0.08614985680707576
91	9	0.1087912794127277
91	10	0.11750107059479831
91	11	0.06018135349300735
91	12	0.04953203883101054
91	13	0.10640206674261066
91	14	0.04098985906443886
91	15	0.06809926379750664
91	16	0.10048781700592713
91	17	0.052041675145254374
91	18	0.08817737935513748
91	19	0.039991011759539674
91	20	0.06927155463371548
91	21	0.1899578854428725
91	22	0.044523012376821214
91	23	-0.26705454666787887
91	24	-0.2557976681259717
91	25	-0.1728214454696797
91	26	-1.007468837944657
91	27	0.04178375718869631
91	28	-1.986602694026196
92	1	-0.0015318997103221932
92	2	-0.029174050601717738
92	3	-0.01830008326892596
92	4	-0.05900732409978815
92	5	-0.09903877194707178
92	6	-0.11375216731565274
92	7	-0.1541858784034602
92	8	-0.08415862123272433
92	9	-0.1253121556716934
92	10	-0.10151415650447859
92	11	-0.21738304112358264
92	12	-0.22795329828554856
92	13	-0.2564276438829083
92	14	-0.2019128680108082
92	15	-0.19736380649782603
92	16	-0.1947275461972069
92	17	-0.19037361077857184
92	18	-0.24852789711029288
92	19	-0.23402002345557804
92	20	-0.2034405591619617
92	21	-0.32058675883624943
92	22	-0.2683284747194392
92	23	-0.29129794047952373
92	24	-0.6197598935257815
92	25	-1.1552970717809217
92	26	-1.0213577268335428
92	27	-1.1903840749791357
92	28	-1.0570914158307119
93	1	-0.09784329091275623
93	2	-0.07188234210803301
93	3	-0.11908464659251194
93	4	-0.11618400682567653
93	5	-0.14714888343647203
93	6	-0.12112299785171388
93	7	-0.11064867812853407
93	8	-0.08620882022952969
93	9	-0.11194611918703146
93	10	-0.1770956078274608
93	11	-0.20582446016842937
93	12	-0.18008187964693434
93	13	-0.19128151994718934
93	14	-0.1864089278763359
93	15	-0.171345111669865
93	16	-0.19038540271426996
93	17	-0.23686881778385782
93	18	-0.14018987223706603
93	19	-0.23468512879801295
93	20	-0.14026672140555974
93	21	-0.1377024492645802
93	22	-0.07881064522650405
93	23	-0.22332982785822963
93	24	-1.0735653302332508
93	25	-1.5292040670114488
93	26	-0.7857886211424869
93	27	-0.8658033925037145
93	28	-1.379459836883342
94	1	0.07965263743816564
94	2	0.05773773610162891
94	3	0.043266975714679745
94	4	0.03763794430810208
94	5	0.07596806645553755
94	6	-5.88300306247902E-6
94	7	0.02580681953393338
94	8	0.10683679855200268
94	9	0.0764475156003499
94	10	0.027884497436929223
94	11	0.006107372764034835
94	12	0.012671216793656015
94	13	-0.017192244862698658
94	14	0.06368905820527715
94	15	0.020287520245474866
94	16	0.00482647811535486
94	17	-0.018489604066452614
94	18	-0.01310774518301372
94	19	-0.08875746671967732
94	20	0.03306123032086106
94	21	0.01730448240815008
94	22	0.03946870995409313
94	23	-0.10845599410485818
94	24	0.13329509813994633
94	25	-0.04951506026120711
94	26	0.5259907580149417
94	27	0.8592234603426832
94	28	1.1923486737549567
95	1	-0.12051731072327243
95	2	-0.16125339368487346
95	3	-0.06535547797719232
95	4	-0.12248770210467086
95	5	-0.09749697502159194
95	6	-0.014272583923890636
95	7	-0.0020508024202925412
95	8	-0.12879237056939985
95	9	0.03234774990956879
95	10	-0.05823008093649662
95	11	0.0128396155238093
95	12	0.013083589360554981
95	13	0.01066616170908219
95	14	0.0698296993319687
95	15	0.1262681666447989
95	16	0.024001746432141147
95	17	0.08685460541119028
95	18	0.13091319813200641
95	19	0.20741977293990033
95	20	0.04249392365894522
95	21	0.09790548228982487
95	22	0.06710985302024852
95	23	0.17136181229651015
95	24	-0.15474696910720098
95	25	-0.39074647467218426
95	26	-0.37969106016687704
95	27	0.032692848097788385
95	28	-0.7438215390110017
96	1	-0.18264967415642985
96	2	-0.1102049637165905
96	3	-0.19869203015262826
96	4	-0.2104732577995989
96	5	-0.20025602046566604
96	6	-0.22740962430144407
96	7	-0.23886972695537168
96	8	-0.23411935515147775
96	9	-0.22043721219105095
96	10	-0.2458229544864423
96	11	-0.21478909999891016
96	12	-0.23822792287801065
96	13	-0.23554522794801613
96	14	-0.25141787741086574
96	15	-0.240104340992481
96	16	-0.2785427814367267
96	17	-0.23536302083545024
96	18	-0.3586379145470957
96	19	-0.2957804328967697
96	20	-0.28354836587401167
96	21	-0.16945799629444025
96	22	-0.23810154316697663
96	23	-0.23996916954920522
96	24	0.29508891628358924
96	25	0.14211330931146904
96	26	0.742531162055343
96	27	0.6599655753705136
96	28	1.193816025185626
97	1	-0.09327150845380316
97	2	-0.09197769121422539
97	3	-0.11764138385861145
97	4	-0.07486564906271553
97	5	-0.14953962948624167
97	6	-0.1288048837674225
97	7	-0.10682477583357297
97	8	-0.06954355724185035
97	9	-0.0699243498103641
97	10	-0.07368410641873169
97	11	-0.04134562371724826
97	12	-0.10496270730098445
97	13	-0.08207113990953019
97	14	-0.08263634408512388
97	15	-0.07012480930617926
97	16	-0.12385073801949176
97	17	-0.10932010170095907
97	18	-0.06337334907058079
97	19	-0.16190343186687528
97	20	-0.11646626953652373
97	21	-0.1799197040205982
97	22	-0.22533750101786154
97	23	-0.3084787360758767
97	24	-0.8517861730608374
97	25	0.13864887416502114
97	26	-0.17444244138234666
97	27	-0.26903128983324365
97	28	0.17837598401217747
98	1	-0.006658775643231252
98	2	0.014277949570548287
98	3	-0.013400099760644935
98	4	-8.322639890465666E-4
98	5	0.025720286155248573
98	6	-0.013815508117531294
98	7	-0.024424945287350397
98	8	0.002630357257665139
98	9	0.003420671145306642
98	10	-0.023474717138853407
98	11	-0.01887843027034819
98	12	-0.03861971074866233
98	13	-0.04176692683981997
98	14	-0.0022299396699452245
98	15	-0.026865704095811793
98	16	-0.1207994816000948
98	17	-0.11316663551719586
98	18	-0.11921985373987098
98	19	-0.09460670144553518
98	20	-0.14287016389912566
98	21	-0.11864960927916002
98	22	-0.12614865683853793
98	23	-0.2463622741175655
98	24	-0.32122093133713037
98	25	-0.14431047542847608
98	26	0.7245946541188388
98	27	1.2781473935523309
98	28	0.5091765267530235
99	1	0.1141280376166165
99	2	0.07636920203072606
99	3	0.09018868672163904
99	4	0.06057596601616666
99	5	0.03763761133478738
99	6	0.006130838171721109
99	7	0.017253783616382634
99	8	0.04332289856443339
99	9	0.026910811910106247
99	10	0.0067378720185402585
99	11	-0.013189428136726633
99	12	0.0015138414599462635
99	13	0.024823801373798915
99	14	0.04392658872084354
99	15	0.014210325573607463
99	16	-0.031636360433395794
99	17	0.03765377265460046
99	18	0.03336977126387808
99	19	-0.0017606792212490063
99	20	0.028268177968527652
99	21	-0.0657852814968507
99	22	-0.010391717920846588
99	23	-0.44913786803594036
99	24	-0.33542824209616384
99	25	-1.0440968885468394
99	26	-1.38822764553273
99	27	-2.2198844714898414
99	28	-1.2752931702166777
100	1	-0.34078334378606456
100	2	-0.31643404095878935
100	3	-0.34952993474892935
100	4	-0.2918013152320711
100	5	-0.300226175635963
100	6	-0.293985110204936
100	7	-0.26979229567753293
100	8	-0.30375267286965624
100	9	-0.2897831654375196
100	10	-0.3132780560289561
100	11	-0.3382836149723403
100	12	-0.36152203250943415
100	13	-0.3399476907740109
100	14	-0.33490491732209193
100	15	-0.38440115866323055
100	16	-0.3619992593295507
100	17	-0.3189601655116405
100	18	-0.3220165783897073
100	19	-0.3660357311586324
100	20	-0.33687816302084883
100	21	-0.3633445631834036
100	22	-0.3603539511689533
100	23	-0.32753903231763104
100	24	-0.5472959757516094
100	25	-0.12398527217644073
100	26	-0.056280655542600755
100	27	-0.7127616973567541
100	28	1.2172382763242027
101	1	-0.2315641058294844
101	2	-0.26683220565117693
101	3	-0.32035897445825157
101	4	-0.31850812925276273
101	5	-0.3103454202102398
101	6	-0.32012437803569327
101	7	-0.3084071804508497
101	8	-0.29211813354005756
101	9	-0.3126022407878679
101	10	-0.3080473978203315
101	11	-0.274686928862252
101	12	-0.3611831119501403
101	13	-0.3885187411913975
101	14	-0.3411008137204945
101	15	-0.3845043632035967
101	16	-0.35483796717718974
101	17	-0.35851255717838626
101	18	-0.3475802456223036
101	19	-0.4260826529859827
101	20	-0.35058068425897204
101	21	-0.3593192592285064
101	22	-0.32305793234525737
101	23	-0.33063445744761566
101	24	0.10614241222349108
101	25	0.3786317067830467
101	26	0.6612180307422122
101	27	0.8274296902030542
101	28	0.4897262096282873
102	1	-0.13826375466637586
102	2	-0.1020389262533925
102	3	-0.220511080466828
102	4	-0.17547958997487711
102	5	-0.1349314939738946
102	6	-0.20654038020863652
102	7	-0.1980391382336677
102	8	-0.14429165855800363
102	9	-0.18634726921073508
102	10	-0.17664565558569478
102	11	-0.24183629929082429
102	12	-0.24798946780835962
102	13	-0.25566849964550187
102	14	-0.21085655164804962
102	15	-0.26318934467538213
102	16	-0.2537099769554345
102	17	-0.24709257774374294
102	18	-0.29445009377848663
102	19	-0.24479902843548018
102	20	-0.2655332168010176
102	21	-0.3430278707334935
102	22	-0.3989585765362449
102	23	-0.39405261823419835
102	24	-0.2981332761505513
102	25	0.022648874165021482
102	26	0.492531162055343
102	27	-0.32167608394104974
102	28	0.5494617317441097
103	1	-0.18641444782730332
103	2	-0.17248652185540436
103	3	-0.22099622920947581
103	4	-0.24955951246560915
103	5	-0.21846736885470364
103	6	-0.22085142451315676
103	7	-0.3168621067468038
103	8	-0.1952555651071819
103	9	-0.26482637979693635
103	10	-0.26038972160150564
103	11	-0.33113035648715083
103	12	-0.32794894927336316
103	13	-0.32095600229774135
103	14	-0.4002243091196931
103	15	-0.29404432410935044
103	16	-0.3338045628099948
103	17	-0.35573711132044394
103	18	-0.39623089195972483
103	19	-0.3874282871300494
103	20	-0.3884084432264885
103	21	-0.3501014601467176
103	22	-0.1654420489165176
103	23	-0.37780179439463524
103	24	-0.014707521375441956
103	25	0.48200689885638326
103	26	-0.44397677445259376
103	27	0.19935951476445268
103	28	0.98554016311666
104	1	-0.2839405048868002
104	2	-0.29411567043651843
104	3	-0.36386714173035983
104	4	-0.2959163385350436
104	5	-0.29314636410270367
104	6	-0.36697031164751337
104	7	-0.3967021271766029
104	8	-0.3427008040658137
104	9	-0.41870990484566306
104	10	-0.3406003909065589
104	11	-0.3790908357580207
104	12	-0.3789829185923921
104	13	-0.37594201462619026
104	14	-0.39845947823067007
104	15	-0.42015804000162404
104	16	-0.41300869390277484
104	17	-0.36899664248375075
104	18	-0.4831144475767033
104	19	-0.4562143422380345
104	20	-0.37367465259733024
104	21	-0.37577688728705994
104	22	-0.29378932302071803
104	23	-0.5198605940421714
104	24	-0.5924438397834066
104	25	0.43538571627028233
104	26	0.9319855865397102
104	27	-0.1339738185688759
104	28	-0.8334072053043968
105	1	-0.13560464765007652
105	2	-0.16420949086477776
105	3	-0.19265943860526846
105	4	-0.21954668187187565
105	5	-0.20658563996963863
105	6	-0.2571182209835001
105	7	-0.30943436620437836
105	8	-0.29236631010537195
105	9	-0.33514197745547847
105	10	-0.30401064495493557
105	11	-0.40245997044603854
105	12	-0.3464482440899559
105	13	-0.31496261729256503
105	14	-0.4473791124796094
105	15	-0.34653637987500474
105	16	-0.35770241730507024
105	17	-0.3080838368980068
105	18	-0.35175394532789994
105	19	-0.4013588424944743
105	20	-0.35300074550137595
105	21	-0.399325495442703
105	22	-0.22829822678582445
105	23	-0.35208711043239305
105	24	-0.3033673151898739
105	25	0.1071956367549518
105	26	0.07219573228595522
105	27	-0.38069297867386354
105	28	0.05323247080896465
106	1	-0.30417003903210116
106	2	-0.29420269056213755
106	3	-0.3374113734098714
106	4	-0.3132217440864409
106	5	-0.3377098412075483
106	6	-0.35338359686885923
106	7	-0.3554139652964494
106	8	-0.34577366281865807
106	9	-0.34973495290693535
106	10	-0.36386504919919815
106	11	-0.3930161185212597
106	12	-0.4453279990602823
106	13	-0.4212039095323803
106	14	-0.42734246741711956
106	15	-0.43495949361143005
106	16	-0.390999105575915
106	17	-0.4023762134488109
106	18	-0.4715003487150895
106	19	-0.45350370585665445
106	20	-0.3982148202288158
106	21	-0.33068129992904716
106	22	-0.37068881180579893
106	23	-0.15543082336240133
106	24	-0.8652198782169123
106	25	0.12760539590415476
106	26	0.3692937114067263
106	27	1.0208818244757438
106	28	0.6840017015781967
107	1	-0.2725398159952164
107	2	-0.2842356225911189
107	3	-0.3720847215934029
107	4	-0.34825100790316554
107	5	-0.2790482656290436
107	6	-0.2909024894670793
107	7	-0.3164372345413753
107	8	-0.31493550760440314
107	9	-0.3552754229887469
107	10	-0.32790105095582334
107	11	-0.3163103283095339
107	12	-0.3262914899254383
107	13	-0.4110907423773895
107	14	-0.3780261622547556
107	15	-0.38582597333121527
107	16	-0.3567574043206392
107	17	-0.42462026115852325
107	18	-0.3499550053916849
107	19	-0.4338376371108268
107	20	-0.4132866621747908
107	21	-0.3795482500347518
107	22	-0.4297246354002411
107	23	-0.2222648492165149
107	24	-0.08412988491545548
107	25	0.06980081762792167
107	26	-0.29849839961642033
107	27	-0.2353071519022123
107	28	-0.3775367599602646
108	1	-0.3469738179764903
108	2	-0.37997702234464015
108	3	-0.48242006240100466
108	4	-0.4269819230847247
108	5	-0.35967978346791085
108	6	-0.4450168000686645
108	7	-0.47133985297366365
108	8	-0.4255250575841316
108	9	-0.4650234887293152
108	10	-0.42123213272220283
108	11	-0.4586412655917229
108	12	-0.4457114364740704
108	13	-0.4663895380225256
108	14	-0.48575637784229286
108	15	-0.47649460311524194
108	16	-0.44895310491722995
108	17	-0.4948969055870762
108	18	-0.44562065287652075
108	19	-0.4880224425199202
108	20	-0.5227913731982881
108	21	-0.5661914983944385
108	22	-0.4036706232342624
108	23	-0.5804480409932609
108	24	0.043781973229890525
108	25	-0.011632494656268477
108	26	-0.17621512433800035
108	27	0.5417018571067942
108	28	0.6182674358439328
109	1	-0.29835424721659365
109	2	-0.3083936009497492
109	3	-0.3540366677842144
109	4	-0.3038852014886544
109	5	-0.3349143467332425
109	6	-0.384354509486144
109	7	-0.34479305337799815
109	8	-0.2912208024033518
109	9	-0.3018381303168667
109	10	-0.28955445446172945
109	11	-0.3067935836362281
109	12	-0.29800826147680937
109	13	-0.32395476343738494
109	14	-0.36863680110015196
109	15	-0.3213205149684555
109	16	-0.3231832054296149
109	17	-0.26813292498145813
109	18	-0.35409359686262576
109	19	-0.36967186793366835
109	20	-0.3816706114711792
109	21	-0.31441959207570847
109	22	-0.3929601883786944
109	23	-0.2073693131267902
109	24	-0.1498107662132
109	25	-0.14897376734440826
109	26	-0.2398951417995292
109	27	-0.5539213251305597
109	28	-2.238834836883342
110	1	-0.3689970248256671
110	2	-0.34983099339837764
110	3	-0.36303352981478554
110	4	-0.3895294974700292
110	5	-0.3447270808156446
110	6	-0.3492072273725668
110	7	-0.36829138316846155
110	8	-0.34263288864690367
110	9	-0.38465420481833235
110	10	-0.331380550220409
110	11	-0.3835483158965758
110	12	-0.39900431370881506
110	13	-0.3545449041398854
110	14	-0.35250358923660485
110	15	-0.37839714215744635
110	16	-0.3652988041744223
110	17	-0.40311622288610494
110	18	-0.37097215853054877
110	19	-0.38468539928840073
110	20	-0.3418670909847634
110	21	-0.339976056798875
110	22	-0.28936761751425166
110	23	-0.14595563989388438
110	24	-0.34467951017096254
110	25	-0.8292773250969674
110	26	-0.7765660601668785
110	27	-2.0984546928858165
110	28	-3.0510700063748644
111	1	-0.46186635946810384
111	2	-0.5461604144352776
111	3	-0.5775831314885735
111	4	-0.5507265967268111
111	5	-0.5979173473293571
111	6	-0.5831219449875888
111	7	-0.588178205425308
111	8	-0.5262977569596359
111	9	-0.5708832553308767
111	10	-0.5803368537264504
111	11	-0.5627932076196416
111	12	-0.5671255932284538
111	13	-0.5983048497718215
111	14	-0.596166887955377
111	15	-0.6015298847223249
111	16	-0.564876282838803
111	17	-0.629192855806501
111	18	-0.6032772386832121
111	19	-0.541675682290645
111	20	-0.5971026267239168
111	21	-0.5803579536587264
111	22	-0.5410891202650205
111	23	-0.017770920914401245
111	24	-0.0714783547087805
111	25	0.08930659228582982
111	26	0.1527974190957977
111	27	1.016819832224769
111	28	0.683040163116658
112	1	-0.3974440406937205
112	2	-0.49099203101651767
112	3	-0.43803021405112474
112	4	-0.4579496772408831
112	5	-0.44475137058349645
112	6	-0.5248679500208411
112	7	-0.4760312723035014
112	8	-0.5721140685052148
112	9	-0.47175996937586717
112	10	-0.4742453478813289
112	11	-0.5103523736384687
112	12	-0.5346039244525542
112	13	-0.5475297667654146
112	14	-0.5150744519219188
112	15	-0.4938214325895558
112	16	-0.4859731828977374
112	17	-0.513654040858988
112	18	-0.5336493742656714
112	19	-0.5120986257985791
112	20	-0.4977697068656255
112	21	-0.6004324702509791
112	22	-0.5602867026738636
112	23	-0.43561836955604605
112	24	0.3052692498208387
112	25	0.33033141384755993
112	26	0.20919782872201154
112	27	-0.3519225365175984
112	28	-0.15445983688334053
113	1	-0.45384564764719215
113	2	-0.47901116405203936
113	3	-0.4627028574116352
113	4	-0.46054359286649316
113	5	-0.4642927976528597
113	6	-0.5145325190768375
113	7	-0.49780982574070975
113	8	-0.49352660156008454
113	9	-0.5338692496593254
113	10	-0.4788839554302058
113	11	-0.44294810814715646
113	12	-0.5243711772920108
113	13	-0.44267970700614256
113	14	-0.5093278056259294
113	15	-0.461450673650063
113	16	-0.4637347007220356
113	17	-0.49328265887283607
113	18	-0.46396254946203896
113	19	-0.4880663874670006
113	20	-0.5179342916419216
113	21	-0.5078875006965404
113	22	-0.47140747897740454
113	23	-0.840486821843804
113	24	-0.44502018698222656
113	25	-0.027532944016797956
113	26	-0.48327957691329004
113	27	-1.0245590602991612
113	28	-0.29342087584438303
114	1	-0.30585247320335895
114	2	-0.38423551286187774
114	3	-0.40509212995229404
114	4	-0.37484431631362725
114	5	-0.4031569478347592
114	6	-0.4802370127133173
114	7	-0.49060681759867464
114	8	-0.41873673249182275
114	9	-0.45384925853358027
114	10	-0.42545330721419106
114	11	-0.4519148958140562
114	12	-0.47962386973401294
114	13	-0.5279449105738294
114	14	-0.47365013974332726
114	15	-0.5826839368159611
114	16	-0.4396360834779003
114	17	-0.4637059755773194
114	18	-0.5299834106562145
114	19	-0.4469434223959041
114	20	-0.4075407672461182
114	21	-0.4339814267317479
114	22	-0.30580737618886644
114	23	-0.42306533779809996
114	24	-0.6046504970104891
114	25	-0.9273839127202237
114	26	-0.13594106016687846
114	27	0.30510664120123465
114	28	0.8330401631166566
115	1	-0.4503667229045192
115	2	-0.45878999396185804
115	3	-0.5702382187671375
115	4	-0.5548633573633381
115	5	-0.5679452291546525
115	6	-0.5942526351435049
115	7	-0.5761368699233955
115	8	-0.6044253437488365
115	9	-0.5726541598680939
115	10	-0.5991847790749318
115	11	-0.5725514961261737
115	12	-0.6184254509178189
115	13	-0.5845154777852386
115	14	-0.6407822036775102
115	15	-0.6591174376731743
115	16	-0.6333001077314364
115	17	-0.5712285214327721
115	18	-0.6044038709372614
115	19	-0.6055052253562039
115	20	-0.554089247512124
115	21	-0.5308154269271483
115	22	-0.5904431227268248
115	23	-0.6894290503127607
115	24	-1.1261708071651952
115	25	-1.262978886087346
115	26	-1.2743339173097326
115	27	-2.2425009503518254
115	28	-4.660256938332616
116	1	-0.9343335923296863
116	2	-0.9981892180741099
116	3	-0.9207865246754281
116	4	-1.0053367855063868
116	5	-0.87675875338374
116	6	-0.7434214694954733
116	7	-0.6566484306556291
116	8	-0.941153348493927
116	9	-0.754726725829606
116	10	-0.7420260522758468
116	11	-0.696018088482333
116	12	-0.6647014106998554
116	13	-0.707226260880681
116	14	-0.6980584942405841
116	15	-0.603673796959292
116	16	-0.6017482175937516
116	17	-0.5926977943089256
116	18	-0.5312191424910182
116	19	-0.4125827712344474
116	20	-0.5343119029851593
116	21	-0.4440463206076757
116	22	-0.48885383536173066
116	23	-0.5558854079883915
116	24	-0.7336207920128501
116	25	-0.8653794946293019
116	26	-0.6950375948203416
116	27	-0.9779454497745519
116	28	-0.03223761466112052
117	1	-0.7543510565200293
117	2	-0.8984661952178286
117	3	-0.8695089661600193
117	4	-0.9053504942046118
117	5	-0.8053487619315192
117	6	-0.8895433670865032
117	7	-0.8737290846488577
117	8	-0.8380493075383271
117	9	-0.872824319473068
117	10	-0.836259375087657
117	11	-0.8554175323008621
117	12	-0.8707325851244221
117	13	-0.9015366519203383
117	14	-0.879239945949486
117	15	-0.905299064893299
117	16	-0.8625344671166388
117	17	-0.8100753164981995
117	18	-0.9228240353392323
117	19	-0.8708766457265966
117	20	-0.9435782995979949
117	21	-0.9987029195781787
117	22	-0.8719791348795027
117	23	-1.1984561856812448
117	24	-0.43358657742264484
117	25	-0.489351125834979
117	26	-0.6052779146269742
117	27	-0.10919904379410639
117	28	0.23951606673111314
118	1	-0.5691992565081136
118	2	-0.6776212555706635
118	3	-0.6219232716747243
118	4	-0.6564883454938482
118	5	-0.6088041273645999
118	6	-0.7017438857421539
118	7	-0.6318256299562535
118	8	-0.6787065853459069
118	9	-0.7111299610547164
118	10	-0.6693540460835052
118	11	-0.6556163054438002
118	12	-0.6858898062220575
118	13	-0.7122592518884261
118	14	-0.688213765181267
118	15	-0.7767978989753956
118	16	-0.706390762208251
118	17	-0.7177028033251531
118	18	-0.6788013511499429
118	19	-0.7096228674415102
118	20	-0.7657248545986164
118	21	-0.7615507776413466
118	22	-0.6725113753099663
118	23	-0.7495732880405797
118	24	-0.832750334831104
118	25	-0.6189074398281491
118	26	-0.9711544748010255
118	27	-1.2723918976649244
118	28	-0.09759709178530329
119	1	-0.5736612095566684
119	2	-0.6114533194081702
119	3	-0.6178591014954478
119	4	-0.6206324101784375
119	5	-0.6160959559567516
119	6	-0.6943720988131901
119	7	-0.6594962834631204
119	8	-0.6898963406159453
119	9	-0.717777429460007
119	10	-0.7185532424074097
119	11	-0.7450398206668609
119	12	-0.7950065022136599
119	13	-0.7953130408134399
119	14	-0.8294944765795478
119	15	-0.8147147280368969
119	16	-0.8170901789385567
119	17	-0.8477938157753044
119	18	-0.8576560863427218
119	19	-0.8724421930822075
119	20	-0.9233981278957941
119	21	-0.8308999082919115
119	22	-0.8362922221211377
119	23	-1.1072338304979823
119	24	-0.8117193709375243
119	25	-0.14138996078643373
119	26	-0.2435799490557642
119	27	-0.18441241506010897
119	28	0.13442905200554378
120	1	-0.8058953478480078
120	2	-0.7990685596556517
120	3	-0.8546702374307316
120	4	-0.8011273684470837
120	5	-0.7770144919211432
120	6	-0.9155740987606649
120	7	-0.8500533559258798
120	8	-0.8711968469874165
120	9	-0.9062631883881807
120	10	-0.8840542899899617
120	11	-0.9067154398027313
120	12	-0.9403391733380388
120	13	-0.915125316109922
120	14	-0.945997333471162
120	15	-0.9797149108686796
120	16	-0.9691285682428443
120	17	-0.9149627462427787
120	18	-0.9291860547509359
120	19	-0.8621275871399092
120	20	-1.0252836513300636
120	21	-0.9723199523133914
120	22	-1.0293565628568189
120	23	-0.9491553001362689
120	24	-1.0911865978545237
120	25	-1.4826630229410895
120	26	-0.9387074536095028
120	27	-0.24583064183509862
120	28	-0.646864900174478
>>END_MODULE
>>Per sequence quality scores	pass
#Quality	Count
2	178055.0
3	4048.0
4	1852.0
5	2303.0
6	2984.0
7	5038.0
8	4586.0
9	3355.0
10	3327.0
11	4083.0
12	4732.0
13	5606.0
14	6501.0
15	7444.0
16	7689.0
17	8423.0
18	10222.0
19	13511.0
20	17605.0
21	21573.0
22	24624.0
23	28421.0
24	31774.0
25	34035.0
26	31506.0
27	31266.0
28	34002.0
29	38457.0
30	43602.0
31	50262.0
32	60225.0
33	73857.0
34	95720.0
35	143444.0
36	239211.0
37	439862.0
38	1019334.0
39	2988277.0
40	793493.0
>>END_MODULE
>>Per base sequence content	fail
#Base	G	A	T	C
1	6.023922507203149	28.727647815654024	54.26208986047144	10.986339816671393
2	23.249340177428774	32.7620325715802	24.86697912430017	19.12164812669085
3	15.84435468603827	22.1553717089672	17.397715567187603	44.60255803780693
4	24.003309088279863	44.33258762690199	14.868561374023843	16.795541910794313
5	23.205147314933942	32.86678602442715	32.22186727709723	11.706199383541676
6	32.56178053574063	14.133440707218526	37.15752507288187	16.14725368415898
7	18.216559883788136	23.425216703720995	24.835573504419273	33.5226499080716
8	21.20751410471932	41.76601079254914	20.242223695560035	16.784251407171507
9	16.037441286915293	40.48047481957403	31.880495021265503	11.601588872245179
10	24.102433581213294	21.40392787631044	26.473782560821107	28.01985598165515
11	35.7503919448709	7.355776337904757	20.050783590400762	36.84304812682358
12	17.658823877965837	13.596749431674008	28.1500242466313	40.59440244372885
13	19.791363167045475	25.344941870835886	39.302833802507294	15.560861159611353
14	39.59642732907203	28.719943359945276	21.050463009727487	10.633166301255212
15	45.33997635083313	19.154765694059748	24.90908920612532	10.596168748981798
16	14.517648023217847	20.874325848414387	27.69036238588373	36.91766374248404
17	28.2548770713824	20.640331921620543	37.91961664698435	13.185174360012706
18	35.055789744970276	21.972694251401204	22.435716281508718	20.535799722119798
19	34.515022617505025	13.909064660535753	36.39856587195651	15.177346850002712
20	57.31569585539079	14.655385699548734	18.469767659057815	9.559150786002657
21	16.37974265401037	24.029963909978978	26.253696630078405	33.336596805932246
22	35.42492485104659	10.896718390811174	42.899061825247074	10.77929493289516
23	15.16963160794691	26.846317892709955	38.22890820672817	19.755142292614963
24	19.295912400449176	19.41303609100114	41.89819726113408	19.392854247415602
25	22.660970377063137	18.403625993225432	22.013630938437682	36.921772691273745
26	14.606764686219151	17.891911072712404	26.915778268046964	40.58554597302148
27	16.583844232986834	17.300624694082416	27.22521341640465	38.8903176565261
28	15.00726392251816	29.423728813559325	20.048426150121067	35.520581113801455
>>END_MODULE
>>Per sequence GC content	warn
#GC Content	Count
0	9.0
1	9.0
2	8.0
3	6.0
4	5.0
5	5.0
6	5.0
7	9.5
8	23.0
9	36.0
10	42.5
11	50.0
12	68.0
13	109.5
14	162.0
15	246.5
16	359.0
17	522.0
18	844.0
19	1228.5
20	3115.0
21	5734.5
22	6695.0
23	7292.0
24	8663.5
25	16596.0
26	28457.0
27	33330.5
28	41160.0
29	51746.5
30	113798.0
31	231839.0
32	295655.5
33	384743.0
34	563069.0
35	657526.5
36	697619.0
37	691105.0
38	661937.5
39	905149.0
40	1136238.0
41	1152229.5
42	1162296.0
43	1181211.5
44	1216152.0
45	1328110.0
46	1623171.0
47	1825782.5
48	1708404.5
49	1586669.0
50	1321283.5
51	1055898.0
52	844077.0
53	613701.0
54	566519.0
55	505187.0
56	459368.5
57	458080.0
58	470292.0
59	438044.0
60	399168.0
61	351504.5
62	336200.0
63	339132.0
64	294788.0
65	270630.0
66	243691.0
67	212124.5
68	170634.5
69	129204.0
70	117049.0
71	96694.5
72	79565.5
73	76524.5
74	59427.0
75	39919.0
76	31384.5
77	26111.0
78	24364.5
79	25332.5
80	25388.0
81	24801.5
82	26103.5
83	25115.0
84	23647.5
85	19584.5
86	13955.0
87	11630.5
88	10984.5
89	10538.5
90	10165.5
91	7400.5
92	3841.0
93	2292.0
94	1647.5
95	1510.0
96	1498.0
97	1000.0
98	345.0
99	188.0
100	188.0
>>END_MODULE
>>Per base N content	pass
#Base	N-Count
1	1.0784259696615557
2	0.09394703260161592
3	0.019495544347067358
4	0.001964905257027261
5	0.0
6	0.0
7	0.0
8	0.0
9	4.6052466961576434E-5
10	0.0
11	0.0
12	3.070164464105095E-5
13	3.53068913372086E-4
14	0.0029320070632203664
15	0.02465342064676392
16	1.5350822320525477E-4
17	0.0
18	0.0
19	0.0
20	1.6980880886592168E-5
21	3.736799289410247E-5
22	4.119301375640694E-4
23	0.009708669725092583
24	0.028108682306360495
25	0.003718066456719847
26	0.003599749046066503
27	0.0
28	0.0
>>END_MODULE
>>Sequence Length Distribution	warn
#Length	Count
17	243981.0
18	171291.0
19	210061.0
20	536802.0
21	982501.0
22	2659861.0
23	1129920.0
24	310935.0
25	74499.0
26	73919.0
27	58589.0
28	61950.0
>>END_MODULE
>>Sequence Duplication Levels	fail
#Total Deduplicated Percentage	5.315595272099977
#Duplication Level	Percentage of deduplicated	Percentage of total
1	78.88419764959117	4.19316468069567
2	7.791742204379492	0.8283549604604297
3	3.1599461797594297	0.5039098491965883
4	1.792027803045245	0.3810277806935606
5	1.1817262811961775	0.31407893166213446
6	0.8445422269605257	0.26935468012320934
7	0.6383182059416267	0.23751288663190548
8	0.5170005313707938	0.2198532464182214
9	0.4064620452713924	0.19445289535194304
>10	3.335118322436892	3.68020537284216
>50	0.5673446946640412	2.135115655424519
>100	0.6128927457646295	6.985338635281954
>500	0.10983637635697144	4.084544834692233
>1k	0.11300750533315698	13.147347533036482
>5k	0.023639325095201204	8.876171279477955
>10k+	0.022197902833298692	53.94956677801105
>>END_MODULE
>>Overrepresented sequences	fail
#Sequence	Count	Percentage	Possible Source
TTCAAGTAATCCAGGATAGGCT	509415	7.819939152410487	No Hit
AACATTCAACGCTGTCGGTGAG	322405	4.949181870249016	No Hit
AACATTCAACGCTGTCGGTGAGT	319898	4.9106973586914595	No Hit
AAGCTGCCAGTTGAAGAACTGT	206123	3.1641575491736726	No Hit
TTCACAGTGGCTAAGTTCTG	164148	2.5198067822696157	No Hit
TGAGGTAGTAGGTTGTATAGTT	119161	1.8292193385361362	No Hit
TCTTTGGTTATCTAGCTGTATGA	106308	1.6319152192504225	No Hit
TCGGATCCGTCTGAGCTTGGCT	82316	1.2636182901363753	No Hit
TGAGGTAGTAGATTGTATAGTT	75776	1.1632239121601387	No Hit
AACATTCAACGCTGTCGGTGA	68109	1.0455291574286696	No Hit
TTCACAGTGGCTAAGTTCTGC	60259	0.9250252022125448	No Hit
CCTGTCTGAGCGTCGCT	59561	0.914310328232818	No Hit
TCTTTGGTTATCTAGCTGTATG	51212	0.7861463126787507	No Hit
AGCTGGTGTTGTGAATCAGGCCG	48971	0.7517451198584532	No Hit
TCACAGTGAACCGGTCTCTTT	48418	0.7432561151152026	No Hit
TTCAAGTAATCCAGGATAGGCA	46037	0.7067058071700314	No Hit
TGAGATGAAGCACTGTAGCT	42465	0.6518726698411144	No Hit
TCTTTGGTTATCTAGCTGTAT	42060	0.6456555868013015	No Hit
AGCAGCATTGTACAGGGCTATGA	40153	0.6163815686360594	No Hit
TGAGGTAGTAGGTTGTATGGTT	36186	0.5554848564905349	No Hit
CATTATTACTTTTGGTACGCG	36036	0.5531822331424561	No Hit
TTCAAGTAATCCAGGATAGGCC	35416	0.5436647233037303	No Hit
TGAGGTAGTAGTTTGTACAGTT	35007	0.5373862369746354	No Hit
CAACGGAATCCCAAAAGCAGCTG	34936	0.5362963285898781	No Hit
TGTAAACATCCTCGACTGGAAGCT	33625	0.5161714005276692	No Hit
TGAGGTAGTAGGTTGTATAGT	33250	0.5104148421574721	No Hit
TGAGATGAAGCACTGTAGCTC	33131	0.5085880943013296	No Hit
TGAGATGAAGCACTGTAGCTCT	31637	0.48565396575446457	No Hit
TGTAAACATCCTTGACTGGAAGCT	29338	0.4503624252395764	No Hit
TGTAAACATCCTCGACTGGA	27110	0.4161607931094457	No Hit
TGAGACCTCTGGGTTCTGAGCT	27032	0.4149634289684447	No Hit
TTCAAGTAATCCAGGATAGGC	25560	0.39236701851263117	No Hit
TCCCTGAGACCCTAACTTGTGA	23824	0.365717990964199	No Hit
TCGAGGAGCTCACAGTCTAGT	23092	0.3544811890255743	No Hit
AACATTCATTGCTGTCGGTGGG	23054	0.35389785777739435	No Hit
TGAGGTAGTAGATTGTATAGT	22795	0.34992199479637826	No Hit
TATTGCACTCGTCCCGGCCTCC	21694	0.3330207394214797	No Hit
TGAGGTAGTAGTTTGTGCTGTT	21006	0.32245937366495814	No Hit
CGCCTGTCTGAGCGTCGCT	20993	0.32225981297479134	No Hit
AACATTCAACGCTGTCGGTGAGA	20898	0.3208014848543414	No Hit
TATTGCACTTGTCCCGGCCTGT	20771	0.31885193041963467	No Hit
TGAGGTAGTAGGTTGTGTGGTT	19764	0.3033936523428655	No Hit
TGTAAACATCCCCGACTGGAAGCT	19603	0.3009221699492609	No Hit
TGAGGTAGTAAGTTGTATTGTT	19504	0.2994024385395289	No Hit
AATATAACACAGATGGCCTGT	18039	0.2769134838399591	No Hit
TGAGATGAAGCACTGTAGCTCA	17874	0.2743805981570724	No Hit
GTACAGTACTGTGATAACTGA	17358	0.2664595738396813	No Hit
AACATTCAACCTGTCGGTGAGT	16450	0.2525210271726441	No Hit
TAGCAGCACGTAAATATTGGCG	16409	0.2518916434575026	No Hit
TAGCACCATCTGAAATCGGTT	16333	0.2507249809611426	No Hit
TTCAAGTAATCCAGGATAGGCG	16002	0.24564385877304867	No Hit
AACATTCAACCTGTCGGTGAGTT	16000	0.24561315712840764	No Hit
AACATTCAACGCTGTCGGTGAGTT	15155	0.2326417122675636	No Hit
TAAGGCACGCGGTGAATGCCA	14661	0.225058406041224	No Hit
TGTAAACATCCTACACTCTCAGCT	14247	0.21870316560052647	No Hit
TCCAGCATCAGTGATTTTGTT	13762	0.21125801677507164	No Hit
AGCTGGTGTTGTGAATCAGGCCA	13358	0.20505628455757932	No Hit
TCACAGTGAACCGGTCTCTT	13288	0.20398172699514255	No Hit
TTCAAGTAATCCAGGATAGGCTT	13089	0.20092691335335797	No Hit
TCGGATCCGTCTGAGCTTGGCTT	12857	0.19736552257499607	No Hit
TAGTAGACCGTATAGCGTACG	12481	0.1915936133824785	No Hit
AACATTCATTGCTGTCGGTGGGT	12322	0.18915283263351493	No Hit
CCTGTCTGAGCGTCGCC	12199	0.1872646814880903	No Hit
TCGGATCCGTCTGAGCTTGG	11786	0.18092479186971328	No Hit
TAAGGCACGCGGTGAATGCC	11675	0.17922085059213494	No Hit
TCGGATCCGTCTGAGCTTGGC	11506	0.17662656161996612	No Hit
ATAGTAGACCGTATAGCGTACG	11348	0.1742011316933231	No Hit
AGCAGCATTGTACAGGGCTATG	11028	0.16928886855075495	No Hit
TGTAAACATCCTACACTCAGCT	10827	0.16620335326432933	No Hit
TACAGTACTGTGATAACTGACT	10554	0.1620125787708259	No Hit
AACATTCAACGCTGTCGGTG	10491	0.16104547696463278	No Hit
TCCAGCATCAGTGATTTTGTTG	10453	0.16046214571645281	No Hit
CATCATCGTCTCAAATGAGTCT	10430	0.16010907680308073	No Hit
TAACAGTCTACAGCCATGGTCG	10366	0.1591266241745671	No Hit
CGCGACCTCAGATCAGA	10087	0.1548437447471405	No Hit
TTCACAGTGGCTAAGTTCTGCT	10061	0.15444462336680684	No Hit
TCGGATCCGTCTGAGCTTGGCA	10032	0.15399944951951158	No Hit
TGTAAACATCCTCGACTGGAA	9943	0.15263322633298482	No Hit
TAGCACCATCTGAAATCGGTTA	9738	0.14948630775727711	No Hit
AACATTCAACGCTGTCGGTGAGG	9724	0.14927139624478974	No Hit
TACAGTACTGTGATAACTGAAG	9711	0.1490718355546229	No Hit
TCGGATCCGTCTGAGCTTGGCC	9571	0.14692272042974935	No Hit
TGAGGTAGGAGGTTGTATAGTT	9527	0.14624728424764621	No Hit
AGCTACATTGTCTGCTGGGTTT	9298	0.14273194593624589	No Hit
AACATTCAACGCTGTCGGTGAGC	9286	0.14254773606839957	No Hit
TCCCTGAGACCCTTTAACCTGT	9225	0.14161133590684755	No Hit
TTATAAAGCAATGAGACTGATT	9145	0.1403832701212055	No Hit
TACCTGGTTGATCCTGCC	9137	0.1402604635426413	No Hit
TTCAAGTAATTCAGGATAGGTT	9113	0.1398920438069487	No Hit
TCGACCGGACCTCGACCGGCT	9010	0.13831090910793453	No Hit
TATACAAGGGCAAGCTCTCTGT	8962	0.13757406963654933	No Hit
AGCAGCATTGTACAGGGCTATGT	8871	0.1361771448053815	No Hit
TCTGGCTCCGTGTCTTCACTCCC	8817	0.13534820040007312	No Hit
GTACAGTACTGTGATAACTGAA	8809	0.13522539382150892	No Hit
TACGCCTGTCTGAGCGTCGCT	8777	0.13473416750725212	No Hit
TCTTTGGTTATCTAGCTGTATGT	8765	0.1345499576394058	No Hit
CACCCGTAGAACCGACCTTGCG	8557	0.1313569865967365	No Hit
GCTAAATTTGACTGGCTT	8382	0.12867059269064454	No Hit
TCGACACAAGGGTTTGT	8335	0.12794910404157986	No Hit
GTACAGTACTGTGATAACT	8276	0.12704340552466886	No Hit
AGCTACATCTGGCTACTGGGTCTC	8254	0.1267056874336173	No Hit
ATAGGCGATAGAAATTGAAACCT	8130	0.12480218546587214	No Hit
CCTCGACACAAGGGTTTGT	8104	0.12440306408553847	No Hit
CCTGTCTGAGCGTCGCTT	8066	0.12381973283735849	No Hit
TCCGGCCGTGTCGGCGG	8049	0.12355876885790956	No Hit
TACAGTACTGTGATAACTGAA	7865	0.12073421755093287	No Hit
TCACAGTGAACCGGTCTCTTTT	7827	0.1201508863027529	No Hit
GTCAGGATGGCCGAGCGGTCTAAGGC	7719	0.11849299749213617	No Hit
TATTGCACTTGTCCCGGCCTGTAA	7618	0.11694256443776309	No Hit
CTCGACACAAGGGTTTGT	7512	0.1153153772717874	No Hit
ATCACATTGCCAGGGATTACCA	7454	0.11442502957719691	No Hit
GCGTTCGCGCTTTCCCCTG	7353	0.11287459652282383	No Hit
CTAGACTGAAGCTCCTTGAGGA	7198	0.11049521906314239	No Hit
AGCTGGTGTTGTGAATCAGGC	7189	0.11035706166225764	No Hit
AACATTCATTGCTGTCGGTGGA	7078	0.10865312038467934	No Hit
TTGTGCTTGATCTAACCATGT	7065	0.10845355969451251	No Hit
TCGGATCCGTCTGAGCTTGGCTAT	6993	0.10734830048743467	No Hit
TCGGATCCGTCTGAGCTTGGCTA	6763	0.10381761135371381	No Hit
AACATTCAACGCTGTCGGTGG	6739	0.1034491916180212	No Hit
TCGTACCGTGAGTAATAATGCG	6644	0.10199086349757128	No Hit
AGCTACATTGTCTGCTGGGTTTC	6630	0.1017759519850839	No Hit
>>END_MODULE
>>Adapter Content	pass
#Position	Illumina Universal Adapter	Illumina Small RNA 3' Adapter	Illumina Small RNA 5' Adapter	Nextera Transposase Sequence	SOLID Small RNA Adapter
1	0.0	0.0	0.0	0.0	0.0
2	0.0	0.0	0.0	0.0	0.0
3	0.0	0.0	0.0	0.0	0.0
4	0.0	0.0	0.0	0.0	0.0
5	0.0	0.0	0.0	0.0	0.0
6	0.0	0.0	0.0	0.0	0.0
7	0.0	0.0	0.0	0.0	0.0
8	0.0	0.0	0.0	0.0	0.0
9	0.0	0.0	0.0	0.0	0.0
10	0.0	0.0	0.0	0.0	0.0
11	0.0	0.0	0.0	0.0	0.0
12	0.0	0.0	0.0	0.0	0.0
13	0.0	0.0	0.0	0.0	0.0
14	0.0	0.0	0.0	0.0	0.0
15	0.0	0.0	0.0	0.0	0.0
16	0.0	0.0	0.0	0.0	0.0
>>END_MODULE
>>Kmer Content	fail
#Sequence	Count	PValue	Obs/Exp Max	Max Obs/Exp Position
GCCTTTA	10	3.5806625E-6	1825.1256	22
CATGAGT	5	0.0024561745	1825.1256	22
CCGAGAC	5	0.0024561745	1825.1256	22
TTGCCCC	5	0.0024561745	1825.1256	22
CACACGA	5	0.0024561745	1825.1256	22
GTAACCT	5	0.0024561745	1825.1256	22
GCATCAA	5	0.0024561745	1825.1256	22
GCACCCA	150	0.0	1338.4254	22
TAGTCTT	100	0.0	1277.5879	22
GCGACCA	55	0.0	1161.4435	22
ATGGCCA	170	0.0	1127.2833	22
TCTGATA	165	0.0	995.523	22
GGTAACC	10	0.009821116	912.5628	22
TTAACCA	50	0.0	912.5628	22
AGCCTTA	10	0.009821116	912.5628	22
TATACCA	10	0.009821116	912.5628	22
TTCGCCC	10	0.009821116	912.5628	22
ATCATCC	10	0.009821116	912.5628	22
ATACCAA	10	0.009821116	912.5628	22
TAGTCTA	80	0.0	798.49243	22
>>END_MODULE
