##FastQC	0.11.5
>>Basic Statistics	pass
#Measure	Value
Filename	ct1
File type	Conventional base calls
Encoding	Illumina 1.5
Total Sequences	3623955
Sequences flagged as poor quality	0
Sequence length	17-28
%GC	47
>>END_MODULE
>>Per base sequence quality	pass
#Base	Mean	Median	Lower Quartile	Upper Quartile	10th Percentile	90th Percentile
1	36.61873367632876	39.0	38.0	40.0	31.0	40.0
2	36.66763301420686	39.0	38.0	40.0	31.0	40.0
3	36.54761220820899	39.0	38.0	40.0	30.0	40.0
4	36.58766430598614	39.0	38.0	40.0	31.0	40.0
5	36.587102764797024	39.0	38.0	40.0	31.0	40.0
6	36.3551821145682	39.0	38.0	40.0	30.0	40.0
7	36.68854138641346	40.0	38.0	40.0	31.0	40.0
8	36.630015273368464	39.0	38.0	40.0	31.0	40.0
9	36.627188803392976	40.0	38.0	40.0	31.0	40.0
10	36.61091983758077	40.0	38.0	40.0	31.0	40.0
11	36.97495719455677	40.0	38.0	40.0	33.0	40.0
12	36.82523596457462	40.0	38.0	40.0	32.0	40.0
13	36.929066448120906	40.0	38.0	40.0	33.0	40.0
14	36.85774409450448	40.0	38.0	40.0	32.0	40.0
15	36.7825527634863	39.0	38.0	40.0	32.0	40.0
16	36.83719913740651	40.0	38.0	40.0	33.0	40.0
17	36.62581323443586	39.0	38.0	40.0	31.0	40.0
18	36.77823199454902	39.0	38.0	40.0	32.0	40.0
19	36.553407145896806	39.0	38.0	40.0	31.0	40.0
20	36.55487527226827	39.0	38.0	40.0	31.0	40.0
21	36.12625118812803	39.0	37.0	40.0	30.0	40.0
22	36.543810765330385	39.0	38.0	40.0	31.0	40.0
23	35.79878624294263	39.0	36.0	40.0	29.0	40.0
24	35.27754611379082	39.0	35.0	40.0	28.0	40.0
25	35.616682280645435	39.0	36.0	40.0	29.0	40.0
26	35.6975276454194	39.0	36.0	40.0	30.0	40.0
27	36.19468256769704	39.0	37.0	40.0	31.0	40.0
28	35.93395781052004	39.0	36.0	40.0	30.0	40.0
>>END_MODULE
>>Per tile sequence quality	pass
#Tile	Base	Mean
1	1	-0.6899014147625735
1	2	-0.8249084175211863
1	3	-0.8247501371172845
1	4	-0.7980362079488046
1	5	-0.7783417183087238
1	6	-0.7775573245020979
1	7	-0.8483574631363879
1	8	-0.7967256868907313
1	9	-0.7622365578631047
1	10	-0.7944132722710151
1	11	-0.7827203965542537
1	12	-0.8166907571937827
1	13	-0.7579125169421914
1	14	-0.7603924794360779
1	15	-0.830436429319164
1	16	-0.8221913515302361
1	17	-0.8705550187611379
1	18	-0.8436084434552455
1	19	-0.8470725666989978
1	20	-0.9810650484170509
1	21	-1.0061148468606405
1	22	-0.8621977670852417
1	23	-0.8997216235102528
1	24	-0.20250782900807707
1	25	0.04589943514370276
1	26	-0.06848311803489082
1	27	0.5318539610555533
1	28	0.5897550432792755
2	1	-0.7581259056381526
2	2	-0.8726680882163862
2	3	-0.9206746973341069
2	4	-0.8319498294419461
2	5	-0.855508537859933
2	6	-0.8298002045067818
2	7	-0.8511535497959457
2	8	-0.74327270054075
2	9	-0.8106619494191492
2	10	-0.7911607166114365
2	11	-0.6408814671113348
2	12	-0.6483063634148465
2	13	-0.6342278987016599
2	14	-0.656245749952916
2	15	-0.6351841910800147
2	16	-0.5937699182825256
2	17	-0.7068369296699117
2	18	-0.6511777671798882
2	19	-0.6424959928670475
2	20	-0.7340129032345644
2	21	-0.8170849748880826
2	22	-0.7113019118345534
2	23	-0.9594862199434857
2	24	-0.5482602581351941
2	25	-0.20030643101969758
2	26	-0.30577125362811586
2	27	0.19722863805813518
2	28	-0.2882937372085266
3	1	-0.8057457219523201
3	2	-0.9124404255961949
3	3	-0.9569218420743866
3	4	-0.9771928810361672
3	5	-0.9426520230007966
3	6	-0.8080287376180593
3	7	-0.7882240214239999
3	8	-0.7976713800158137
3	9	-0.8284745500647688
3	10	-0.843293144677574
3	11	-0.7020174138405224
3	12	-0.6862924951702425
3	13	-0.6604159681854469
3	14	-0.6805766952096235
3	15	-0.7671077254697067
3	16	-0.6800233840286865
3	17	-0.6729330613170887
3	18	-0.6139772017207363
3	19	-0.512683391770274
3	20	-0.5651051338254902
3	21	-0.4972927582426223
3	22	-0.6049116281914237
3	23	-0.5517411156704668
3	24	-0.7775497669245723
3	25	-1.0448961187466423
3	26	-0.7446903454093743
3	27	-0.060549139719640266
3	28	-0.4546477084405467
4	1	-0.5554874524338089
4	2	-0.6556027008500038
4	3	-0.688982683244447
4	4	-0.6363986334749043
4	5	-0.7066911920617827
4	6	-0.6304107785326849
4	7	-0.6445558075410105
4	8	-0.6654828168586207
4	9	-0.6472613167667873
4	10	-0.5871032636717644
4	11	-0.5973803079069882
4	12	-0.6400619743430269
4	13	-0.5047421460588168
4	14	-0.5405514019716833
4	15	-0.5298111323373647
4	16	-0.49736949251555274
4	17	-0.6077508949704651
4	18	-0.5323234904430407
4	19	-0.5093603109141753
4	20	-0.5475188386391139
4	21	-0.5591940911993234
4	22	-0.40933948442842905
4	23	-0.7061707766988263
4	24	-0.9822660767327207
4	25	-0.2880568560954728
4	26	0.7474343469614197
4	27	0.643028096052717
4	28	-0.023114702439457346
5	1	-0.7870576728491443
5	2	-0.9125900706062993
5	3	-0.6066785628123412
5	4	-0.671263058507499
5	5	-0.6715936728660239
5	6	-0.6506145029518464
5	7	-0.6636087086441051
5	8	-0.8461945069257268
5	9	-0.6717796038990116
5	10	-0.6627123917042965
5	11	-0.7482538956438844
5	12	-0.6399614912889788
5	13	-0.6968868426210904
5	14	-0.6731735419267935
5	15	-0.5718334228181448
5	16	-0.5464851512232656
5	17	-0.5226947323574223
5	18	-0.5107911962845719
5	19	-0.5028341625517498
5	20	-0.5520804152996917
5	21	-0.47095170538418785
5	22	-0.5061898424725584
5	23	-0.5904953692441879
5	24	-0.8114900217455059
5	25	-0.24545634283627749
5	26	-0.017235286725671983
5	27	0.035137134790161895
5	28	0.1156087018158587
6	1	-0.8737436216310925
6	2	-0.990199829523128
6	3	-0.9584305569819094
6	4	-0.9313160682023494
6	5	-0.9609324206362686
6	6	-1.022204480333464
6	7	-0.9786761131918809
6	8	-1.0076037135582325
6	9	-1.0602939414468011
6	10	-0.9819963151172146
6	11	-0.8890552956523123
6	12	-0.9087032077588688
6	13	-0.8485669727282286
6	14	-0.9099975862780312
6	15	-0.8796222186365341
6	16	-0.7461241044103559
6	17	-0.8247632394167255
6	18	-0.7474639108258785
6	19	-0.9148520536397129
6	20	-0.9456842670240491
6	21	-0.9043804464361003
6	22	-1.113551327793033
6	23	-1.449322654001378
6	24	-1.862240833433816
6	25	-2.5636030609829987
6	26	-2.2685806671142714
6	27	-2.368711133489114
6	28	-3.389845843638682
7	1	-0.5426737133692683
7	2	-0.5610002925143931
7	3	-0.5973101916871926
7	4	-0.5474844683229705
7	5	-0.5502906160894625
7	6	-0.49437889167239746
7	7	-0.5486091152052879
7	8	-0.48839211473580946
7	9	-0.5527643749778122
7	10	-0.5543830646345853
7	11	-0.4216281509758275
7	12	-0.49314497064889196
7	13	-0.3988616400387386
7	14	-0.4502316750981592
7	15	-0.43606093705846405
7	16	-0.5061848124305328
7	17	-0.48954993235548727
7	18	-0.41820479045814807
7	19	-0.4742729869116431
7	20	-0.4538163076171813
7	21	-0.43507157345569425
7	22	-0.46844997124345866
7	23	-0.46798383978960345
7	24	-1.2230737682044293
7	25	-1.2247603721403095
7	26	0.19634739043968352
7	27	0.20483898813424162
7	28	-0.6541473957451132
8	1	-0.4599689399617759
8	2	-0.5618570306801018
8	3	-0.5858575638424455
8	4	-0.5174836971000119
8	5	-0.5156512725237761
8	6	-0.5787586793924504
8	7	-0.6186424377203537
8	8	-0.6115557598540349
8	9	-0.5804963496898949
8	10	-0.6008670578591904
8	11	-0.5177164513121184
8	12	-0.5245663253036668
8	13	-0.47707831879583296
8	14	-0.596860323843508
8	15	-0.5251882728413406
8	16	-0.5141191568391434
8	17	-0.656896854676944
8	18	-0.5926755083699149
8	19	-0.7253441219353789
8	20	-0.5930170738979683
8	21	-0.5907985937780609
8	22	-0.43592344858561205
8	23	-0.9873888738885341
8	24	-0.8305525217455028
8	25	-0.7252534687872512
8	26	-0.7656091312994491
8	27	-1.9879565471270482
8	28	-2.4397401353934427
9	1	-0.534000883862042
9	2	-0.5707557258685014
9	3	-0.5851038349709796
9	4	-0.5278090002215947
9	5	-0.568700383667391
9	6	-0.6135565980013737
9	7	-0.5932104579893789
9	8	-0.5821242222892664
9	9	-0.5509869716135185
9	10	-0.5269251922829312
9	11	-0.6242036755375295
9	12	-0.5243161523191802
9	13	-0.4968165058461764
9	14	-0.523155992199591
9	15	-0.5165243029070368
9	16	-0.37678803112691384
9	17	-0.428442576648699
9	18	-0.41075517496184233
9	19	-0.5060939693710793
9	20	-0.5083556595703485
9	21	-0.5384197407791902
9	22	-0.43907126530744733
9	23	-0.6474256492588708
9	24	-0.9400842021862772
9	25	-1.292146238306664
9	26	-0.9609106740764446
9	27	-1.6108521700226746
9	28	-1.0009130373145751
10	1	-0.33809383050874686
10	2	-0.4252747234721781
10	3	-0.4108625279980558
10	4	-0.4415566885909996
10	5	-0.3859989745258403
10	6	-0.43296638130815523
10	7	-0.4759461140194361
10	8	-0.45822137234447524
10	9	-0.4447741762581643
10	10	-0.4784024185146052
10	11	-0.3224151573964775
10	12	-0.39952457464733016
10	13	-0.32837839979193006
10	14	-0.36124672782151634
10	15	-0.4377210504908291
10	16	-0.2392549745601471
10	17	-0.4032341577583054
10	18	-0.3762800830142936
10	19	-0.4355516323890427
10	20	-0.4163711714025382
10	21	-0.6196355697020692
10	22	-0.39452280203051515
10	23	-0.2766940997193714
10	24	-0.4881672006445896
10	25	0.085155902061679
10	26	0.7118235809158762
10	27	0.7659420883505348
10	28	1.8017625479697088
11	1	-0.29050578543515115
11	2	-0.35216460302763863
11	3	-0.2961033014793628
11	4	-0.25521598366216125
11	5	-0.3008073521332264
11	6	-0.35026184021553064
11	7	-0.3444913949995936
11	8	-0.2938147411676155
11	9	-0.37725487028435367
11	10	-0.38116912758668064
11	11	-0.3774352676988215
11	12	-0.31361142430071
11	13	-0.26683779659150275
11	14	-0.3643944727350288
11	15	-0.3401028657300955
11	16	-0.2904753115508214
11	17	-0.3640545143592675
11	18	-0.35407074501308244
11	19	-0.369628947562731
11	20	-0.32126552587320134
11	21	-0.20351943821398066
11	22	-0.25489005787218133
11	23	-0.5713858188715264
11	24	-1.090965501096541
11	25	-1.1597420571219956
11	26	0.03686463181899313
11	27	-0.8919526484915679
11	28	-1.3416885954814362
12	1	-0.5717897024984993
12	2	-0.5887233130420952
12	3	-0.6601831329580037
12	4	-0.7270591916928169
12	5	-0.657221364355749
12	6	-0.6671313712649862
12	7	-0.6080700420549761
12	8	-0.6693146308316074
12	9	-0.6713476155793074
12	10	-0.6185936374921539
12	11	-0.5411280224511472
12	12	-0.5707247191140112
12	13	-0.4845963206109758
12	14	-0.6102275996574633
12	15	-0.5614793974865933
12	16	-0.46686092913972743
12	17	-0.5150651021124233
12	18	-0.4983774192394961
12	19	-0.5467176815425177
12	20	-0.622691270997116
12	21	-0.5642453345397769
12	22	-0.5145445453181807
12	23	-0.8961158965605236
12	24	-0.7775497669245723
12	25	-1.1162637962524258
12	26	-1.3929383238460318
12	27	-2.3097158063863077
12	28	-2.6401359790352004
13	1	-0.3306928788810737
13	2	-0.43156747712816923
13	3	-0.4747540700070729
13	4	-0.41500621067838495
13	5	-0.35310803693634796
13	6	-0.4370345731253238
13	7	-0.3923605094330114
13	8	-0.3517502010355926
13	9	-0.34384714655679716
13	10	-0.3488938234798411
13	11	-0.36244072381235526
13	12	-0.36315446417422237
13	13	-0.34173307715239076
13	14	-0.41776797612619987
13	15	-0.39700840276512395
13	16	-0.4361526935676707
13	17	-0.46940025980821076
13	18	-0.44557269954918866
13	19	-0.4006030124989337
13	20	-0.5071424884615041
13	21	-0.5003344896954118
13	22	-0.5085890519357719
13	23	-0.6258216746534018
13	24	-1.4124417725598377
13	25	-0.5631706285505658
13	26	-0.03497444864077437
13	27	0.3194508602803623
13	28	0.47412722033438115
14	1	-0.2836833101814946
14	2	-0.2605450227717796
14	3	-0.2577015447554345
14	4	-0.1767914139574458
14	5	-0.21980253759897295
14	6	-0.2108765211094905
14	7	-0.2052487984028204
14	8	-0.24195868406390275
14	9	-0.168307702919698
14	10	-0.16173775838086613
14	11	-0.14719282746766993
14	12	-0.1619848401091275
14	13	-0.16848855666131612
14	14	-0.2486448211645751
14	15	-0.16555571103302924
14	16	-0.08184243060330232
14	17	-0.13336234624105714
14	18	-0.15040870455939626
14	19	-0.2650376411052875
14	20	-0.26491364027895514
14	21	-0.33916731449326676
14	22	-0.24373802995484795
14	23	7.217645228365654E-4
14	24	-0.14997945584292438
14	25	-1.5215897902272104
14	26	-1.1376690030029408
14	27	-1.6725031627081464
14	28	-0.7034822072750444
15	1	-0.3606794568092724
15	2	-0.3027724101239855
15	3	-0.38135490286384055
15	4	-0.33871407082816063
15	5	-0.2845941085163375
15	6	-0.2642108635810132
15	7	-0.2743579451070204
15	8	-0.30193542269748264
15	9	-0.3461247249602266
15	10	-0.19959989182330418
15	11	-0.1549771585498192
15	12	-0.09902149120362225
15	13	-0.15205159690216874
15	14	-0.15182152235765756
15	15	-0.20549359784648402
15	16	-0.1357322378323147
15	17	-0.19096176006340215
15	18	-0.20939644813313407
15	19	-0.20275461333455524
15	20	-0.1661385044720376
15	21	-0.1842679437100614
15	22	-0.19490509982931314
15	23	-0.6655625932649301
15	24	-1.2543986755916592
15	25	-0.24861248901568445
15	26	0.35496083581783466
15	27	0.5604765013059989
15	28	1.0096627558699183
16	1	-0.22067746176573166
16	2	-0.3445067185317612
16	3	-0.4671372510300884
16	4	-0.3818665659490179
16	5	-0.4000468332155336
16	6	-0.5598992333300714
16	7	-0.3570209796572428
16	8	-0.3761561598030312
16	9	-0.3881796494730452
16	10	-0.3776557478508735
16	11	-0.4025550904016555
16	12	-0.348636963248353
16	13	-0.2867885311284013
16	14	-0.3695555311380758
16	15	-0.36597719936731465
16	16	-0.2554329961342745
16	17	-0.3830228217454774
16	18	-0.3056450227928664
16	19	-0.39357963895314896
16	20	-0.39546935406109185
16	21	-0.4089416405653097
16	22	-0.33713388317431736
16	23	-0.5853979668174034
16	24	-0.5397417109346918
16	25	-1.5729427804492957
16	26	-1.11830778197411
16	27	-0.05209385516679532
16	28	-0.5693912981841365
17	1	-0.06499676141729793
17	2	-0.09770296369254083
17	3	-0.14107793034573746
17	4	-0.1455578912779245
17	5	-0.07575311019847675
17	6	-0.1305860806246386
17	7	-0.06016844964215551
17	8	-0.10261061097764923
17	9	-0.07856086933169593
17	10	-0.049264970727037394
17	11	-0.03958080262387398
17	12	-0.06843351191933777
17	13	-0.034566727836136124
17	14	-0.032742163827940374
17	15	-0.015650787882577788
17	16	8.49006887477799E-4
17	17	-0.05717734744784053
17	18	0.009927194117850036
17	19	-0.01816520094762808
17	20	-0.04061741354822601
17	21	0.11015679540147261
17	22	-0.061787766624938456
17	23	0.13969319821406145
17	24	0.5007594316072641
17	25	0.3095270458680375
17	26	0.13586351947193975
17	27	0.6179527329395356
17	28	-0.24439129818414074
18	1	-0.3582538901356429
18	2	-0.3157349737700983
18	3	-0.2819601427373897
18	4	-0.2677035388915314
18	5	-0.2188318336875099
18	6	-0.2489352692831872
18	7	-0.25269929254083934
18	8	-0.26565524425613773
18	9	-0.3203145505709273
18	10	-0.2843007706994243
18	11	-0.2656802783277996
18	12	-0.26196179310982615
18	13	-0.2613477142961216
18	14	-0.3128757507476294
18	15	-0.286797777049145
18	16	-0.20105826563928986
18	17	-0.22899651858866577
18	18	-0.25842215530446566
18	19	-0.3332064797773171
18	20	-0.25475517383871704
18	21	-0.4553387471833119
18	22	-0.4221390834340042
18	23	-0.7614285281334006
18	24	-1.1471042458834404
18	25	-0.43919982563085824
18	26	-1.2296730177235844
18	27	0.598938039767539
18	28	-0.18232233266689946
19	1	0.001763517108763324
19	2	-0.07780884623248596
19	3	-0.18690675606623586
19	4	-0.024508656146188912
19	5	-0.04089364019088748
19	6	-0.09609197270187053
19	7	-0.1316964345545486
19	8	-0.13598307522141084
19	9	-0.08082535065155838
19	10	-0.07581001833709422
19	11	-0.08408165521331767
19	12	-0.09544139825487008
19	13	-0.0969709459332222
19	14	-0.10658145936557872
19	15	-0.15261279240748848
19	16	-0.18749113500609127
19	17	-0.22313915904535975
19	18	-0.23852879858972642
19	19	-0.3045367737026652
19	20	-0.3900969454470342
19	21	-0.5064360188082446
19	22	-0.7188386853077162
19	23	-0.6685712284386085
19	24	-1.0428602140531993
19	25	-2.2999206285505664
19	26	-1.6701056010133044
19	27	-2.356971903947283
19	28	-3.9332801870730236
20	1	-0.12942001499546052
20	2	-0.10516443884863946
20	3	-0.16113626814627224
20	4	-0.09781174879577748
20	5	-0.05310883236155206
20	6	-0.13819730121350204
20	7	-0.189703911625692
20	8	-0.20728675816608444
20	9	-0.22678273669499305
20	10	-0.15696842946902478
20	11	-0.1454747325228709
20	12	-0.10761050347067425
20	13	-0.14303999135537993
20	14	-0.19700000532932194
20	15	-0.11214032709449384
20	16	-0.103753525949557
20	17	-0.1682966379313271
20	18	-0.028232627588593573
20	19	-0.09182557930582647
20	20	-0.09205556263992065
20	21	-0.16118340572323575
20	22	-0.3347158176267584
20	23	-0.30110028407518286
20	24	0.4349364372450282
20	25	0.34469144041495525
20	26	0.5194605979868498
20	27	0.3242127650422617
20	28	-0.09702287713150781
21	1	0.2040759808548671
21	2	0.1638195380849723
21	3	0.1090232122650221
21	4	0.18607638337285692
21	5	0.1882871936282342
21	6	0.15825885493216418
21	7	0.19438724147369157
21	8	0.16837165313530278
21	9	0.13930316334290893
21	10	0.16666627255781918
21	11	0.11776528491402871
21	12	0.18201980957867647
21	13	0.11479384193074083
21	14	0.1539259421555883
21	15	0.15922731865177298
21	16	0.11467005759300974
21	17	0.14655299463894522
21	18	0.15066633868919155
21	19	0.10378781213477595
21	20	0.07223625997173144
21	21	8.143914080207537E-4
21	22	0.028262218548952944
21	23	0.16598073344356834
21	24	0.04418432035975428
21	25	0.1773261034755791
21	26	-0.5021820213250194
21	27	-0.46054913971963884
21	28	-0.4332801870730236
22	1	-0.18955588612605112
22	2	-0.05897899007328533
22	3	-0.08212271507299818
22	4	-0.1489355855514134
22	5	-0.021387675846597176
22	6	-0.061800884294157754
22	7	-0.1164319546519863
22	8	-0.15265027693772026
22	9	-0.1111279682441193
22	10	-0.07208955875214684
22	11	-0.07848900828706462
22	12	-0.03779620361678582
22	13	-0.026047197317055293
22	14	-0.05420439593852677
22	15	-0.05242798950356331
22	16	-0.03364596021348376
22	17	-0.12539799271496577
22	18	-0.07547521006065239
22	19	-0.10696739477423023
22	20	-0.014360979527232587
22	21	0.07773491383215259
22	22	-0.07166026207120524
22	23	-0.02085756677440287
22	24	-0.3636672758438664
22	25	0.05623094625258318
22	26	0.9237570289938972
22	27	1.8694508602803594
22	28	0.7704235166306788
23	1	-0.26866321227436885
23	2	-0.24847037233314495
23	3	-0.25834668008882744
23	4	-0.23698408439668128
23	5	-0.2720418916963965
23	6	-0.2618686447509191
23	7	-0.29038654579046863
23	8	-0.27906963798468354
23	9	-0.3147220790986225
23	10	-0.23570165887190342
23	11	-0.24561409382295096
23	12	-0.13573077935880917
23	13	-0.1743490427537182
23	14	-0.1905693080504065
23	15	-0.23238078438851772
23	16	-0.15353385474774228
23	17	-0.142963588044708
23	18	-0.2600917078004983
23	19	-0.21375274014189216
23	20	-0.2146502916630837
23	21	-0.23791251957385384
23	22	-0.38650438677144194
23	23	-0.7340026641707951
23	24	-0.4511622778430677
23	25	-1.3426355967034311
23	26	-1.8513798822875884
23	27	-1.48098204015254
23	28	-1.8601807718683503
24	1	0.05496653620222958
24	2	0.09184657092283288
24	3	0.061945224271781285
24	4	0.11759584559165148
24	5	0.15461163427706737
24	6	0.14139228646909885
24	7	0.11013111378859719
24	8	0.1607762391059424
24	9	0.14841240164816583
24	10	0.17076476415848418
24	11	0.23521305406589477
24	12	0.26104320071812026
24	13	0.2200466474230396
24	14	0.25858816148154773
24	15	0.21897636695769052
24	16	0.20001899433821535
24	17	0.17603720606912532
24	18	0.19969972693530735
24	19	0.20376599362883496
24	20	0.07038875152046842
24	21	0.30200911272932984
24	22	0.26141417158575564
24	23	0.21467370560191767
24	24	0.6526526064596254
24	25	0.6336942363142981
24	26	0.8517821730483774
24	27	0.23554281430335067
24	28	-0.3713143751072181
25	1	0.08161352122604626
25	2	0.12258212536409019
25	3	0.1301321960545252
25	4	0.14220909084912847
25	5	0.159802107992995
25	6	0.17212750347220407
25	7	0.09484904585959697
25	8	0.10966060107450204
25	9	0.08328616265961841
25	10	0.07551525226277533
25	11	0.10790826710072565
25	12	0.1796426569027858
25	13	0.15573464670497117
25	14	0.14303162135644243
25	15	0.16028524232356034
25	16	0.20522060351329685
25	17	0.19970899887130145
25	18	0.15265782286247997
25	19	0.11705316804360422
25	20	0.07880935336368111
25	21	0.06967334349811694
25	22	0.14043443846188097
25	23	0.5370057391905476
25	24	0.8108307635570853
25	25	0.683923711072076
25	26	0.25734739043968347
25	27	0.05960237543187219
25	28	-0.9167317237160546
26	1	-0.17102361295638246
26	2	-0.23493373787259486
26	3	-0.011731578734270443
26	4	-0.064385334751897
26	5	-0.09628987289370627
26	6	-0.0011700265355187867
26	7	-0.031205729744243627
26	8	-0.2274303228383303
26	9	-0.06654255366525774
26	10	0.03296116555738848
26	11	-0.0634230712786632
26	12	0.11254495001507081
26	13	-0.0659301619163557
26	14	0.05826514420875384
26	15	0.0010469768125815904
26	16	-0.034452617180249945
26	17	0.04922080382798555
26	18	0.0793968960725806
26	19	-0.0336672594350631
26	20	0.0999922333208687
26	21	0.308170488643114
26	22	0.3643582564473178
26	23	0.3915480523937447
26	24	0.6759375444796589
26	25	0.486874484231393
26	26	0.26980099868710283
26	27	-0.7178040416804237
26	28	-0.008677012469853196
27	1	0.23547985073497557
27	2	0.346617168248585
27	3	0.3572294561995193
27	4	0.25384775817934724
27	5	0.30781973703877696
27	6	0.36523549706978997
27	7	0.3311464082279514
27	8	0.3152393960045856
27	9	0.34242237528420105
27	10	0.3753323262536554
27	11	0.2804751942576189
27	12	0.31786836428393883
27	13	0.2764859883865469
27	14	0.2989379345454992
27	15	0.2316039684770459
27	16	0.24711648812643716
27	17	0.28546453260725
27	18	0.26819951502226047
27	19	0.354977038898852
27	20	0.21381679160921152
27	21	0.23605349940762466
27	22	0.3210366503421582
27	23	0.311828488803215
27	24	0.8219620981375328
27	25	1.1982411361553176
27	26	1.1650973904396835
27	27	0.7419146283963016
27	28	2.266719812926972
28	1	0.004612843430933822
28	2	0.12250209946479629
28	3	0.14340315768695433
28	4	0.06995661641194317
28	5	0.14214851586075383
28	6	0.060718114009191027
28	7	0.04445516080831169
28	8	0.05309380915517892
28	9	0.0668947972116527
28	10	0.14480070585806004
28	11	0.17394297166571704
28	12	0.13355986404739895
28	13	0.0957558414431503
28	14	0.11741727101517796
28	15	0.0907433420964594
28	16	0.16317305600398413
28	17	0.09894547904124806
28	18	0.12180544078739786
28	19	0.2013846801620005
28	20	0.16347532755001737
28	21	0.19529057812999184
28	22	-7.313796328887179E-4
28	23	-0.1502402905607525
28	24	0.5756219748987874
28	25	-0.8867261841061236
28	26	-1.3113056707848045
28	27	0.1434091936136923
28	28	1.268108701815862
29	1	0.295782803872811
29	2	0.34239403659633183
29	3	0.3659422622931032
29	4	0.3442398584264268
29	5	0.35943190360724486
29	6	0.3399254745992266
29	7	0.3495511789354495
29	8	0.3515946959442431
29	9	0.29953864156843935
29	10	0.28239963461187756
29	11	0.3423740301706104
29	12	0.349824376377633
29	13	0.30389976330368285
29	14	0.33354960780559395
29	15	0.28515438590684994
29	16	0.39170946965170117
29	17	0.33049428204992637
29	18	0.38829341787950256
29	19	0.25994075418950047
29	20	0.22720304709231698
29	21	0.12414345404418725
29	22	0.22462104814074735
29	23	0.33654672247667605
29	24	0.15786498667200277
29	25	1.4910515936716564
29	26	1.1353008788117762
29	27	1.9145488994960473
29	28	1.808549878286449
30	1	-0.06113308426157005
30	2	-0.16224820845008736
30	3	-0.31494348560271135
30	4	-0.5348763736256075
30	5	-0.5198570377943383
30	6	-0.3180219163280782
30	7	-0.44802158012723936
30	8	-0.4766675227731625
30	9	-0.36834306619733326
30	10	-0.3410322440137463
30	11	-0.07535904748498012
30	12	-0.06538051516572096
30	13	-0.07306130981375247
30	14	-0.07158006537613915
30	15	-0.05764508165157878
30	16	0.07141832797053382
30	17	0.0028056763817332353
30	18	0.00824780706634698
30	19	-0.016766934120262533
30	20	-0.001893525698818621
30	21	-0.11820380251661078
30	22	-0.09376492646255485
30	23	-0.31949760981260056
30	24	-1.102144878433407
30	25	-0.6850167823967155
30	26	0.16509739043968352
30	27	0.4841274771957842
30	28	0.6853384315455884
31	1	0.1962230580069999
31	2	0.26833449861914005
31	3	0.2087527842091177
31	4	0.1994761743833564
31	5	0.27810048439040713
31	6	0.16399042538668596
31	7	0.22218555149165553
31	8	0.19996224741272783
31	9	0.23401097697038864
31	10	0.2748503239103286
31	11	0.032748805814208026
31	12	0.0023034251321902843
31	13	-0.0428292662766836
31	14	0.07801927533427033
31	15	-0.006597555457183546
31	16	-0.009404541747123574
31	17	0.04650357667083682
31	18	0.02669663424909885
31	19	-0.021623076881994052
31	20	0.059504610212648856
31	21	0.2310014710913464
31	22	0.26005265331077965
31	23	0.6490846132933825
31	24	0.2705001098334421
31	25	0.5789068908292805
31	26	1.2887386947875115
31	27	0.724615179529188
31	28	1.424358701815862
32	1	0.17979659529856917
32	2	0.2246376868433515
32	3	0.20623600664819008
32	4	0.15462050902355173
32	5	0.2189461721355883
32	6	0.24161812588843645
32	7	0.23508611611724461
32	8	0.1632604365032151
32	9	0.18137894510994101
32	10	0.14790938757958116
32	11	0.2782226794027878
32	12	0.21228998931489684
32	13	0.259778957453193
32	14	0.2187213111302242
32	15	0.23901056156637424
32	16	0.30424663873456836
32	17	0.2975915795530568
32	18	0.1526304613138194
32	19	0.2032274612329772
32	20	0.2044492620339895
32	21	0.07264413073106368
32	22	-0.07421759954318219
32	23	-0.3695362680332366
32	24	-0.7596434308364124
32	25	-0.557616909542304
32	26	0.19491060883049016
32	27	0.1462268165645142
32	28	-0.11335681542551868
33	1	0.22120435878505873
33	2	0.2913756655652193
33	3	0.21201776866224975
33	4	0.27204692335525493
33	5	0.23801651700299686
33	6	0.3325103927167845
33	7	0.29497467298644864
33	8	0.3352036178292721
33	9	0.34958993640525193
33	10	0.37446172398770017
33	11	0.39640840833036606
33	12	0.39672346267392555
33	13	0.38794693054516216
33	14	0.35442988445605295
33	15	0.5056290131997656
33	16	0.38067641657008977
33	17	0.340109732368731
33	18	0.34910647933811134
33	19	0.4701266488475966
33	20	0.4541534262845772
33	21	0.3872706477326062
33	22	0.35777532889825636
33	23	0.4480021700643775
33	24	0.3515751378289593
33	25	0.5981706888147045
33	26	1.392213532171965
33	27	1.2472896881191886
33	28	0.9556087018158621
34	1	0.2829820268123129
34	2	0.3631344984652003
34	3	0.28671449406159155
34	4	0.31899655270512994
34	5	0.3456339460323363
34	6	0.3704385287170524
34	7	0.37876590811565336
34	8	0.36736878591704425
34	9	0.356518551757091
34	10	0.341160928457775
34	11	0.3705629338449441
34	12	0.3844783058194352
34	13	0.37045621495558834
34	14	0.3540322647513108
34	15	0.32084585926012466
34	16	0.38151910694286784
34	17	0.40727085744075
34	18	0.34716329847908867
34	19	0.2987875180559314
34	20	0.3051845561516373
34	21	0.3774563554562036
34	22	0.35032609769009326
34	23	0.6261512334538324
34	24	0.7101503536538516
34	25	1.089141871449435
34	26	0.9072059762982718
34	27	0.8410194877313373
34	28	1.7222753684825278
35	1	0.29401533380604405
35	2	0.3875325760799768
35	3	0.37499970226446777
35	4	0.3787536990590823
35	5	0.39773149525251483
35	6	0.4600139517748616
35	7	0.3988469776962873
35	8	0.3894900607271268
35	9	0.3543033919968721
35	10	0.35993462686688815
35	11	0.4892780613871963
35	12	0.515109791929504
35	13	0.5548821296914852
35	14	0.5241537015489399
35	15	0.5027335368554304
35	16	0.5762333255993255
35	17	0.5247804545047074
35	18	0.4760972170165729
35	19	0.4983728437505661
35	20	0.4784941319713596
35	21	0.446093062664346
35	22	0.4468814045954659
35	23	0.6483333210707585
35	24	0.9445863671433798
35	25	1.5082659911677467
35	26	1.5193671924198782
35	27	0.7271431679726632
35	28	1.7651325113396723
36	1	0.4379189424454424
36	2	0.5629503480497249
36	3	0.47756074071191534
36	4	0.4706260088209362
36	5	0.5411676760560198
36	6	0.5875777082438347
36	7	0.460029205664938
36	8	0.49076924018953605
36	9	0.5469281137654107
36	10	0.5229149993123201
36	11	0.6072126812404477
36	12	0.6045997904829719
36	13	0.6022272412207101
36	14	0.5795617122538914
36	15	0.5417277775244074
36	16	0.507402138502016
36	17	0.4613721694823454
36	18	0.4545160601099525
36	19	0.5087820183374347
36	20	0.5192433573486568
36	21	0.7251836006569548
36	22	0.6227853575304181
36	23	0.658565540458298
36	24	-0.0036137462353025285
36	25	0.22195437144943497
36	26	-0.09531927622698078
36	27	-1.0013141670420467
36	28	0.929967676174833
37	1	0.19389116655889183
37	2	0.20116977648062573
37	3	0.23421040282849503
37	4	0.2699157872336144
37	5	0.1724980128583482
37	6	0.3790249064543332
37	7	0.3307319049773696
37	8	0.3210721035643118
37	9	0.31681675273706134
37	10	0.33972408579124647
37	11	0.46245551702666887
37	12	0.45495335390796043
37	13	0.43572872194936707
37	14	0.358325954750903
37	15	0.42049133917920756
37	16	0.300767867545801
37	17	0.3090560061643899
37	18	0.41332597492237255
37	19	0.45585477601193247
37	20	0.37468099108924946
37	21	0.3476981722847228
37	22	0.3164138900988931
37	23	0.51527720756485
37	24	-0.1813217525147337
37	25	0.4523736752469034
37	26	0.40399201853885813
37	27	1.016520457349955
37	28	0.7230505622809815
38	1	0.13920177480573415
38	2	0.1737141668572093
38	3	0.16452422861057414
38	4	0.12315803446637119
38	5	0.1443085066670804
38	6	0.10229075447389135
38	7	0.2347937944334717
38	8	0.19662480645976643
38	9	0.133840582400083
38	10	0.25433252502129733
38	11	0.2510078915344991
38	12	0.254113643552472
38	13	0.2829210907518842
38	14	0.2633833728281445
38	15	0.2911845687553196
38	16	0.27310535713856154
38	17	0.24491593391911692
38	18	0.252042073279803
38	19	0.21510579095563287
38	20	0.24595967753530346
38	21	0.06905736322368483
38	22	-0.005519911194006966
38	23	0.09521864971499383
38	24	0.7106719680504128
38	25	0.415888194978848
38	26	-0.19350409470882823
38	27	0.36089230172179754
38	28	-0.10153415532699483
39	1	0.30455860607062846
39	2	0.23667779077342033
39	3	0.20224406513943904
39	4	0.23809669104758058
39	5	0.27605586528918025
39	6	0.2358884343192642
39	7	0.2871210456054527
39	8	0.3264668455909785
39	9	0.3037250129853817
39	10	0.3163344619621782
39	11	0.3218500433756404
39	12	0.30164487881148005
39	13	0.2897846032105065
39	14	0.26343440537626606
39	15	0.2637545219598323
39	16	0.28607472091192676
39	17	0.2287307890868675
39	18	0.2769363375327458
39	19	0.21814915093666087
39	20	0.2182786874047551
39	21	0.11428852115830779
39	22	0.32788794141509925
39	23	0.774947069568853
39	24	0.5975956264026436
39	25	1.6847585749892602
39	26	2.162256481348777
39	27	1.832149272978775
39	28	2.167729913937073
40	1	0.16373057857530426
40	2	0.3529321331134767
40	3	0.2624798449656396
40	4	0.28768911821769905
40	5	0.2777368392404185
40	6	0.3357722866216335
40	7	0.30352004462347537
40	8	0.2593699044989819
40	9	0.27943641763340565
40	10	0.3194488040910599
40	11	0.19716232229905728
40	12	0.3204307130159165
40	13	0.24067682870597906
40	14	0.2756990743025298
40	15	0.23815979295353173
40	16	0.3136434328339561
40	17	0.3431679479030052
40	18	0.28841579537437667
40	19	0.3652472530197173
40	20	0.3669746170035637
40	21	0.23005032884909582
40	22	0.1578982368250479
40	23	-0.013760686101029762
40	24	-0.05998648400965578
40	25	0.41042229180341394
40	26	0.19147726056955605
40	27	-0.26445718569664933
40	28	-0.5961154361151699
41	1	0.2546496277592212
41	2	0.2973546693533038
41	3	0.29280992858195276
41	4	0.3351076014396668
41	5	0.30079157323830685
41	6	0.35457317755528805
41	7	0.27274997123098643
41	8	0.2500716973203936
41	9	0.3208246675329889
41	10	0.27683917178376305
41	11	0.27782102898471095
41	12	0.33784225863975337
41	13	0.35254194719285437
41	14	0.2635053327463197
41	15	0.284123206251806
41	16	0.3632892501925582
41	17	0.3556848354774047
41	18	0.4001152542909381
41	19	0.39620373081474725
41	20	0.4363062872244683
41	21	0.3546593188333418
41	22	0.3275238122012496
41	23	0.48872880129675167
41	24	0.4942128212147807
41	25	0.787347889967954
41	26	0.6298580287375586
41	27	0.3469870921644187
41	28	-0.044391298184137895
42	1	0.24198423653395196
42	2	0.2955915332280057
42	3	0.1722176172145211
42	4	0.24702900724481225
42	5	0.24726076159889487
42	6	0.20122457025411933
42	7	0.22421392136853058
42	8	0.21668187258933358
42	9	0.25626440965599073
42	10	0.21533668593060895
42	11	0.2530239418713549
42	12	0.24933796574581635
42	13	0.2511590276278426
42	14	0.1732456256521786
42	15	0.24928077709743945
42	16	0.286667345319394
42	17	0.2006447956410966
42	18	0.32103847571864463
42	19	0.26766125184902023
42	20	0.2630580901806354
42	21	0.29662089906602773
42	22	0.29069427843994333
42	23	0.30636235740005446
42	24	0.4486899024969162
42	25	1.3722776473115061
42	26	0.2725669026348072
42	27	0.06650968380976963
42	28	0.6963494425566026
43	1	0.24714699598972345
43	2	0.26208245991086443
43	3	0.27008480785475086
43	4	0.27801259224007424
43	5	0.26160744963146954
43	6	0.27184185569219466
43	7	0.29524487014690237
43	8	0.34348976713329904
43	9	0.35615071917322894
43	10	0.36299040152099593
43	11	0.32156688638457354
43	12	0.24896178646224598
43	13	0.31087179934960574
43	14	0.2965310229011848
43	15	0.26394909172388736
43	16	0.3868294303968298
43	17	0.29772649448548094
43	18	0.26283762856395043
43	19	0.2610189204762676
43	20	0.26289938189384543
43	21	0.22144461742766453
43	22	0.12446292633459421
43	23	0.2710516196332122
43	24	0.36321559419652516
43	25	0.024554562289132775
43	26	-0.6569134791255351
43	27	-0.024993584164086258
43	28	-2.294391298184138
44	1	0.09613581615987243
44	2	0.22837444598280854
44	3	0.20218385170900888
44	4	0.1837620330915044
44	5	0.15058198450086735
44	6	0.045560761993776566
44	7	0.17290347659180583
44	8	0.25178648400496684
44	9	0.1835265704624831
44	10	0.2594180440940619
44	11	0.32439264274143653
44	12	0.36134834948306604
44	13	0.37897258364986186
44	14	0.31340522586061326
44	15	0.3681382124104431
44	16	0.39187113624933545
44	17	0.4179526941220004
44	18	0.3651178088746576
44	19	0.41653595196315507
44	20	0.2434104834652402
44	21	0.2562172623234247
44	22	0.38223769328426727
44	23	0.29065331694311425
44	24	0.26831540278279675
44	25	0.1995986022186642
44	26	1.110236279328575
44	27	0.2527841936136923
44	28	1.6007699921384457
45	1	0.30173396916482176
45	2	0.24257057685421302
45	3	0.4757900412573193
45	4	0.4346717067941839
45	5	0.3620900149859807
45	6	0.47946184509864054
45	7	0.47379481032094617
45	8	0.3668350656586057
45	9	0.5043337936583114
45	10	0.495042423811924
45	11	0.3498497376675971
45	12	0.48197151204352195
45	13	0.3822749905373257
45	14	0.49499717962405043
45	15	0.5180113746955257
45	16	0.4588624883735193
45	17	0.5245623544965312
45	18	0.5577500256706642
45	19	0.5999972313939139
45	20	0.6006187485953731
45	21	0.7575924098779723
45	22	0.6421400252851228
45	23	0.7731685376432651
45	24	0.9491217453554697
45	25	0.4184356706620349
45	26	1.6934404136954981
45	27	0.8453767862062875
45	28	1.1295217452941202
46	1	0.3464161528049985
46	2	0.3881800143172427
46	3	0.4195697322025893
46	4	0.4223565749439757
46	5	0.36116488994788654
46	6	0.3321007539059835
46	7	0.445756362227435
46	8	0.41449721183217036
46	9	0.455538909912363
46	10	0.40263714352940383
46	11	0.4286138772800214
46	12	0.49281139605836444
46	13	0.40058354780387617
46	14	0.46773159243799256
46	15	0.4437041260713883
46	16	0.3503008522119657
46	17	0.3990655633594429
46	18	0.3718446964991031
46	19	0.3553988295072159
46	20	0.3714927569563926
46	21	0.3398997893515059
46	22	0.2984527322790811
46	23	0.5277592925202796
46	24	0.27189645784633143
46	25	-0.2983348076550456
46	26	0.2787941989503224
46	27	0.588605089136081
46	28	-0.401534155326992
47	1	0.43597021213364684
47	2	0.4525959603930261
47	3	0.5042804449870744
47	4	0.49286564237927166
47	5	0.48254504667639964
47	6	0.49827764395582363
47	7	0.42402791990473077
47	8	0.5028634221246051
47	9	0.49624103565547273
47	10	0.4952912448925204
47	11	0.5877856481321189
47	12	0.6193257628391251
47	13	0.6182188837793774
47	14	0.6190988385798306
47	15	0.6260455210152429
47	16	0.6609299430664706
47	17	0.5872561296237819
47	18	0.6834311986207808
47	19	0.7043110017754728
47	20	0.6025280096620733
47	21	0.6200505521956003
47	22	0.48857743831575107
47	23	0.3542848247378103
47	24	0.5713805637563496
47	25	1.3438293714494378
47	26	1.2418019358942303
47	27	1.3835534243829244
47	28	2.5919723381794952
48	1	0.37756667011498024
48	2	0.4102814330934521
48	3	0.42197836117806986
48	4	0.36886549777602085
48	5	0.4116513985646151
48	6	0.49560533776223537
48	7	0.45186785171288335
48	8	0.48036049200603514
48	9	0.43832457828299454
48	10	0.41961903002730594
48	11	0.42003540839514386
48	12	0.5390909347647863
48	13	0.46096284469083315
48	14	0.4943652129957101
48	15	0.49010419188301313
48	16	0.49260414432375654
48	17	0.5043737301230422
48	18	0.48458475332810735
48	19	0.5302560609746223
48	20	0.45198077463903275
48	21	0.44018932313168335
48	22	0.4536596997244047
48	23	0.792787151433906
48	24	1.018850463329123
48	25	0.629123489096493
48	26	0.17690294599523781
48	27	-0.6305491397196406
48	28	1.6593124055195645
49	1	0.44993032710556236
49	2	0.5941924269479415
49	3	0.621976792213637
49	4	0.5204249277350357
49	5	0.5723687532423014
49	6	0.589395376527726
49	7	0.6226793201187704
49	8	0.6193958443954486
49	9	0.6316492380590901
49	10	0.6318212285085494
49	11	0.6583261061256991
49	12	0.610105161651525
49	13	0.6160865997778942
49	14	0.6250216918533056
49	15	0.5916854666545532
49	16	0.6254721388975497
49	17	0.6557901429393098
49	18	0.7026298661100654
49	19	0.8376113963490255
49	20	0.8003267933743956
49	21	0.9324068459029533
49	22	0.8138306187980291
49	23	0.8463828233575512
49	24	0.31214589095290535
49	25	0.005193007813069528
49	26	-0.632675598066065
49	27	-0.8097158063863077
49	28	-0.7863267820551059
50	1	0.44624188277817467
50	2	0.5460732081761606
50	3	0.5431321200449943
50	4	0.6005557668254227
50	5	0.5513061890490647
50	6	0.5126186397572852
50	7	0.5175164189436572
50	8	0.540614651777986
50	9	0.5494627420136666
50	10	0.561313250897058
50	11	0.5783240679041342
50	12	0.651493829016836
50	13	0.5610726668145105
50	14	0.5684202789728516
50	15	0.5693968999110837
50	16	0.5679227074201663
50	17	0.5954666427971844
50	18	0.5638935596233026
50	19	0.6433146342432394
50	20	0.5541211651192128
50	21	0.5414026991132204
50	22	0.5250652627473187
50	23	0.4164873896706496
50	24	0.4827808115878298
50	25	-0.3525298518515356
50	26	-0.46178513968079926
50	27	1.1562929655435141
50	28	2.3069600531672165
51	1	0.5127088342009287
51	2	0.58600816376007
51	3	0.5471134758052045
51	4	0.4709684639337226
51	5	0.4758645027252655
51	6	0.5461183817087587
51	7	0.5617405208631752
51	8	0.6005400573873132
51	9	0.5896825781948749
51	10	0.5600951622242363
51	11	0.5527201752000295
51	12	0.5319352445297554
51	13	0.4962375532887222
51	14	0.5890931724221531
51	15	0.5935062900761068
51	16	0.5687768511690763
51	17	0.6405753935995051
51	18	0.5986023283214905
51	19	0.6221418144471116
51	20	0.6535103292469486
51	21	0.57288663945792
51	22	0.7021643611427351
51	23	0.96268873966347
51	24	1.0093090699499925
51	25	1.3191890836796532
51	26	0.3605630767141932
51	27	0.778758219587715
51	28	0.37666133339480723
52	1	0.29536217858372993
52	2	0.35751010465297384
52	3	0.3711468205277981
52	4	0.33323610894381517
52	5	0.3744183188498127
52	6	0.3747219015553256
52	7	0.3016435045337502
52	8	0.3645147694625095
52	9	0.3458243763256519
52	10	0.39700579179842777
52	11	0.41882291636124336
52	12	0.460371952669675
52	13	0.43813019601781633
52	14	0.38613939078000215
52	15	0.4059405894826682
52	16	0.4197128781559485
52	17	0.46432658679715644
52	18	0.35802740653128495
52	19	0.46280207728126044
52	20	0.4320553677674255
52	21	0.24227833289076983
52	22	0.2901881162015627
52	23	0.7192389983478691
52	24	0.9406352177180963
52	25	1.0779202805403472
52	26	-0.16674784765555728
52	27	0.5663435156475884
52	28	1.205608701815862
53	1	0.4211213082626628
53	2	0.5203730834388693
53	3	0.49262335928543877
53	4	0.5360976653344025
53	5	0.5113680280611135
53	6	0.5644060181111215
53	7	0.5146513096070606
53	8	0.5398880230646768
53	9	0.5347871536012718
53	10	0.5161003319186364
53	11	0.48827329280175036
53	12	0.5070774835922052
53	13	0.3920890058632054
53	14	0.4837094183947528
53	15	0.49589220108350673
53	16	0.44665699920230395
53	17	0.5082511294964291
53	18	0.4237142209046141
53	19	0.46927359538982216
53	20	0.4671713307272398
53	21	0.3995284508670096
53	22	0.49108310076065465
53	23	0.10423169644747787
53	24	0.4876827723721391
53	25	1.028829371449433
53	26	0.5021984542694682
53	27	0.46490540573490335
53	28	-1.8019670557598957
54	1	0.3099535186183715
54	2	0.3345351404050305
54	3	0.4646215012427959
54	4	0.42703325664378156
54	5	0.4089936868735009
54	6	0.43322307811356353
54	7	0.3993647119701791
54	8	0.39331716355674473
54	9	0.3491146261036917
54	10	0.4504619704365993
54	11	0.29223580448576314
54	12	0.3989145053767942
54	13	0.29902055155157115
54	14	0.33665150922640663
54	15	0.3757632158255646
54	16	0.38653719534860187
54	17	0.434759998981626
54	18	0.38435156624865385
54	19	0.39153467917559936
54	20	0.2782176135957215
54	21	0.26116520027534307
54	22	0.27567462074886606
54	23	0.5062084437465515
54	24	0.7597136379503127
54	25	1.1931991193485914
54	26	0.3440746631669569
54	27	1.1774417278602698
54	28	-0.004391298184138748
55	1	0.2540644069474851
55	2	0.4278989511615876
55	3	0.4501702376247181
55	4	0.39899286401166023
55	5	0.4451431943913349
55	6	0.3982985631402869
55	7	0.39903886686148127
55	8	0.3966187081550885
55	9	0.4447112359397991
55	10	0.44761687336780653
55	11	0.45448208152363634
55	12	0.47754205371026615
55	13	0.3978326511520436
55	14	0.4310871058415273
55	15	0.42611097781825436
55	16	0.3795399194930198
55	17	0.4100211509478555
55	18	0.4393916726240832
55	19	0.523606383380006
55	20	0.5134753048835634
55	21	0.47806508170532425
55	22	0.5543477219607311
55	23	0.6556876947313839
55	24	1.0716697004767184
55	25	2.134501013240481
55	26	2.1192197308652183
55	27	1.334873745852498
55	28	2.424358701815862
56	1	0.5298272914834996
56	2	0.6102560986533803
56	3	0.4834217622566257
56	4	0.5580341971389657
56	5	0.6034182147766174
56	6	0.7472705361347209
56	7	0.6929203385618905
56	8	0.6473966935204984
56	9	0.7071586338812708
56	10	0.6318294662889059
56	11	0.7020433728301754
56	12	0.6955803706852066
56	13	0.6827631940260233
56	14	0.6834997936152405
56	15	0.707837536080028
56	16	0.6660140581102709
56	17	0.6798039063692656
56	18	0.591293482744284
56	19	0.664427106269514
56	20	0.5779717813953837
56	21	0.7996676605300905
56	22	0.6880994421801816
56	23	0.8452608954527392
56	24	1.0119474782544913
56	25	0.4467954731443484
56	26	-0.06945720726146476
56	27	0.43075029530860576
56	28	0.4868587018158621
57	1	0.36647320839287545
57	2	0.4497616782105496
57	3	0.4275539037141556
57	4	0.4268904065326069
57	5	0.41474153128137203
57	6	0.4960351280287085
57	7	0.4341172816671275
57	8	0.4395492377403585
57	9	0.5444157402275565
57	10	0.4401592405549266
57	11	0.541382448952703
57	12	0.5725599171596301
57	13	0.5497909791174678
57	14	0.4993658111441306
57	15	0.4866980975756334
57	16	0.49353166111058755
57	17	0.49158598721548685
57	18	0.5090888707645576
57	19	0.5773834740712402
57	20	0.6996941892731812
57	21	0.7216750213398271
57	22	0.6318614857740599
57	23	0.8957112726860004
57	24	0.9717615278412737
57	25	1.014731010793696
57	26	1.6134822219003553
57	27	1.3989380397675362
57	28	1.3458526042548868
58	1	0.4608153461386806
58	2	0.6147532337738966
58	3	0.6631508575625062
58	4	0.5747471865686578
58	5	0.6486264150981
58	6	0.6137444619497074
58	7	0.6498232024874397
58	8	0.6605230132763467
58	9	0.6635555019673518
58	10	0.6635930041987379
58	11	0.609531170944237
58	12	0.6850076060168746
58	13	0.6262613246487234
58	14	0.5914607448547144
58	15	0.6575483907333037
58	16	0.663673639972103
58	17	0.6521397115370249
58	18	0.6475569698296724
58	19	0.6798622679446922
58	20	0.7961469701409811
58	21	0.7114264024914121
58	22	0.7381865738820395
58	23	0.8396985515569995
58	24	0.5215935969759542
58	25	-0.27746692484686264
58	26	-0.2683961993039077
58	27	-1.1295687475627787
58	28	0.4198944161015774
59	1	0.23026355540239507
59	2	0.36417693406416163
59	3	0.3625392626721151
59	4	0.34218258226998444
59	5	0.3093396318726249
59	6	0.4227746633298892
59	7	0.39786050808158535
59	8	0.4173318771668306
59	9	0.40024004211350217
59	10	0.40454981419207314
59	11	0.3748509735171197
59	12	0.4013799108768836
59	13	0.4422439707142942
59	14	0.3876346060910052
59	15	0.4292248553421203
59	16	0.3708032664643781
59	17	0.4205149473088312
59	18	0.4047786793982908
59	19	0.3398454035613696
59	20	0.3988268117115794
59	21	0.38082618872019225
59	22	0.27525392934794013
59	23	0.4007972523886778
59	24	1.0859554147624308
59	25	-0.15852105590099086
59	26	-0.06615260956031932
59	27	-0.03668949059683513
59	28	-0.16560341939626255
60	1	0.5014629150014542
60	2	0.5738862013155455
60	3	0.6042488547645561
60	4	0.5583834500596723
60	5	0.4911340306846341
60	6	0.5569815870850547
60	7	0.5514766851663708
60	8	0.47104202612966617
60	9	0.5157239392781037
60	10	0.5340651049248208
60	11	0.5611635634284795
60	12	0.609718464870106
60	13	0.495939617844094
60	14	0.5748097650310982
60	15	0.5604565830324972
60	16	0.4124038047724241
60	17	0.506009633837202
60	18	0.5459599959459283
60	19	0.4910829415364901
60	20	0.46940796378652294
60	21	0.36243012809779174
60	22	0.2056186494934238
60	23	0.5340692110439349
60	24	0.08544747825449406
60	25	-0.34783729521723217
60	26	-0.4897637206714265
60	27	-0.2472158063863077
60	28	-0.2318912981841379
73	1	0.12349675279489958
73	2	0.16777642241285662
73	3	0.1549399562914644
73	4	0.19444473934051132
73	5	0.1594585800973647
73	6	0.11446916040234356
73	7	0.15726049523678398
73	8	0.21082277341294287
73	9	0.20729973298191595
73	10	0.01676227793226559
73	11	0.056363556071737264
73	12	-0.09137174021546457
73	13	0.04776790486327798
73	14	0.14076084374126197
73	15	0.0010260980767782257
73	16	-0.021084705448316754
73	17	-0.02553661386989603
73	18	0.12430267057019506
73	19	-0.03174871318594796
73	20	0.1011867550485448
73	21	0.030448354850960868
73	22	0.23321754829047592
73	23	0.6455778526635143
73	24	0.47586257259411724
73	25	0.7271627047827707
73	26	1.0546807237730178
73	27	1.3851371347901633
73	28	0.9029771228684922
74	1	0.2365023062312872
74	2	0.272816034340984
74	3	0.28581912626111716
74	4	0.22094401563805377
74	5	0.24312832638987203
74	6	0.19301869797996574
74	7	0.20762005211518186
74	8	0.1837248797876967
74	9	0.18591833423933934
74	10	0.13325954084379532
74	11	0.12653821761492168
74	12	0.06192558119591496
74	13	0.11502873920503731
74	14	0.08494440957917249
74	15	0.04581087005682605
74	16	-0.06992373259884488
74	17	-0.046916662993567115
74	18	0.04223918427074125
74	19	0.06962839122884645
74	20	0.08759761199016225
74	21	0.0796605468593512
74	22	0.2556560436848585
74	23	0.1414674634572961
74	24	-0.23451156611410795
74	25	-0.3850167823967183
74	26	-0.4039273348350392
74	27	-1.2215747807452786
74	28	0.2799330261401849
75	1	0.2518505324391995
75	2	0.27673067213692804
75	3	0.25796235169381987
75	4	0.21327543117425307
75	5	0.17135467853299957
75	6	0.19809447039710193
75	7	0.23454657288183256
75	8	0.2109462213002118
75	9	0.3090019693442869
75	10	0.1060885580318569
75	11	0.1447209535947067
75	12	0.10549415015547936
75	13	0.15972719395011836
75	14	0.21374213466393144
75	15	0.09652196135029811
75	16	0.11908364813576355
75	17	0.10991150807217309
75	18	0.17286996529192322
75	19	0.2915510115146418
75	20	0.3451082588569463
75	21	0.19772846429974322
75	22	0.2847165495229973
75	23	0.1643215056797942
75	24	0.7464624036276319
75	25	-0.10809370547364239
75	26	-1.3944420832445275
75	27	-1.5043586635291675
75	28	-1.544391298184138
76	1	0.06956263802749874
76	2	0.014426732078050009
76	3	0.37910570331888493
76	4	0.31309185215410906
76	5	0.20533583248830212
76	6	0.32283781594957617
76	7	0.2826264087350978
76	8	0.10432908515628014
76	9	0.31486575417846296
76	10	0.14369037607141166
76	11	0.15114598573855886
76	12	0.16721523850346642
76	13	0.17669832696666532
76	14	0.29646024861138187
76	15	0.24016623846119245
76	16	0.12853703342865685
76	17	0.24242788362439427
76	18	0.2703255742142048
76	19	0.3002218924626803
76	20	0.4391780342624756
76	21	0.6580935096754956
76	22	0.4457510854465312
76	23	-0.022137626184793646
76	24	0.02400578214142257
76	25	0.05571461735107164
76	26	0.3570616761539682
76	27	0.1902841936136923
76	28	-1.0027246315174736
77	1	0.28453276685392836
77	2	0.3271959362406207
77	3	0.3577489562934133
77	4	0.33656563936022366
77	5	0.3299490408798249
77	6	0.28356279324785305
77	7	0.3485950635813353
77	8	0.48813800474091806
77	9	0.35672129106712447
77	10	0.30826863220647027
77	11	0.3187882747058026
77	12	0.2861697987054441
77	13	0.19884450645847807
77	14	0.28741277451558034
77	15	0.18130923505081142
77	16	0.11047972720437826
77	17	0.19878173116953235
77	18	0.18455586442897243
77	19	0.19917926214061765
77	20	0.213026693006384
77	21	0.4248086819125092
77	22	0.4284646178519509
77	23	0.7158456962259976
77	24	0.5249661504536647
77	25	0.14638039185759766
77	26	0.0546807237730178
77	27	1.7051651459946413
77	28	0.9556087018158621
78	1	0.2853554580352835
78	2	0.2586068893547733
78	3	0.29321487121657697
78	4	0.2722372270787261
78	5	0.25815980077476297
78	6	0.18680223411975305
78	7	0.17573557017795594
78	8	0.18626506146887323
78	9	0.21106344002706123
78	10	0.13019561647721645
78	11	0.1485779978588937
78	12	0.06331483387737791
78	13	0.08987188924385237
78	14	0.10441304623009984
78	15	0.07174224232672088
78	16	0.03797912339433651
78	17	0.10911405312104705
78	18	0.15515385754633826
78	19	0.15118639318122717
78	20	0.18161805589260638
78	21	0.08302477718226697
78	22	0.29156140180372603
78	23	0.43975635908916644
78	24	0.28425976494391136
78	25	0.3491213422523529
78	26	0.5513473904396804
78	27	0.7363907509907435
78	28	1.0860434844245574
79	1	0.437661358941142
79	2	0.3858619045746323
79	3	0.36659661471604466
79	4	0.37559980822076966
79	5	0.36677048401824663
79	6	0.29834411624833734
79	7	0.3098037661657784
79	8	0.3398761114560358
79	9	0.3220648336530587
79	10	0.1935725923088114
79	11	0.16870901703958907
79	12	0.13118212767574278
79	13	0.1923634541391479
79	14	0.2561087773336368
79	15	0.2126827565013656
79	16	0.09131374033056261
79	17	0.24129489443105712
79	18	0.21704434472211176
79	19	0.1590474059494298
79	20	0.16696205752045756
79	21	0.19880984454965756
79	22	0.18425512400354904
79	23	0.6803717812595522
79	24	0.7211320660681153
79	25	1.1873478899679526
79	26	1.9300430426135975
79	27	2.3593415706628704
79	28	2.40722160504167
80	1	0.49740526036633526
80	2	0.580508055793679
80	3	0.5063305400254947
80	4	0.4479422631091765
80	5	0.4588817132150069
80	6	0.4922623929866887
80	7	0.4767957425826026
80	8	0.47310994576713483
80	9	0.4898372613767705
80	10	0.4537511512993362
80	11	0.37251915178455874
80	12	0.37493716909684593
80	13	0.280390205408068
80	14	0.3538474120887116
80	15	0.3378322297220109
80	16	0.27621205809681015
80	17	0.35970015391117727
80	18	0.2736925946070343
80	19	0.3386974917759531
80	20	0.3455038606690266
80	21	0.49181317146036463
80	22	0.4649189250984733
80	23	0.7206879456976054
80	24	1.4685964144247095
80	25	1.8673695174348381
80	26	1.7613473904396812
80	27	1.7996591936136923
80	28	1.1222753684825264
81	1	0.3069850896820725
81	2	0.18169681728171838
81	3	0.1877431285736577
81	4	0.18436143055348708
81	5	0.20317709286125307
81	6	0.13806963967137875
81	7	0.22846304507947224
81	8	0.2066100408636018
81	9	0.14717576143294053
81	10	0.10750712819589836
81	11	0.09753797643667639
81	12	0.0024155999939665662
81	13	-1.8153014143251767E-4
81	14	0.11872667293888384
81	15	0.07156478285646983
81	16	-0.003952597826369697
81	17	0.04624483757360309
81	18	0.08619911212137055
81	19	0.079797444281823
81	20	0.2471420090357057
81	21	0.2596250722579967
81	22	0.21823948730223464
81	23	0.48526712466959765
81	24	0.3042517487171281
81	25	0.505049843890383
81	26	0.41134739043968693
81	27	1.1261175269470272
81	28	0.23338647959364067
82	1	-0.053563849077178816
82	2	-0.03203518714796161
82	3	-0.09022753574685538
82	4	-0.0951856654243528
82	5	-0.12957670541327815
82	6	-0.28371413772412524
82	7	-0.037547924065975735
82	8	-0.050520560250824076
82	9	-0.10346549148334105
82	10	-0.15121434918078336
82	11	-0.08944415164756947
82	12	-0.13569189412970672
82	13	-0.13422177368622812
82	14	-0.03784299601703367
82	15	-0.09509991409134244
82	16	-0.23960516568318013
82	17	-0.09124394597180441
82	18	-0.2932852463464002
82	19	-0.15635707870265492
82	20	-0.18353760261477703
82	21	0.04053780104186444
82	22	0.17196773056231507
82	23	0.3809161949391111
82	24	0.03521526851666579
82	25	-0.9153811548663526
82	26	-0.6649539794233306
82	27	-2.318644377814877
82	28	-1.191450121713551
83	1	0.15789860151570423
83	2	0.19984887082305391
83	3	0.18842859073535578
83	4	0.17852974959541257
83	5	0.13557480973823743
83	6	0.20212248941684408
83	7	0.1752320495835633
83	8	0.2133134318440426
83	9	0.17255558888556521
83	10	0.14391081550959228
83	11	0.1852594056646808
83	12	0.11562562892694928
83	13	0.08448705371824872
83	14	0.1594560817168329
83	15	0.15292380132367356
83	16	0.08582302931023378
83	17	0.13207621213096132
83	18	-0.1611758930622642
83	19	0.07981813457764986
83	20	0.10133708693139454
83	21	0.037212591283868335
83	22	-0.035534135945077594
83	23	-0.026358153852697797
83	24	-0.07114075703962186
83	25	0.027953459040674034
83	26	-1.4586526095603176
83	27	-0.8207452181510106
83	28	0.058172804379964305
84	1	0.23986073966010935
84	2	0.19589885746891866
84	3	0.11901135508019678
84	4	0.18239030939574974
84	5	0.24882652309327113
84	6	0.1363853090695386
84	7	0.2130862377350553
84	8	0.1412039636965332
84	9	0.18051919151243823
84	10	0.14689249414387007
84	11	0.0844283182545027
84	12	0.002360497538845152
84	13	0.07656082989779378
84	14	0.14132512426988342
84	15	0.1377128634542828
84	16	0.09057077667806368
84	17	0.1888929563027446
84	18	-0.045839755869934606
84	19	0.015037385447783436
84	20	0.10775070756487537
84	21	0.2230290896003666
84	22	0.37778709714530834
84	23	0.4309535200319914
84	24	0.5916243490027924
84	25	0.7760757482610288
84	26	1.4559627750550703
84	27	2.0616077230254604
84	28	1.455608701815862
85	1	0.4430074560469137
85	2	0.4693136851947628
85	3	0.3818114602058884
85	4	0.39092947986359405
85	5	0.385909841904315
85	6	0.3306474180705621
85	7	0.40982451526249264
85	8	0.47698342665328397
85	9	0.4451213168223873
85	10	0.3641648215005091
85	11	0.4578046605983559
85	12	0.37155107051469827
85	13	0.43271001837118206
85	14	0.386434722829776
85	15	0.45975952381382257
85	16	0.3783113351734855
85	17	0.3858511353465346
85	18	0.41092032377228094
85	19	0.42018720195784454
85	20	0.4210081870999929
85	21	0.4624677414276519
85	22	0.5018037902163783
85	23	0.818508139223205
85	24	0.7185383873454043
85	25	2.003204371449435
85	26	1.1455232146155083
85	27	0.8173003226459485
85	28	1.2556087018158593
86	1	0.12617900359057188
86	2	0.1633451900505989
86	3	0.13142038155323377
86	4	0.1299103847705183
86	5	0.1128705706308395
86	6	0.13717919818896718
86	7	0.11094060979804965
86	8	0.12318057392462123
86	9	0.09136898892426615
86	10	0.08179605280194835
86	11	0.1293222598065853
86	12	0.018748527109131885
86	13	0.09089040004254656
86	14	0.07810133633046235
86	15	0.0829200238100185
86	16	0.03915461208845272
86	17	0.0839658903052225
86	18	0.09376687899884217
86	19	0.09458362425587552
86	20	0.14854673417079312
86	21	0.1464992653641204
86	22	-0.034481311034433304
86	23	-0.06683227695432237
86	24	-0.654439447540561
86	25	-0.715545628550565
86	26	-0.6889618879108355
86	27	-0.17145823062872978
86	28	-0.9855677687723698
87	1	0.1165061419995368
87	2	0.17901639390046853
87	3	0.192194306651146
87	4	0.11256681380691447
87	5	0.09565683001223135
87	6	0.14126614925755376
87	7	0.10609260847409985
87	8	0.11458712743185373
87	9	0.16472363473686613
87	10	0.023008351662582527
87	11	0.08247734756328384
87	12	0.03526513086752203
87	13	0.06965983277009258
87	14	0.06446694619548765
87	15	0.02991498226531064
87	16	-0.10186909216763951
87	17	-0.08374376015662222
87	18	0.01120021756279499
87	19	0.029745807078739972
87	20	-0.0253279743043322
87	21	0.02433135018332422
87	22	0.10735934577193262
87	23	0.6828750883406443
87	24	0.3034267170088185
87	25	-0.29022574666080203
87	26	0.3005140571063478
87	27	-0.2472158063863077
87	28	-1.6895525885067215
88	1	0.14626570286123552
88	2	0.19641625642159255
88	3	0.1328112741252312
88	4	0.1344726085167025
88	5	0.0989894767783781
88	6	0.17117242042843372
88	7	0.19659708646383223
88	8	0.21645857723841289
88	9	0.1657798894053144
88	10	0.1532983229012146
88	11	0.10950857313534357
88	12	0.1005310681185918
88	13	0.09105869273768263
88	14	0.13787858127592756
88	15	0.08261247166280583
88	16	0.07938117149898005
88	17	0.1562069062685012
88	18	0.1293210462954093
88	19	0.11028058679136166
88	20	0.14603973986735497
88	21	0.14794368618095888
88	22	0.15279566079381368
88	23	0.31989242729007117
88	24	0.05348788229489543
88	25	-1.2807889491612485
88	26	-1.3338250233534197
88	27	-0.10659080638630769
88	28	-0.987248441041281
89	1	0.10079364462956875
89	2	0.10092185267643572
89	3	0.09205977351906114
89	4	0.054996160194100696
89	5	0.07077417960773857
89	6	0.031708070781640174
89	7	0.019486694688957584
89	8	0.07242181701688821
89	9	0.07969035426607007
89	10	-0.0214051731222753
89	11	-0.04653076484486718
89	12	-0.017179269829526334
89	13	-0.002296566359163421
89	14	-0.03661316322966712
89	15	-0.04079175003431601
89	16	-0.06306172398574716
89	17	-0.01232735150242803
89	18	-0.148659323628884
89	19	-0.03132075572673898
89	20	-0.048971277452523054
89	21	-0.05460399617935252
89	22	-0.028387719011426782
89	23	0.027489311260154636
89	24	0.3288899869652937
89	25	0.018829371449434973
89	26	-0.24596030186800988
89	27	-0.29069406725587044
89	28	-1.5849318387246782
90	1	-0.01689906458631185
90	2	-0.039074524622080276
90	3	-0.06501579096989474
90	4	-0.06850582352711854
90	5	-0.03861114923032716
90	6	-0.04464016821537342
90	7	-0.030470943075954438
90	8	-0.028461459930852584
90	9	-0.037664625682474195
90	10	-0.12023373559147643
90	11	-0.08526572138218569
90	12	-0.1302147625656147
90	13	-0.07983630408337206
90	14	-0.14300956857491087
90	15	-0.09605041286793181
90	16	-0.16179601830882007
90	17	-0.1424955928756262
90	18	-0.21563479307956612
90	19	-0.2624627760404934
90	20	-0.12694182910683338
90	21	-0.40510577171834683
90	22	-0.486308580114013
90	23	-0.5127164752766333
90	24	-0.506484725135337
90	25	-0.49539827082698906
90	26	-1.1418105042971618
90	27	-1.0084098362370568
90	28	0.6007699921384457
91	1	0.16660962818587421
91	2	0.1770323038360715
91	3	0.14651425213396863
91	4	0.17379644110563675
91	5	0.09782553417228712
91	6	0.10958909825097152
91	7	0.0893702734321522
91	8	0.1398413615001175
91	9	0.11092513883028232
91	10	0.03283537458737129
91	11	-0.03389100578127824
91	12	-0.07978900392804178
91	13	0.03694972220134929
91	14	-0.10229033887644334
91	15	-0.02765831172265365
91	16	-0.09860566051796127
91	17	-0.06453376235348429
91	18	-0.038920625825440425
91	19	-0.043452545700944256
91	20	0.05218190383112642
91	21	0.11012785729614905
91	22	0.08595494142694804
91	23	0.36527895719144254
91	24	-0.30678147797446087
91	25	-0.8659224016002085
91	26	-1.4286526095603165
91	27	-0.5805491397196434
91	28	-0.18392618190506482
92	1	0.07589249674957443
92	2	0.06188746478574103
92	3	0.03826614475259049
92	4	0.0135530549526095
92	5	0.08236616795164764
92	6	0.030608526826739535
92	7	0.05236271244566382
92	8	0.02642836692630368
92	9	-0.012370176090641394
92	10	0.017944813913040036
92	11	-0.010363045122318226
92	12	-0.1174904222890305
92	13	0.023468508913971675
92	14	0.04926820729642856
92	15	0.03309714174203293
92	16	0.04299200467522013
92	17	-0.06598960093604944
92	18	0.04606609643743553
92	19	0.06604432076532873
92	20	0.0017199722487220015
92	21	0.09153512524067509
92	22	0.09082790560966458
92	23	-0.4732041700158476
92	24	0.10337239293026101
92	25	-0.20485483907688007
92	26	-0.37430478347336305
92	27	-1.5549081140786143
92	28	-3.7812334034472954
93	1	0.2691505107135512
93	2	0.27128283224969607
93	3	0.19774043209993408
93	4	0.29000672724190935
93	5	0.22329329561572564
93	6	0.2288039454311459
93	7	0.254692611659479
93	8	0.2371982282736127
93	9	0.2254482884358353
93	10	0.22939435454197366
93	11	0.261929260212554
93	12	0.14371540208296807
93	13	0.20114635597579422
93	14	0.15597362414288796
93	15	0.18074754781044788
93	16	0.11117868991790658
93	17	0.16060381454164485
93	18	0.09306519575783057
93	19	0.15269991217997614
93	20	0.2590736419064257
93	21	0.22678325830299428
93	22	0.3566090007013045
93	23	0.703486965827544
93	24	0.8144639799046587
93	25	0.9107212633413297
93	26	0.5403950094873053
93	27	0.7152841936136909
93	28	0.6765389343740011
94	1	-0.003388576779144614
94	2	0.016230272882204133
94	3	0.08226365592592089
94	4	0.03990128513574831
94	5	-0.02010127036239595
94	6	-0.06276969427329249
94	7	-0.048968643159334135
94	8	-0.007472729990716687
94	9	-0.0032684591891225523
94	10	-0.019942850006472668
94	11	0.01928399147954707
94	12	-0.046009709306858326
94	13	-0.02179174846848042
94	14	-0.07978106647172467
94	15	0.009502176060614431
94	16	-0.017000106633112466
94	17	-0.03068826124732027
94	18	0.016227277529132778
94	19	-0.04664648064836996
94	20	0.08825173792771324
94	21	0.042204167144880955
94	22	-0.1984995715001503
94	23	0.06028254370888675
94	24	0.32853057281036513
94	25	0.4000793714494364
94	26	1.1857541701007008
94	27	0.5118203381920026
94	28	1.6601541563613154
95	1	-0.04640502917757772
95	2	-0.18172832101830494
95	3	0.167314866814813
95	4	0.05084675564934571
95	5	0.0056236748338847065
95	6	0.2342725536252459
95	7	0.08747500750620674
95	8	-0.23410655781590606
95	9	0.03312746060218075
95	10	0.08359661127684603
95	11	-0.14210338014609647
95	12	0.025262726373618705
95	13	0.0029507217691531196
95	14	0.017693102446969533
95	15	0.09396881391518974
95	16	-0.06788104500473935
95	17	0.08937762471580868
95	18	0.1271638454352768
95	19	0.008239732961243362
95	20	0.22928119480710052
95	21	0.3602913901051039
95	22	0.1665477579789254
95	23	0.03189946047881165
95	24	-0.22934040053338123
95	25	-0.6815252384796437
95	26	-0.6884565311289421
95	27	-1.3012698604403639
95	28	-1.7301055838984212
96	1	0.14803030679496487
96	2	0.1323510908611638
96	3	0.15660935082311056
96	4	0.14084161459201283
96	5	0.11585879434806401
96	6	0.12728721898759687
96	7	0.05351596208623732
96	8	0.15109965608630915
96	9	0.14432387569019056
96	10	0.10015803801267253
96	11	0.0742623988952289
96	12	0.054815591297987964
96	13	0.0760430711775868
96	14	0.03405155667957871
96	15	-0.017758136383584144
96	16	0.034471176979408824
96	17	0.051502544878815115
96	18	0.01681393319063318
96	19	0.11542717640065803
96	20	0.08701287736776919
96	21	0.056142892741419814
96	22	0.1838785484943486
96	23	0.4059034959216987
96	24	0.31281381488815896
96	25	0.7725330751531416
96	26	0.7776580700513307
96	27	-0.7266678611808288
96	28	0.7993587018158621
97	1	0.09106826920711342
97	2	0.07996481285204027
97	3	0.07703757917043674
97	4	0.07157147115887597
97	5	0.05823357126656248
97	6	0.05124941080463685
97	7	0.02417363939471784
97	8	0.08306925090420947
97	9	-0.014620227246773254
97	10	0.031226581868843084
97	11	0.010547943214085365
97	12	-0.08350392750695335
97	13	-0.10513145016112446
97	14	-0.10819199323559303
97	15	-0.02674652512926201
97	16	-0.11714959548847759
97	17	-0.015542291748410264
97	18	-0.02617348895640248
97	19	-0.08473352226945963
97	20	0.01906745338181537
97	21	0.14718040971205681
97	22	-0.05520341896200165
97	23	-0.5703810890585359
97	24	-0.8821980913657583
97	25	-0.28219103671383294
97	26	0.6791455555772998
97	27	-0.3424539016244026
97	28	-1.1254723792652186
98	1	0.14221370202996297
98	2	0.1576031315226203
98	3	0.13511990783340622
98	4	0.1539983202954005
98	5	0.21409280880322257
98	6	0.22450975619401703
98	7	0.10247927641002974
98	8	0.06483920854513059
98	9	0.136835838789942
98	10	0.1187482501646997
98	11	0.11331627165983349
98	12	0.1091633908377787
98	13	0.032725397889272756
98	14	0.07376608214183733
98	15	0.05814714273214605
98	16	0.05638488914277673
98	17	-0.012500692964877658
98	18	0.03255989772956269
98	19	-0.007220431831107987
98	20	0.0038624359277790177
98	21	0.1634945215720336
98	22	-0.016656325683229056
98	23	-0.2052229352249526
98	24	0.08395227058676369
98	25	0.5069246095446758
98	26	-0.03976372067143075
98	27	-0.5510132747407397
98	28	-1.751708371354873
99	1	0.11240416565719613
99	2	0.16115973788087246
99	3	0.07503270924861027
99	4	0.1342673573564923
99	5	0.12873645477291262
99	6	-0.046599877930461275
99	7	0.033393170344346856
99	8	0.1276128879668761
99	9	0.039913157348898665
99	10	0.12304357533289334
99	11	0.0845133411379635
99	12	0.1388851536156892
99	13	0.06485983524192562
99	14	0.08035113120372728
99	15	0.08654502940105147
99	16	0.09745735055791016
99	17	0.16204530276652207
99	18	0.14477141044709896
99	19	0.14241879309289374
99	20	0.18031141594077837
99	21	0.19227770832969782
99	22	0.1441126517454876
99	23	0.6457992565975132
99	24	0.5750673129652384
99	25	0.08461884513364737
99	26	1.4817247489302474
99	27	1.0817315620347472
99	28	0.7187665965527046
100	1	-0.1730039417723006
100	2	-0.11038153002161977
100	3	-0.10886997278742427
100	4	-0.14421883432440552
100	5	-0.1598780216793756
100	6	-0.14546563207866114
100	7	-0.17656260422097603
100	8	-0.16405265330703145
100	9	-0.11120408256783065
100	10	-0.11607687770521835
100	11	-0.07830548263153503
100	12	-0.12392331654039879
100	13	-0.11807725980424522
100	14	-0.14463463883001992
100	15	-0.10596890796308855
100	16	-0.18277370007876215
100	17	-0.21539992561818622
100	18	-0.20841112923544358
100	19	-0.22343163698680968
100	20	-0.25509106667396964
100	21	-0.35778532016141185
100	22	-0.1372559528189825
100	23	-0.6124830526086953
100	24	-0.3120909832839658
100	25	-0.7944617677910699
100	26	-1.5010825161023718
100	27	-1.2872158063863068
100	28	-2.777724631517472
101	1	0.01187012266044718
101	2	0.08826845463160993
101	3	0.07859183218389632
101	4	0.05679654402649703
101	5	0.02532264592785083
101	6	0.020757882666522676
101	7	0.01415089829097127
101	8	0.012942349139372311
101	9	-0.06521753888530668
101	10	-0.03774186885343056
101	11	-0.07088878206697302
101	12	-0.15918170848770785
101	13	-0.10983734256260647
101	14	-0.07357648871406042
101	15	-0.11924896472653757
101	16	-0.08817670331120553
101	17	-0.025566143215904447
101	18	-0.07928463849705025
101	19	-0.21347206851297784
101	20	-0.2175995061912488
101	21	-0.26138805344525906
101	22	-0.1455399136943214
101	23	-0.143891993036668
101	24	0.792759580165324
101	25	0.4098550124750773
101	26	0.05771102680331808
101	27	-1.038882473052972
101	28	0.48894203514919354
102	1	-0.23626272361320844
102	2	-0.29932809918894776
102	3	-0.22681844765057946
102	4	-0.25445490705537566
102	5	-0.29324265987490605
102	6	-0.2735047404431086
102	7	-0.2668672563259378
102	8	-0.24404793288932325
102	9	-0.28841799427083714
102	10	-0.24684306420763846
102	11	-0.3601346642439225
102	12	-0.33783773526860017
102	13	-0.41026198120454893
102	14	-0.37050884809215745
102	15	-0.36733241246835036
102	16	-0.3714877047335037
102	17	-0.31847982535374797
102	18	-0.42488682440657044
102	19	-0.4530692972774375
102	20	-0.4758681191557699
102	21	-0.509745448513435
102	22	-0.34159701096430695
102	23	0.06202144495472339
102	24	-0.21348087065516097
102	25	-0.18387333125326677
102	26	-0.55715728245751
102	27	-0.7472158063863077
102	28	-2.977724631517468
103	1	-0.2526732595556922
103	2	-0.21870185381462903
103	3	-0.2719868495135671
103	4	-0.17737415531866674
103	5	-0.25149692518733247
103	6	-0.26649999817881564
103	7	-0.21733936296934786
103	8	-0.16576290039602526
103	9	-0.24457136987876282
103	10	-0.22662684602713767
103	11	-0.24687049650222548
103	12	-0.22300274547385612
103	13	-0.27738046513353964
103	14	-0.25853399481163564
103	15	-0.20118939352957455
103	16	-0.19728828737185466
103	17	-0.2572381152314662
103	18	-0.23906718401183014
103	19	-0.23621081556035506
103	20	-0.23333761037142864
103	21	-0.3107248395023987
103	22	-0.23073130032256728
103	23	-0.4106220075603275
103	24	-1.0327682651857373
103	25	-0.8978372952172293
103	26	-1.8644933175249179
103	27	-1.2066752658457673
103	28	-3.1082210854181795
104	1	0.019192763449254358
104	2	-0.04464022916476296
104	3	-0.11842585064593436
104	4	-0.030471479354666542
104	5	-0.01964878167461137
104	6	-0.08616982355577107
104	7	-0.02533149599277351
104	8	0.010303611315038097
104	9	-0.06799588862243411
104	10	-0.018132895255341452
104	11	-0.011614521771910802
104	12	-0.09175416093366096
104	13	-0.027997307615216016
104	14	-0.0755147445583475
104	15	-0.055397630015662
104	16	-0.02561893878135635
104	17	-0.07130450774592134
104	18	-0.11201927981274906
104	19	-0.12604398448401355
104	20	-0.16910659051297472
104	21	-0.05310525541244715
104	22	-0.09721072779115758
104	23	-0.08122162838483149
104	24	0.5197006428114577
104	25	0.3436593034222213
104	26	0.3400389792247296
104	27	1.1553815962110932
104	28	1.0523828953642465
105	1	-0.20188476458944393
105	2	-0.16953752403335898
105	3	-0.2359693795549731
105	4	-0.25051465085770275
105	5	-0.2091113530183506
105	6	-0.19520363337807822
105	7	-0.2856313085706361
105	8	-0.17934889578987878
105	9	-0.2510127409045708
105	10	-0.21681654145638873
105	11	-0.2878412884179937
105	12	-0.29196357728572764
105	13	-0.3278496321681459
105	14	-0.3446464914803329
105	15	-0.33132873156452547
105	16	-0.28855617200330386
105	17	-0.2933002942826306
105	18	-0.399089964909237
105	19	-0.37078891564303973
105	20	-0.3904427621246285
105	21	-0.35702290527463276
105	22	-0.25217355829878585
105	23	-0.6432349894723046
105	24	-0.4710007010172177
105	25	-1.2668849142648497
105	26	-0.5992875301952338
105	27	-0.570132473052972
105	28	-0.2843912981841399
106	1	-0.09365688345175727
106	2	-0.16984242271824712
106	3	-0.14810194643636265
106	4	-0.15465185573057028
106	5	-0.1448351942678201
106	6	-0.24665429903610914
106	7	-0.18615131687887043
106	8	-0.16628138888222566
106	9	-0.20058751682300624
106	10	-0.23735410486595043
106	11	-0.25262134703722694
106	12	-0.2773185275253667
106	13	-0.31921914846423505
106	14	-0.3079840703168202
106	15	-0.28451350171645373
106	16	-0.26392721984025513
106	17	-0.2599619425508308
106	18	-0.18496763192766252
106	19	-0.26322162909310265
106	20	-0.18120204654435668
106	21	-0.2402908318565551
106	22	-0.2897342687439348
106	23	-0.2623027482493683
106	24	-0.3110388439339573
106	25	0.5876699511595831
106	26	0.12134739043968068
106	27	-0.7320642912347921
106	28	-0.27296272675556565
107	1	-0.0504403734448573
107	2	-0.05331955729503335
107	3	-0.07083351691880324
107	4	-0.06854752643559436
107	5	-0.03936248244678353
107	6	-0.08491258182652217
107	7	-0.09787867326324573
107	8	-0.06980282972671148
107	9	-0.04213883711451416
107	10	-0.05218573809705873
107	11	-0.07204564407010139
107	12	-0.04579667133327092
107	13	-0.0799569020860531
107	14	-0.08584764724531624
107	15	-0.039732081801304275
107	16	-0.015335318619122518
107	17	-0.045727568282821096
107	18	-0.039623790505196155
107	19	0.07934469892403229
107	20	-0.014041208629130608
107	21	-0.10828235278237486
107	22	-0.05064733751454753
107	23	-0.0936049666302381
107	24	0.5693192731262897
107	25	0.15255030168199113
107	26	0.24817665873236905
107	27	-0.14195264849156786
107	28	0.049358701815862105
108	1	-0.24416486049308617
108	2	-0.3228172593671559
108	3	-0.35899040526473414
108	4	-0.305506131212141
108	5	-0.32606909612592005
108	6	-0.3607537344200651
108	7	-0.3005200036222817
108	8	-0.30792669659473404
108	9	-0.3509053942864284
108	10	-0.262783700596529
108	11	-0.34431977589315466
108	12	-0.34852709329658893
108	13	-0.30423352883206434
108	14	-0.3586342198933892
108	15	-0.36399098570306165
108	16	-0.3014794408482686
108	17	-0.4067532435821164
108	18	-0.3629471163524798
108	19	-0.3836182482207988
108	20	-0.36650873728857647
108	21	-0.3846064051318976
108	22	-0.418394042831828
108	23	-1.022181703902632
108	24	-0.15652267099923733
108	25	-1.002254965899965
108	26	-1.1230970540047593
108	27	-1.953737545516745
108	28	-1.044391298184138
109	1	0.12422949512305337
109	2	0.050354749958955836
109	3	0.07634715289510297
109	4	0.06321807193754836
109	5	0.0924330321830098
109	6	0.0940214982559695
109	7	0.11294872175470516
109	8	0.08726571691199325
109	9	0.07791606106309956
109	10	0.052946857400435476
109	11	-0.024050439535237444
109	12	-0.04912956392504242
109	13	0.040619573099334616
109	14	0.07012766334821663
109	15	0.043513632602596886
109	16	0.009474343814702024
109	17	0.019879890541695033
109	18	-0.037008580944409175
109	19	0.11759102066177007
109	20	0.10087255496925707
109	21	0.11038816232529314
109	22	0.12401030238671495
109	23	-0.041765698713234656
109	24	-0.6725339458941093
109	25	-0.6439223064029136
109	26	0.6031655722578648
109	27	1.675861116690612
109	28	1.1778309240380835
110	1	-0.34935006878808395
110	2	-0.3658148693475667
110	3	-0.43134251168635984
110	4	-0.4306771749162337
110	5	-0.3537235792422706
110	6	-0.36967351962445605
110	7	-0.4403303182319007
110	8	-0.42533258210180236
110	9	-0.3802181958634847
110	10	-0.38724345324393994
110	11	-0.5582104927794873
110	12	-0.5433294348568367
110	13	-0.4829493794991393
110	14	-0.5097203711046276
110	15	-0.5300139575322049
110	16	-0.5540064266099094
110	17	-0.5404753790939267
110	18	-0.45318152568925996
110	19	-0.5235989276424178
110	20	-0.46829823621200717
110	21	-0.5970329421812295
110	22	-0.6167679278765448
110	23	-0.7030316345193626
110	24	-0.8016566226918798
110	25	-0.14783729521722933
110	26	-0.8765692762269808
110	27	-0.1908777782172919
110	28	-0.4506412981841379
111	1	-0.16060732311859738
111	2	-0.2148481041482242
111	3	-0.17618141083638506
111	4	-0.18470893094058027
111	5	-0.19343015971822553
111	6	-0.1863714414327049
111	7	-0.2253877875245962
111	8	-0.18730455925503264
111	9	-0.24320653332867437
111	10	-0.24561213354793665
111	11	-0.33691722892362463
111	12	-0.3293055465799952
111	13	-0.3679766300087053
111	14	-0.3164999136459983
111	15	-0.37380271823189304
111	16	-0.2708652198398127
111	17	-0.2660106367948174
111	18	-0.34526222616718627
111	19	-0.21021693951342257
111	20	-0.20757279678953466
111	21	-0.33702444316134716
111	22	-0.4469554009600927
111	23	-0.3412187563492921
111	24	-0.37302443185786416
111	25	-0.9490477235226322
111	26	-1.0352417568471353
111	27	-0.8305491397196434
111	28	-1.044391298184138
112	1	-0.47444658952513663
112	2	-0.5279508656723308
112	3	-0.48561620504856506
112	4	-0.4712726219460919
112	5	-0.5428836882854782
112	6	-0.5477457582774861
112	7	-0.506981389151619
112	8	-0.522720823755435
112	9	-0.5699345296915084
112	10	-0.5104370105773626
112	11	-0.5614467866936863
112	12	-0.5551912353681772
112	13	-0.501678954186886
112	14	-0.5174872647917326
112	15	-0.49661506560649826
112	16	-0.44783968478726877
112	17	-0.5361056060508531
112	18	-0.5908837411776702
112	19	-0.5022555929095986
112	20	-0.6983409206227691
112	21	-0.6214575151767932
112	22	-0.5421995420595422
112	23	-0.9772078901864347
112	24	-0.11204677461906698
112	25	-0.20213837048604688
112	26	-1.0182752510697526
112	27	-1.3787947537547254
112	28	2.340224086431249
113	1	-0.3141379479304618
113	2	-0.2741048699352717
113	3	-0.2814379509618803
113	4	-0.20480779734519672
113	5	-0.2848532722071724
113	6	-0.3021851532445936
113	7	-0.2575701636907439
113	8	-0.24066935197323858
113	9	-0.2645563224683585
113	10	-0.21732533354111183
113	11	-0.2137203875191389
113	12	-0.23727477167405908
113	13	-0.224860577103982
113	14	-0.2164552393209931
113	15	-0.20777639743526066
113	16	-0.19104848033276056
113	17	-0.2304435455763425
113	18	-0.19093600485733475
113	19	-0.32830296572939943
113	20	-0.2767622736751818
113	21	-0.3012594905992927
113	22	-0.29156214040033035
113	23	-0.5994847190617136
113	24	-0.6256241549833277
113	25	-0.34706466828566107
113	26	-0.687348261734229
113	27	-0.2472158063863077
113	28	0.7428427443690566
114	1	-0.3251153510328493
114	2	-0.40449215115421566
114	3	-0.3491053524936234
114	4	-0.39967318194493373
114	5	-0.356854587314551
114	6	-0.4067850179903516
114	7	-0.43401102414205894
114	8	-0.3817528669883359
114	9	-0.44590035244238635
114	10	-0.4556946492214067
114	11	-0.43998518145988186
114	12	-0.5133797751856193
114	13	-0.5699786071772976
114	14	-0.5077600683529653
114	15	-0.5598211208517441
114	16	-0.5334813638765894
114	17	-0.4317530377056329
114	18	-0.41034864920987957
114	19	-0.41216730864447015
114	20	-0.4872436570542362
114	21	-0.6692644929917222
114	22	-0.6637307967697268
114	23	-0.669867772338776
114	24	-1.2532552244482105
114	25	-0.7609325333124701
114	26	-0.4677151095603165
114	27	-0.5540339882044876
114	28	0.28119009716469634
115	1	-0.3247704293044862
115	2	-0.43520237302542597
115	3	-0.40573223737508357
115	4	-0.3895022567746693
115	5	-0.41231263849459765
115	6	-0.40485443135528243
115	7	-0.3616103689126575
115	8	-0.30752887993691047
115	9	-0.4414419648722472
115	10	-0.3423372810595069
115	11	-0.3193149851348238
115	12	-0.37478949344672685
115	13	-0.4098057319195192
115	14	-0.3545831320379449
115	15	-0.39018300834144526
115	16	-0.41224686097827146
115	17	-0.368966313901403
115	18	-0.4055397006640149
115	19	-0.4597882431004763
115	20	-0.4524637247673766
115	21	-0.41101822317688175
115	22	-0.3305586638976834
115	23	-0.7353744392959385
115	24	-0.8491440710412803
115	25	-0.11626379625242578
115	26	-0.5186526095603199
115	27	-0.5210253301958332
115	28	-0.15077427690754064
116	1	-0.7266077378613005
116	2	-1.0998703056159869
116	3	-0.7061692440110718
116	4	-0.80843004350087
116	5	-0.747894958431587
116	6	-0.6361797788524015
116	7	-0.7328976578031643
116	8	-0.9436975996854287
116	9	-0.7332043088941447
116	10	-0.6740381590161562
116	11	-0.9747801970001291
116	12	-0.7640176135396288
116	13	-0.8386665217468305
116	14	-0.7738223441317658
116	15	-0.6821000539258293
116	16	-0.8159557551047669
116	17	-0.7577278015035418
116	18	-0.7522563673306806
116	19	-0.8123853424121776
116	20	-0.7452178540961256
116	21	-0.4839085258485625
116	22	-0.6661961781325445
116	23	-1.0037555194413414
116	24	-1.2658067590336444
116	25	-1.0878585266397351
116	26	0.1411672102595034
116	27	-0.2343952935657967
116	28	0.16149105475703607
117	1	-0.4619682115790553
117	2	-0.5442587999973512
117	3	-0.5681069997012997
117	4	-0.5711830831451152
117	5	-0.6212758154668521
117	6	-0.598298079113313
117	7	-0.5761211735659302
117	8	-0.5495926876300743
117	9	-0.6412004896117622
117	10	-0.5565559240413265
117	11	-0.559394484820956
117	12	-0.6345338259911699
117	13	-0.5656574780663775
117	14	-0.5556387090377513
117	15	-0.5517442537715453
117	16	-0.5359115664707303
117	17	-0.5213849654609248
117	18	-0.49653856722763834
117	19	-0.5941420873184171
117	20	-0.5946286649567369
117	21	-0.6825144994875245
117	22	-0.5899249916918663
117	23	-0.4189672854708206
117	24	0.10374855352331025
117	25	0.35603867377501786
117	26	-0.4755276095603165
117	27	-0.13497090842712112
117	28	1.426196937109978
118	1	-0.34049295281007375
118	2	-0.4100757843631939
118	3	-0.4452545791176945
118	4	-0.3915512711103233
118	5	-0.4008826843952349
118	6	-0.5108625390919102
118	7	-0.3904189904772295
118	8	-0.35019340077615624
118	9	-0.44533669912881635
118	10	-0.4974750901101359
118	11	-0.43046463856749284
118	12	-0.4723216873906466
118	13	-0.403283587200022
118	14	-0.4675366967715391
118	15	-0.429831167899863
118	16	-0.3733664122045397
118	17	-0.41118008555631036
118	18	-0.3167503012491153
118	19	-0.37617324198904356
118	20	-0.457132708032141
118	21	-0.39443287874463806
118	22	-0.2942115654544537
118	23	0.08275911162957073
118	24	0.10985803543924533
118	25	-0.18891710742380496
118	26	0.10436625836420887
118	27	0.44197338280287823
118	28	0.30696005316721653
119	1	-0.3472691188789909
119	2	-0.5539553438954457
119	3	-0.5056291963486572
119	4	-0.48805560043880547
119	5	-0.4944913858727915
119	6	-0.5750338776270709
119	7	-0.563995190713868
119	8	-0.5483951951730219
119	9	-0.619285206700873
119	10	-0.5684318392267613
119	11	-0.6179918559531927
119	12	-0.5932421918550688
119	13	-0.560678624080083
119	14	-0.6124168823421883
119	15	-0.5757400211969639
119	16	-0.5687654552865595
119	17	-0.5809929679940922
119	18	-0.5705641562754025
119	19	-0.4582964878223095
119	20	-0.5841759639828723
119	21	-0.7670562976050164
119	22	-0.6696966451637678
119	23	-1.4035117265369976
119	24	-1.559003225970855
119	25	-1.43775745489787
119	26	-1.422242353150061
119	27	-1.0288250017886043
119	28	-2.0652246315174736
120	1	-0.5131875903435485
120	2	-0.6345930631395404
120	3	-0.6852178126954485
120	4	-0.6833779649212062
120	5	-0.6846746366013292
120	6	-0.6608187992218078
120	7	-0.6757950617007467
120	8	-0.6737140851273082
120	9	-0.6863982568548153
120	10	-0.6547754687490439
120	11	-0.6591674526091253
120	12	-0.6459774043835438
120	13	-0.6626611391507424
120	14	-0.5786323004685201
120	15	-0.6722183651091171
120	16	-0.5868423985392255
120	17	-0.6613323012819876
120	18	-0.6093566300277047
120	19	-0.7290391481408562
120	20	-0.8568155887339017
120	21	-0.6955570507430906
120	22	-0.5504067352674937
120	23	-0.7959081703557658
120	24	-0.38379351897542335
120	25	0.007718260338322125
120	26	-0.6864651095603165
120	27	-0.03842459759509609
120	28	0.8667198129269735
>>END_MODULE
>>Per sequence quality scores	pass
#Quality	Count
2	98164.0
3	2103.0
4	1044.0
5	1089.0
6	1562.0
7	2507.0
8	2366.0
9	1658.0
10	1718.0
11	1945.0
12	2273.0
13	2400.0
14	3017.0
15	3341.0
16	4088.0
17	4740.0
18	6128.0
19	8270.0
20	10855.0
21	13576.0
22	15575.0
23	17770.0
24	19182.0
25	19281.0
26	19298.0
27	20062.0
28	22707.0
29	25304.0
30	28526.0
31	32719.0
32	38377.0
33	47554.0
34	61329.0
35	90153.0
36	151378.0
37	287644.0
38	588166.0
39	1638637.0
40	327449.0
>>END_MODULE
>>Per base sequence content	fail
#Base	G	A	T	C
1	4.765982849714627	22.332528077036805	63.01340668046574	9.88808239278282
2	32.04678449809761	27.52430511528303	15.712514955453399	24.716395431165964
3	20.769807375662445	32.38199641102833	15.123359171500628	31.724837041808595
4	32.75407374252838	31.222676033057397	20.822963459872696	15.200286764541532
5	32.770991913530935	32.630234095070165	23.189664330820886	11.409109660578014
6	24.1891524591227	11.915904033024692	43.37799448392709	20.51694902392552
7	23.07829429449317	34.311905087121666	16.17544919845859	26.43435141992657
8	28.405899079872682	38.40083555121407	16.617618044374172	16.575647324539077
9	16.540584273581914	27.780023637171897	38.73044159237165	16.948950496874545
10	18.173211311950617	30.970417679027474	26.49704535514376	24.35932565387815
11	40.765186101924556	7.996346533000548	15.038128232828498	36.2003391322464
12	17.001618397579442	17.561752284451657	32.07335631926997	33.36327299869893
13	15.621620562597771	16.299115410055194	48.06612362956441	20.01314039778263
14	29.8569350252552	30.039477808978845	29.25036315389778	10.853224011868178
15	52.089716285042066	16.314576149924978	18.996105916423495	12.599601648609468
16	12.544976151153534	14.609732978463603	34.08570683510561	38.75958403527725
17	32.62761264971557	27.396063140960635	27.94129618055412	12.035028028769673
18	35.90259721471288	12.346911045438635	31.57815160281377	20.17234013703472
19	26.79996465219705	25.129342248834746	31.434036549878947	16.636656549089263
20	60.54844137362018	12.104246152568825	19.303058096437777	8.044254377373226
21	14.477840735632583	19.46718457140424	38.62659256067663	27.428382132286554
22	29.51161406946044	9.342883709986493	52.44274411943702	8.702758101116045
23	18.16149187098008	28.779169899764767	33.55753566214462	19.501802567110534
24	15.66906634444421	17.491462204325416	44.205542745946985	22.633928705283388
25	19.63416471759796	17.437449635409504	25.691018560375266	37.23736708661727
26	17.617549222332105	16.877640924211093	29.566663669873233	35.93814618358356
27	16.752811255105645	13.801623720437698	29.06686500932883	40.378700015127826
28	14.346410912614605	22.863815936591546	22.05630233309315	40.7334708177007
>>END_MODULE
>>Per sequence GC content	warn
#GC Content	Count
0	29.0
1	29.0
2	27.5
3	20.0
4	14.0
5	14.5
6	16.5
7	22.5
8	37.5
9	57.0
10	65.0
11	73.5
12	95.5
13	127.5
14	163.5
15	206.5
16	273.5
17	403.0
18	591.0
19	769.0
20	2022.5
21	3895.0
22	4634.0
23	4494.0
24	4674.0
25	8625.0
26	15592.5
27	19338.5
28	29136.5
29	40040.0
30	138517.5
31	280596.0
32	330457.5
33	371063.0
34	420594.5
35	433544.0
36	442329.5
37	429637.5
38	413680.0
39	430182.0
40	431550.5
41	426122.5
42	432770.5
43	476608.5
44	517648.5
45	584481.0
46	711621.5
47	778459.0
48	798659.0
49	812757.0
50	730371.0
51	647985.0
52	525727.5
53	497388.0
54	560893.0
55	506082.5
56	467403.0
57	468372.0
58	363486.0
59	232084.5
60	228327.0
61	212883.5
62	188156.0
63	174986.0
64	144685.0
65	122776.5
66	86306.0
67	49491.5
68	40956.5
69	32669.5
70	28195.5
71	25882.5
72	24586.5
73	24316.5
74	23869.5
75	23380.5
76	24239.0
77	25452.0
78	27160.5
79	27428.5
80	24835.0
81	22860.5
82	21958.0
83	18931.5
84	15771.5
85	14216.0
86	12487.5
87	11155.5
88	10512.0
89	10170.5
90	9672.5
91	8975.5
92	8354.0
93	7821.5
94	7052.5
95	6484.5
96	6336.0
97	5183.0
98	2728.0
99	1426.0
100	1426.0
>>END_MODULE
>>Per base N content	pass
#Base	N-Count
1	1.0810012817488077
2	0.11142522465096835
3	0.017467104310070078
4	0.0020971562836735002
5	0.0
6	0.0
7	0.0
8	0.0
9	5.51883232545658E-5
10	0.0
11	0.0
12	0.0
13	4.415065860365264E-4
14	0.0040563417592105865
15	0.028228827344710404
16	0.002483474546455461
17	0.0
18	0.0
19	0.0
20	0.0
21	0.0
22	1.8099228113169043E-4
23	0.004045039678161934
24	0.017986851611472014
25	0.002620527905346532
26	0.0
27	0.0
28	0.0
>>END_MODULE
>>Sequence Length Distribution	warn
#Length	Count
17	98717.0
18	334092.0
19	107790.0
20	312190.0
21	561127.0
22	1394225.0
23	482237.0
24	180936.0
25	41411.0
26	31906.0
27	39077.0
28	40247.0
>>END_MODULE
>>Sequence Duplication Levels	fail
#Total Deduplicated Percentage	7.101564820934883
#Duplication Level	Percentage of deduplicated	Percentage of total
1	81.36939187421217	5.778500108347699
2	7.548593291245844	1.072136491293131
3	2.7043478230998024	0.5761530409229217
4	1.54376476433796	0.43852582168885146
5	0.9889012668743101	0.351137322410627
6	0.6798842099403049	0.2896945072572705
7	0.5155153144010998	0.2562675794982825
8	0.4270114792607787	0.24259597594029694
9	0.3532499324824661	0.22577645641635938
>10	2.785979976913661	4.114836740249675
>50	0.4345089303393456	2.1831487151418885
>100	0.4426632531760362	6.62657468819749
>500	0.08115492974893997	3.9947181821824973
>1k	0.09358056492581115	15.20871786654675
>5k	0.015143742871811763	7.399928303075535
>10k+	0.016308646169643438	51.24128820083072
>>END_MODULE
>>Overrepresented sequences	fail
#Sequence	Count	Percentage	Possible Source
TCGTACGACTCTTAGCGG	236237	6.518761960344429	No Hit
AACATTCAACGCTGTCGGTGAG	188262	5.194932056275533	No Hit
TGAGGTAGTAGATTGTATAGTT	158904	4.384822659221762	No Hit
TGAGGTAGTAGGTTGTATAGTT	137807	3.8026686313709743	No Hit
TTCAAGTAATCCAGGATAGGCT	119183	3.288754965224458	No Hit
TCGGATCCGTCTGAGCTTGGCT	72634	2.004274335636066	No Hit
AACATTCAACGCTGTCGGTGAGT	70564	1.9471544210675904	No Hit
TTCACAGTGGCTAAGTTCTG	69529	1.9185944637833525	No Hit
TGAGATGAAGCACTGTAGCT	55791	1.53950587134774	No Hit
AAGCTGCCAGTTGAAGAACTGT	50271	1.3871860991651386	No Hit
TCTTTGGTTATCTAGCTGTATGA	50114	1.3828538157896553	No Hit
TGAGGTAGTAGATTGTATAGT	45771	1.2630123718423656	No Hit
TGAGGTAGTAGGTTGTATAGT	41236	1.1378728488626377	No Hit
CAACGGAATCCCAAAAGCAGCTG	40521	1.1181430232991305	No Hit
AACATTCAACGCTGTCGGTGA	36254	1.0003987356355142	No Hit
TATTGCACTCGTCCCGGCCTCC	33090	0.9130908082467911	No Hit
TCACAGTGAACCGGTCTCTTT	29415	0.8116822642665266	No Hit
TGAGGTAGTAGGTTGTATGGTT	28830	0.7955396797145661	No Hit
TGAGGTAGTAGTTTGTACAGTT	28573	0.7884479801763542	No Hit
TGAGATGAAGCACTGTAGCTC	26686	0.7363777971856714	No Hit
TCGAGGAGCTCACAGTCTAGT	25753	0.7106324443874166	No Hit
TCTTTGGTTATCTAGCTGTAT	23481	0.6479385091702298	No Hit
TGAGGTAGTAGTTTGTGCTGTT	22432	0.61899223362321	No Hit
TATTGCACTTGTCCCGGCCTGT	20275	0.5594716269931608	No Hit
TTCACAGTGGCTAAGTTCTGC	19835	0.5473301958771563	No Hit
TGTAAACATCCTCGACTGGA	19409	0.5355750830239338	No Hit
CACCCGTAGAACCGACCTTGCG	17268	0.47649598297992113	No Hit
TCCCTGAGACCCTAACTTGTGA	16287	0.44942611042355657	No Hit
TGTAAACATCCTCGACTGGAAGCT	15790	0.435711812094797	No Hit
TCCAGCATCAGTGATTTTGTT	14719	0.406158464991977	No Hit
TCTTTGGTTATCTAGCTGTATG	13660	0.3769362478286844	No Hit
TCGGATCCGTCTGAGCTTGGCTT	13511	0.3728247177462193	No Hit
TGAGAACTGAATTCCATAGGCTGT	13040	0.35982786761976904	No Hit
TGAGATGAAGCACTGTAGCTCT	12911	0.35626822076984954	No Hit
TGAGGTAGTAAGTTGTATTGTT	12903	0.35604746747683125	No Hit
CATTATTACTTTTGGTACGCG	11743	0.3240382399891831	No Hit
AGCAGCATTGTACAGGGCTATGA	11568	0.31920926170440855	No Hit
TTCAAGTAATTCAGGATAGGTT	11309	0.3120623738429423	No Hit
TATTGCACTCGTCCCGGCCTC	11018	0.304032472809403	No Hit
AGCTACATCTGGCTACTGGGTCTC	10723	0.29589219512935455	No Hit
AACATTCATTGCTGTCGGTGGG	10544	0.2909528401980709	No Hit
TGAGGTAGTAGGTTGTGTGGTT	10370	0.2861514560749237	No Hit
TGAGACCTCTGGGTTCTGAGCT	9867	0.2722715927764004	No Hit
TGTAAACATCCCCGACTGGAAGCT	9554	0.26363462018706085	No Hit
TGTAAACATCCTTGACTGGAAGCT	9375	0.2586952652557772	No Hit
AACATTCATTGCTGTCGGTGGGT	9042	0.249506409433892	No Hit
CACCCGTAGAACCGACCTTGC	8934	0.24652623997814543	No Hit
TGAGGTAGTAGATTGTATAGTTA	8795	0.24269065151195313	No Hit
AACATTCAACGCTGTCGGTGAGA	8594	0.23714422502486926	No Hit
AGTTCTACAGTCCGACGATC	8267	0.22812093417274773	No Hit
AGAGTTCTACAGTCCGACGATC	8225	0.22696197938440182	Illumina DpnII expression Sequencing Primer (100% over 22bp)
CAGAGTTCTACAGTCCGACGATC	7994	0.22058772804849947	Illumina DpnII expression Sequencing Primer (100% over 23bp)
TGAGGTAGTAGTTTGTACAGT	7983	0.22028419227059937	No Hit
GTTCTACAGTCCGACGATC	7952	0.21942877326015364	Illumina DpnII expression Sequencing Primer (100% over 19bp)
TCACAGTGAACCGGTCTCTT	7371	0.20339656535470224	No Hit
TTCAAGTAATCCAGGATAGGC	7266	0.20049917838383755	No Hit
CTCGTACGACTCTTAGCGG	7238	0.19972654185827365	No Hit
TCGGATCCGTCTGAGCTTGGC	6962	0.19211055324914356	No Hit
TGAGGTAGTAGGTTGTATAG	6857	0.18921316627827886	No Hit
GTTTGTGATGACTTACA	6574	0.18140401853775778	No Hit
AACCCGTAGATCCGAACTTGTG	6383	0.17613353366694673	No Hit
TACAGTACTGTGATAACTGACT	6355	0.17536089714138284	No Hit
AACCCGTAGATCCGAACTTGT	6290	0.17356727663560945	No Hit
TGAGGTAGGAGGTTGTATAGTT	6203	0.17116658457403583	No Hit
CGTACGACTCTTAGCGG	6087	0.167965661825271	No Hit
TGTAAACATCCTACACTCTCAGCT	6061	0.16724821362296163	No Hit
CCCCCCACTGCTAAATTTGACTGGCTT	6034	0.16650317125902503	No Hit
TCCCTGAGACCCTTTAACCTGT	6027	0.16631001212763402	No Hit
TCGGATCCGTCTGAGCTTGGCTA	5938	0.16385413174280586	No Hit
TCGAGGAGCTCACAGTCTAGTA	5860	0.1617017871358778	No Hit
AGCTACATTGTCTGCTGGGTTTC	5850	0.16142584551960495	No Hit
TCGGATCCGTCTGAGCTTGGCTAT	5833	0.16095674477194116	No Hit
TATTGCACTTGTCCCGGCCTGTAA	5770	0.15921831258942232	No Hit
AACATTCAACGCTGTCGGTG	5701	0.1573143154371398	No Hit
AACCCGTAGATCCGATCTTGTG	5589	0.15422376933488413	No Hit
TCACAGTGAACCGGTCTCTTTT	5415	0.1494223852117369	No Hit
TCGGATCCGTCTGAGCTTGGCTTT	5394	0.14884290781756396	No Hit
TCTACAGTCCGACGATC	5325	0.14693891066528145	Illumina DpnII expression Sequencing Primer (100% over 17bp)
AGCTACATTGTCTGCTGGGTTT	5225	0.14417949450255316	No Hit
AGAATTGTGGCTGGACATCTGT	5124	0.14139248417819758	No Hit
TGAGGTAGTAGGTTGTATAGTTA	5038	0.13901938627825125	No Hit
TATTGCACTTGTCCCGGCCTGTA	4939	0.13628756427715025	No Hit
TAGCAGCACGTAAATATTGGCG	4931	0.13606681098413198	No Hit
TATTGCACTTGTCCCGGCCTGTAT	4911	0.1355149277515863	No Hit
TATTGCACTCGTCCCGGCCTCA	4892	0.13499063868066793	No Hit
CAAAGAATTCTCCTTTTGGGCT	4873	0.13446634960974957	No Hit
AACATTCAACGCTGTCGGTGAA	4837	0.13347295979116738	No Hit
TGAGGTAGTAGGTTGTATAGTTT	4658	0.12853360485988374	No Hit
TGAGGTAGTAGATTGTATAG	4644	0.12814728659710178	No Hit
TGGAAGACTAGTGATTTTGTTGTT	4550	0.1255534354041372	No Hit
CTAGACTGAAGCTCCTTGAGGA	4495	0.12403575651463664	No Hit
TCAGTGCACTACAGAACTTTGT	4486	0.1237874090599911	No Hit
CTAGACTGAAGCTCCTTGAGG	4435	0.12238010681699966	No Hit
TAGTTCTACAGTCCGACGATC	4434	0.12235251265537236	Illumina DpnII expression Sequencing Primer (95% over 21bp)
TGAGAACTGAATTCCATAGGCTG	4433	0.1223249184937451	No Hit
TTCAAGTAATCCAGGATAGGCG	4382	0.12091761625075367	No Hit
GCATTGGTGGTTCAGTGG	4341	0.11978625562403507	No Hit
TGTAAACATCCTCGACTGGAA	4273	0.11790985263337983	No Hit
TCAGTGCATCACAGAACTTTGT	4240	0.11699924529967949	No Hit
AATATAACACAGATGGCCTGT	4227	0.1166405211985248	No Hit
TTCTACAGTCCGACGATC	4206	0.11606104380435188	Illumina DpnII expression Sequencing Primer (100% over 18bp)
TCCCTGAGACCCTAACTTGTG	4198	0.1158402905113336	No Hit
TTATAAAGCAATGAGACTGATT	4195	0.11575750802645175	No Hit
AACATTCAACGCTGTCGGT	4118	0.11363275758115098	No Hit
AACCCGTAGATCCGATCTTGT	4097	0.11305328018697805	No Hit
TTTTTCCAAGGACACCA	3963	0.10935566252892213	No Hit
GTTCGCGCTTTCCCCTG	3924	0.10827949022545809	No Hit
AACATTCATTGCTGTCGGTGGA	3921	0.10819670774057624	No Hit
TGAGGTAGTAGTTTGTGCTGTTA	3898	0.10756204202314874	No Hit
TTCACAGTGGCTAAGTTCTGCT	3881	0.10709294127548494	No Hit
TCGGATCCGTCTGAGCTTGGCA	3851	0.10626511642666644	No Hit
TTCAAGTAATCCAGGATAGGCA	3847	0.10615473978015731	No Hit
TTCCCTTTGTCATCCTATGCCT	3846	0.10612714561853004	No Hit
CATTGCACTTGTCTCGGTCTGA	3845	0.10609955145690275	No Hit
TTCAAGTAATTCAGGATAGGT	3781	0.10433352511275665	No Hit
TAGCACCATCTGAAATCGGTT	3741	0.10322975864766532	No Hit
TTAACTTGACCGCTCTGACC	3706	0.10226396299071042	No Hit
TATTGCACTCGTCCCGGCCT	3703	0.10218118050582857	No Hit
AAAAGCTGGGTTGAGAGGGCGA	3699	0.10207080385931945	No Hit
AACATTCATTGCTGTCGGTGGGTT	3694	0.10193283305118303	No Hit
GTACAGTACTGTGATAACT	3689	0.10179486224304662	No Hit
CACCCGTAGAACCGACCTTGCGA	3630	0.10016680670703693	No Hit
>>END_MODULE
>>Adapter Content	pass
#Position	Illumina Universal Adapter	Illumina Small RNA 3' Adapter	Illumina Small RNA 5' Adapter	Nextera Transposase Sequence	SOLID Small RNA Adapter
1	0.0	0.0	0.0	0.0	0.0
2	0.0	0.0	0.0	0.0	0.0
3	0.0	0.0	0.0	0.0	0.0
4	0.0	0.0	0.0	0.0	0.0
5	0.0	0.0	0.0	0.0	0.0
6	0.0	0.0	0.0	0.0	0.0
7	0.0	0.0	0.0	0.0	0.0
8	0.0	0.0	0.0	0.0	0.0
9	0.0	0.0	0.0	0.0	0.0
10	0.0	0.0	0.0	0.0	0.0
11	0.0	0.0	0.0	0.0	0.0
12	0.0	0.0	0.0	0.0	0.0
13	0.0	0.0	0.0	0.0	0.0
14	0.0	0.0	0.0	0.0	0.0
15	0.0	0.0	0.0	0.0	0.0
16	0.0	0.0	0.0	0.0	0.0
>>END_MODULE
>>Kmer Content	warn
#Sequence	Count	PValue	Obs/Exp Max	Max Obs/Exp Position
AGCGCGT	5	0.0042366097	1389.354	22
CGGGATC	5	0.0042366097	1389.354	22
CATCGAT	5	0.0042366097	1389.354	22
CCGAAAC	5	0.0042366097	1389.354	22
CACACCG	5	0.0042366097	1389.354	22
TTCGCCG	5	0.0042366097	1389.354	22
TTCGCCA	10	8.106599E-6	1389.354	22
ATGCATT	5	0.0042366097	1389.354	22
ACGCGCG	5	0.0042366097	1389.354	22
TTCGCCT	160	0.0	1259.102	22
TCTGATA	170	0.0	1103.3104	22
GGAATAA	75	0.0	1018.85956	22
GCACCCA	125	0.0	944.7607	22
TAGTCTT	45	0.0	926.23596	22
GGATTCC	245	0.0	850.6249	22
TTATCTC	25	1.13333954E-7	833.61237	22
CCCAGCG	20	6.478308E-5	694.677	22
GCTCGCC	50	3.6379788E-12	694.67694	22
GTCTCTA	65	0.0	641.2403	22
TATGAAC	45	1.5297701E-9	617.49066	22
>>END_MODULE
