##FastQC	0.11.5
>>Basic Statistics	pass
#Measure	Value
Filename	ct2
File type	Conventional base calls
Encoding	Illumina 1.5
Total Sequences	6621314
Sequences flagged as poor quality	0
Sequence length	17-28
%GC	47
>>END_MODULE
>>Per base sequence quality	pass
#Base	Mean	Median	Lower Quartile	Upper Quartile	10th Percentile	90th Percentile
1	36.86827191702432	39.0	38.0	40.0	33.0	40.0
2	36.784609067022046	40.0	38.0	40.0	31.0	40.0
3	36.72968024171637	40.0	38.0	40.0	31.0	40.0
4	36.72528806215806	39.0	38.0	40.0	31.0	40.0
5	36.730511647688054	40.0	38.0	40.0	31.0	40.0
6	36.576982453935884	39.0	38.0	40.0	31.0	40.0
7	36.795981583111754	40.0	38.0	40.0	31.0	40.0
8	36.71991994338284	40.0	38.0	40.0	31.0	40.0
9	36.72619739828077	40.0	38.0	40.0	31.0	40.0
10	36.70666184989867	40.0	38.0	40.0	31.0	40.0
11	36.97777797579151	40.0	38.0	40.0	33.0	40.0
12	36.87122374803551	40.0	38.0	40.0	32.0	40.0
13	36.89691049238867	40.0	38.0	40.0	33.0	40.0
14	36.83584104303164	40.0	38.0	40.0	32.0	40.0
15	36.77723651226932	39.0	38.0	40.0	32.0	40.0
16	36.772816543664895	39.0	38.0	40.0	32.0	40.0
17	36.67473480339401	39.0	38.0	40.0	31.0	40.0
18	36.68531786962326	39.0	38.0	40.0	32.0	40.0
19	36.564592912809594	39.0	38.0	40.0	31.0	40.0
20	36.49676225670406	39.0	38.0	40.0	31.0	40.0
21	36.12638022372693	39.0	37.0	40.0	30.0	40.0
22	36.499448974588155	39.0	38.0	40.0	31.0	40.0
23	35.886150033182396	39.0	36.0	40.0	29.0	40.0
24	35.72200368485169	39.0	36.0	40.0	29.0	40.0
25	35.96219512195122	39.0	37.0	40.0	30.0	40.0
26	35.722922568245785	39.0	36.0	40.0	30.0	40.0
27	36.2920384327872	39.0	37.0	40.0	31.0	40.0
28	36.00914452751119	39.0	36.0	40.0	30.0	40.0
>>END_MODULE
>>Per tile sequence quality	pass
#Tile	Base	Mean
1	1	-0.705026366298668
1	2	-0.7922480615316374
1	3	-0.7787498161586299
1	4	-0.7588622881733897
1	5	-0.7987843321210235
1	6	-0.7752050707959626
1	7	-0.7909786095853946
1	8	-0.7980290916760637
1	9	-0.819484572305285
1	10	-0.8260202041893123
1	11	-0.7403793572315678
1	12	-0.7918518999716255
1	13	-0.7579557128183865
1	14	-0.7550964822952579
1	15	-0.8502718828744236
1	16	-0.7808881991573244
1	17	-0.8180311738920096
1	18	-0.8398225368463059
1	19	-0.8304373647277714
1	20	-0.8680540864877173
1	21	-0.8783838720080368
1	22	-0.8704134339215273
1	23	-0.6353576221500106
1	24	-1.0476525793336293
1	25	-0.37871632766544394
1	26	-0.6287702382667604
1	27	-1.0710972283290232
1	28	-0.5406163214434656
2	1	-0.7900728838035747
2	2	-1.0129721306447763
2	3	-1.0042111431569936
2	4	-0.8773060665080123
2	5	-0.8890006240554271
2	6	-0.8878624272931432
2	7	-0.8324622100520855
2	8	-0.8233591811760093
2	9	-0.8971380708100085
2	10	-0.8519810164602006
2	11	-0.7478468692618563
2	12	-0.7648095521578213
2	13	-0.7493865027673436
2	14	-0.8163475434633796
2	15	-0.7367101450620837
2	16	-0.6396205133634467
2	17	-0.7570196555184197
2	18	-0.7735267140496447
2	19	-0.7651172209244095
2	20	-0.898606923482248
2	21	-0.7815809477459936
2	22	-0.6473484768863997
2	23	-0.7234794668377376
2	24	-0.6296680837148116
2	25	-0.49908382248946026
2	26	-0.23253183440350256
2	27	-0.6256402462866717
2	28	-0.0790778599049986
3	1	-0.7629529395436947
3	2	-0.8682631481329466
3	3	-0.941567894641615
3	4	-0.8910465983167768
3	5	-0.9778804504284793
3	6	-0.8223974109873069
3	7	-0.8530370420821782
3	8	-0.8522937649225
3	9	-0.8551274241473834
3	10	-0.8366357356474055
3	11	-0.749266055674056
3	12	-0.802009554619147
3	13	-0.8188181780913126
3	14	-0.804462459216019
3	15	-0.8313639216327005
3	16	-0.7699626814012177
3	17	-0.8297352750498277
3	18	-0.8043128602838365
3	19	-0.7046504228280241
3	20	-0.8745715167541022
3	21	-0.6832854534319779
3	22	-0.5686183832523923
3	23	-0.588880269985296
3	24	-0.7071688269672833
3	25	-0.6054370780774079
3	26	0.3169661958417649
3	27	-0.01990136536845455
3	28	0.07334379251665268
4	1	-0.6187080339497584
4	2	-0.6697597607088639
4	3	-0.6682849949458856
4	4	-0.6575400620093674
4	5	-0.6497569912976573
4	6	-0.5622600380549017
4	7	-0.5906221480503504
4	8	-0.6216035455113627
4	9	-0.595198261979391
4	10	-0.5712150191126142
4	11	-0.6134436154289915
4	12	-0.5918140257335409
4	13	-0.5787105570847118
4	14	-0.5683590144221853
4	15	-0.5827176597057786
4	16	-0.5222631840318925
4	17	-0.5708968108105381
4	18	-0.6174508651999133
4	19	-0.6296620330616136
4	20	-0.7087675601870913
4	21	-0.6018562060466053
4	22	-0.573889622084657
4	23	-0.5511170336520621
4	24	-0.3461412443210392
4	25	-1.110565463338574
4	26	-0.6174511734407915
4	27	-0.6193533200633752
4	28	-1.0856444640325833
5	1	-0.5761756987008084
5	2	-0.7195521562988247
5	3	-0.4554881832387849
5	4	-0.5245033785787143
5	5	-0.5112526667924655
5	6	-0.3994218238483356
5	7	-0.41506896751958067
5	8	-0.6828610927345622
5	9	-0.3489915658862941
5	10	-0.37761040262406453
5	11	-0.47476566319939195
5	12	-0.3281898680544586
5	13	-0.3481687228925523
5	14	-0.3467500755360078
5	15	-0.3298722501725919
5	16	-0.36529136275329677
5	17	-0.36500984443216566
5	18	-0.3038829100398175
5	19	-0.3097700842396378
5	20	-0.297688037195023
5	21	-0.19904815073702053
5	22	-0.22812402804059673
5	23	-0.38789839313974994
5	24	-0.1767340443585823
5	25	0.19525039267809063
5	26	0.11747148410714914
5	27	0.26206960483781216
5	28	0.515179994916231
6	1	-0.5791840358035572
6	2	-0.5575957957851472
6	3	-0.6277799795388646
6	4	-0.5786585896697432
6	5	-0.5969925243889662
6	6	-0.6008408993047425
6	7	-0.6119696134096912
6	8	-0.5959917425509929
6	9	-0.6440880820289578
6	10	-0.6030561310930551
6	11	-0.545246257794858
6	12	-0.5732601858103479
6	13	-0.588841936477138
6	14	-0.5968378091344633
6	15	-0.6036204563522887
6	16	-0.44552207387532405
6	17	-0.49180902610569177
6	18	-0.49212919136741107
6	19	-0.4905820545246087
6	20	-0.5958447221023206
6	21	-0.5499222461724216
6	22	-0.6038984558372746
6	23	-0.6225123831716957
6	24	-0.2554779138162857
6	25	-0.6993334384648833
6	26	-0.621171973061692
6	27	-0.5110958799841114
6	28	-1.8155450963722402
7	1	-0.4795818367372391
7	2	-0.4830222807165825
7	3	-0.5476505773202263
7	4	-0.48150363533417107
7	5	-0.5279297889012753
7	6	-0.4839429462607754
7	7	-0.4822429442584806
7	8	-0.4854806086086043
7	9	-0.46707572083862914
7	10	-0.4655322357969993
7	11	-0.37915179899649587
7	12	-0.4049964367040886
7	13	-0.37411239627446236
7	14	-0.3776833108886706
7	15	-0.4044318526186217
7	16	-0.40945158148638683
7	17	-0.4433094409738345
7	18	-0.4215101467538105
7	19	-0.4298739362568327
7	20	-0.48876993531210644
7	21	-0.4446881099221969
7	22	-0.2682109512424731
7	23	-0.35539252845296687
7	24	-0.6482466443048764
7	25	-0.4483369313763248
7	26	-1.2489252770264514
7	27	-1.277384611831593
7	28	-1.2463019401725575
8	1	-0.5657209986046325
8	2	-0.607241015860339
8	3	-0.5951657989648993
8	4	-0.5659027945704338
8	5	-0.5643873637254302
8	6	-0.5740197417238164
8	7	-0.5645819204690739
8	8	-0.5691980696222174
8	9	-0.6478714419359335
8	10	-0.5876200126289888
8	11	-0.570595895211838
8	12	-0.5282644108754653
8	13	-0.5813013492944918
8	14	-0.6243216500711384
8	15	-0.5687334321791226
8	16	-0.5377667085254956
8	17	-0.6506673797112938
8	18	-0.6044381549558437
8	19	-0.620074961384212
8	20	-0.5731571382035909
8	21	-0.47229812012611205
8	22	-0.4427878921794104
8	23	-0.7248832521324715
8	24	-0.5388168815484278
8	25	-0.40396261690752766
8	26	-0.5572586103597814
8	27	-0.8532581811486537
8	28	-0.013075960569764788
9	1	-0.43651909381407705
9	2	-0.4718976123201415
9	3	-0.5081391425771002
9	4	-0.43326392176383877
9	5	-0.4384407401669961
9	6	-0.43313445357041047
9	7	-0.5100924384467191
9	8	-0.5070588816292343
9	9	-0.5164560302649619
9	10	-0.5102687942491926
9	11	-0.5286554946844007
9	12	-0.4988236313364993
9	13	-0.4372551249296919
9	14	-0.4619677963177793
9	15	-0.44686354013035867
9	16	-0.38883710471330346
9	17	-0.4296886203526924
9	18	-0.3899656314718669
9	19	-0.45984481092986584
9	20	-0.479707698693872
9	21	-0.37522801582201737
9	22	-0.4722683511461483
9	23	-0.6819323226095975
9	24	-1.1341164175977383
9	25	-1.3439337189697937
9	26	-1.3962120987318798
9	27	-1.5770737079897117
9	28	-1.8841477899749322
10	1	-0.43443069917478994
10	2	-0.4828899134322029
10	3	-0.4734616404385221
10	4	-0.5168721339109723
10	5	-0.43390552488327927
10	6	-0.45718692006598616
10	7	-0.47957119521888814
10	8	-0.44468477270422824
10	9	-0.48450478988856815
10	10	-0.47350546376729596
10	11	-0.4123757684226348
10	12	-0.4134104576838027
10	13	-0.4169531574361116
10	14	-0.44126292035542036
10	15	-0.4423950485421102
10	16	-0.39412167842302637
10	17	-0.4565312208659478
10	18	-0.4233512889796316
10	19	-0.4636439776849599
10	20	-0.5341324172744066
10	21	-0.3933564039988511
10	22	-0.42237890095940855
10	23	-0.07269159292683014
10	24	-0.11849107141406279
10	25	-0.20218871309435116
10	26	-0.7716525497537248
10	27	-0.8723213206923504
10	28	-0.28869324452038825
11	1	-0.5032412631226251
11	2	-0.493239978526951
11	3	-0.4900573297195834
11	4	-0.5045479000658375
11	5	-0.5442930969524653
11	6	-0.5495826961400496
11	7	-0.5451659132449649
11	8	-0.5217982442175284
11	9	-0.5933553819408104
11	10	-0.5756355499403512
11	11	-0.5137274453873601
11	12	-0.48573117847899283
11	13	-0.4738064359383145
11	14	-0.49685705976150984
11	15	-0.4999392819739441
11	16	-0.4125108623621898
11	17	-0.5149495011246756
11	18	-0.5726955436051924
11	19	-0.5364102854051112
11	20	-0.54868770475764
11	21	-0.5704622857485404
11	22	-0.6404530970267075
11	23	-0.63075187513477
11	24	-0.49380765041269825
11	25	-0.730114366020004
11	26	-0.648488595803741
11	27	-0.22352427148454268
11	28	-0.2069364877636275
12	1	-0.22555071741275157
12	2	-0.2942275022904681
12	3	-0.3704130404095096
12	4	-0.38147386237255887
12	5	-0.3399316176067444
12	6	-0.36135810822788983
12	7	-0.392701161437202
12	8	-0.3850109421100427
12	9	-0.39856520314425126
12	10	-0.33822530377061355
12	11	-0.3558515305830099
12	12	-0.3441847836045113
12	13	-0.35362197259019723
12	14	-0.43262094402332707
12	15	-0.3363703651158545
12	16	-0.26974147904892476
12	17	-0.3404022079957514
12	18	-0.3212420068737529
12	19	-0.3188673567111664
12	20	-0.36380504280896275
12	21	-0.3508920198381702
12	22	-0.44414263932313247
12	23	-0.17889839911653382
12	24	-0.46273324659232884
12	25	0.11232610292648815
12	26	0.15980488170370677
12	27	0.4091836019518098
12	28	1.199572061602062
13	1	-0.4514156271876004
13	2	-0.44422236141804206
13	3	-0.4177812508856249
13	4	-0.4428132793820012
13	5	-0.4357328188818883
13	6	-0.42877139697317546
13	7	-0.43399742680049513
13	8	-0.3804157535427777
13	9	-0.44932658208486487
13	10	-0.3915440607023086
13	11	-0.31767859942666377
13	12	-0.35572981517447744
13	13	-0.3367053233755257
13	14	-0.35123201751176936
13	15	-0.3842438859965256
13	16	-0.41470303553426646
13	17	-0.4594307550045258
13	18	-0.3483682342943766
13	19	-0.37090442817395797
13	20	-0.3318463019735347
13	21	-0.37060865751558936
13	22	-0.4507727938396826
13	23	-0.3800225721900219
13	24	-0.9518790290880048
13	25	-0.47214597067141995
13	26	-0.010528652553880136
13	27	0.026609412855883363
13	28	0.18573204283593725
14	1	-0.32137575411984187
14	2	-0.29413137467366823
14	3	-0.3734717384486217
14	4	-0.2916170106558482
14	5	-0.3600430360207909
14	6	-0.31884061771968675
14	7	-0.37199115363884516
14	8	-0.33533698535644163
14	9	-0.36911809550187513
14	10	-0.34396848723032036
14	11	-0.24440220144906988
14	12	-0.279066531339879
14	13	-0.29717858066153013
14	14	-0.40157536466786325
14	15	-0.296196949344008
14	16	-0.29466429796564597
14	17	-0.3668677222024499
14	18	-0.31266239155961273
14	19	-0.3089530659275539
14	20	-0.39126919165158114
14	21	-0.40385004565774807
14	22	-0.3924398797704072
14	23	-0.44960440879313524
14	24	-0.15375870817092618
14	25	0.10327124997430559
14	26	0.12502430280547827
14	27	0.7905845681353867
14	28	0.5177882369610955
15	1	-0.3298082881285822
15	2	-0.32404232978908
15	3	-0.3864653579106374
15	4	-0.3407882252545704
15	5	-0.2754695185104694
15	6	-0.27055494980576356
15	7	-0.34028388773083407
15	8	-0.32628540998516087
15	9	-0.3424001696017953
15	10	-0.3756939927104739
15	11	-0.285141036611698
15	12	-0.25991922029665915
15	13	-0.2528910225449792
15	14	-0.25431018535807937
15	15	-0.286271309827292
15	16	-0.25307175808314497
15	17	-0.28460716351066395
15	18	-0.2351992850724116
15	19	-0.30734738439046794
15	20	-0.2812608283170235
15	21	-0.4029139884133315
15	22	-0.40062222525699553
15	23	-0.5389617953359505
15	24	-1.1001294894931632
15	25	-2.0392730996391677
15	26	-1.6693232869766987
15	27	-1.3278680165958718
15	28	-1.8166344209909724
16	1	-0.2809451920848076
16	2	-0.27434632678769333
16	3	-0.31104103309602493
16	4	-0.24550041181225168
16	5	-0.3260492453417001
16	6	-0.36963834777409943
16	7	-0.2435627778921443
16	8	-0.25519292024485907
16	9	-0.3037007625214656
16	10	-0.28284332231304177
16	11	-0.2617998721931656
16	12	-0.19390677780121734
16	13	-0.16233292995246273
16	14	-0.19947689311781147
16	15	-0.23777520955046327
16	16	-0.1675784586876361
16	17	-0.2490375770267832
16	18	-0.1261822542397084
16	19	-0.1481418908662988
16	20	-0.1643905235799039
16	21	-0.3228006864220916
16	22	-0.2239465713144142
16	23	-0.21520365726040325
16	24	-0.4968112391160844
16	25	0.19298327707763718
16	26	-0.18494423437242347
16	27	0.2204065698861868
16	28	-0.06125422013013804
17	1	-0.3292635922592737
17	2	-0.30757921322001636
17	3	-0.3942855264645928
17	4	-0.3241520022693507
17	5	-0.3775072656705305
17	6	-0.35838000888077914
17	7	-0.3833672373095638
17	8	-0.3584488570587965
17	9	-0.3931284853807071
17	10	-0.37487258800408085
17	11	-0.2863465387859492
17	12	-0.315573710617592
17	13	-0.31534232298411524
17	14	-0.29292740742942414
17	15	-0.2925933337367539
17	16	-0.26826678733048936
17	17	-0.3008795948320895
17	18	-0.2761606783720012
17	19	-0.3005422888011253
17	20	-0.3229766809340404
17	21	-0.29997729572477994
17	22	-0.17595938735350103
17	23	-0.3553942157838108
17	24	0.16476808965023082
17	25	0.5362000602944192
17	26	0.6869721588709865
17	27	1.225921040026826
17	28	0.6659363851092408
18	1	-0.30702207350773847
18	2	-0.31742757417929823
18	3	-0.30133426750526837
18	4	-0.3621864546178202
18	5	-0.3674953245508519
18	6	-0.32923958387493
18	7	-0.3439797334045238
18	8	-0.3446907214401236
18	9	-0.35188725861396364
18	10	-0.3199587049535495
18	11	-0.32312014774203135
18	12	-0.3353422221838471
18	13	-0.3207644600343116
18	14	-0.3665446979776732
18	15	-0.33636696700943247
18	16	-0.2979237079917425
18	17	-0.35540524763526093
18	18	-0.3403049945121097
18	19	-0.4442972047399749
18	20	-0.3572383977836395
18	21	-0.5003627225303546
18	22	-0.44232630092655256
18	23	-0.38024313678776167
18	24	-0.11767334914228655
18	25	0.48628673418391344
18	26	0.22151807272724255
18	27	0.5134872013258303
18	28	0.3741445933174532
19	1	-0.1986612221203572
19	2	-0.20947170943769322
19	3	-0.15997147425465386
19	4	-0.1873222025189918
19	5	-0.16549341937939488
19	6	-0.185297302746271
19	7	-0.1949403063638826
19	8	-0.14578280594100335
19	9	-0.16809390408280933
19	10	-0.1355687356075208
19	11	-0.12811612518434146
19	12	-0.10707229637873183
19	13	-0.11171806062257161
19	14	-0.17048139878200885
19	15	-0.17203782945383495
19	16	-0.1506514847959508
19	17	-0.18356750688516144
19	18	-0.1343310425327502
19	19	-0.21596864620654088
19	20	-0.28542192753005224
19	21	-0.39285598913254205
19	22	-0.49577751285598026
19	23	-0.27438937328398083
19	24	-0.37461091737545615
19	25	-1.0319382509057817
19	26	-0.8525288806300537
19	27	-1.586027126017541
19	28	-1.9257185609760796
20	1	-0.17776305250900748
20	2	-0.22390955795980005
20	3	-0.24802166538395198
20	4	-0.18953915694095258
20	5	-0.2070061084282031
20	6	-0.2077163868573848
20	7	-0.20213638743234696
20	8	-0.268504185595674
20	9	-0.29462867068504295
20	10	-0.2691891467821321
20	11	-0.2627989944015212
20	12	-0.25037905316690257
20	13	-0.26764552680668174
20	14	-0.31271305176439057
20	15	-0.2209106617097305
20	16	-0.18888621136436257
20	17	-0.2912740156452287
20	18	-0.24329610074378394
20	19	-0.23376671433805996
20	20	-0.3180228006104855
20	21	-0.4824719724544053
20	22	-0.5950361491603928
20	23	-0.8260327604752931
20	24	-0.5947844943522469
20	25	-0.5219140836261715
20	26	-0.5667218871959463
20	27	-0.5332140588669034
20	28	-0.5432386990658387
21	1	-0.2670659665443367
21	2	-0.1822423865169256
21	3	-0.24417750874871302
21	4	-0.24634796031580208
21	5	-0.22107189806385463
21	6	-0.21644359037336613
21	7	-0.21177907253427009
21	8	-0.1940018937170933
21	9	-0.27084714327554593
21	10	-0.18970725588998505
21	11	-0.20525268258352725
21	12	-0.17777075458771208
21	13	-0.18145599942170776
21	14	-0.2095978065645454
21	15	-0.2276175927321944
21	16	-0.19120397340999062
21	17	-0.131006111087288
21	18	-0.1422141412722695
21	19	-0.21248562717720176
21	20	-0.18439150289776052
21	21	-0.2512538060004843
21	22	-0.17393804602679097
21	23	-0.3674879212197908
21	24	-0.05749383057843005
21	25	-0.4770764901447606
21	26	-0.7008903425286377
21	27	-0.8278404850722794
21	28	-1.4511932445203826
22	1	-0.06987064008927035
22	2	-0.09107571947951953
22	3	-0.08879392933089036
22	4	-0.07422398369052274
22	5	-0.05806601815782386
22	6	-0.04951215898185524
22	7	-0.0959417777931364
22	8	-0.10911077033185279
22	9	-0.1296626646004171
22	10	-0.11160235058719792
22	11	-0.10007790132029015
22	12	-0.07448232268234989
22	13	-0.07212463972164329
22	14	-0.17519671771895418
22	15	-0.027789131038026937
22	16	0.05277160955172633
22	17	-0.1292227228466558
22	18	-0.09182292790787727
22	19	-0.1616420464889856
22	20	-0.13994871822783495
22	21	-0.16939773834690897
22	22	-0.10034438935454659
22	23	-0.2782680291234172
22	24	0.052708938454436804
22	25	-0.0933298542354919
22	26	0.28440805630688004
22	27	0.08660676980051107
22	28	-0.19656995684915302
23	1	-0.016362411821603473
23	2	0.019245204477293498
23	3	-0.03295048683749968
23	4	0.013835869366822351
23	5	-0.03002634797351078
23	6	0.06714960001049519
23	7	0.03628312509432163
23	8	0.05329173644627616
23	9	0.03307628996211065
23	10	0.07788295469759987
23	11	0.053847758846778504
23	12	0.07233697015922758
23	13	0.0923811774450698
23	14	0.0153766134695843
23	15	0.06370082690175849
23	16	0.08020473512518578
23	17	0.0190403898050846
23	18	0.07714984979614314
23	19	0.007424812838799255
23	20	0.01804014674715404
23	21	0.044386878027836474
23	22	0.042979950776100395
23	23	0.11312866925965892
23	24	0.36838299693463483
23	25	-0.7127068222966741
23	26	-0.7704306533705392
23	27	-0.0044011506840391235
23	28	-0.13474587609933053
24	1	-0.13403936495594593
24	2	-0.0353586534129704
24	3	-0.09784060805634454
24	4	-0.0660194796719793
24	5	-0.08350452639475492
24	6	-0.05530041798198937
24	7	-0.021847657454955538
24	8	-0.06547779244498741
24	9	-0.07484084082064157
24	10	-0.05622661981548305
24	11	-0.041692261804215036
24	12	-0.03367501134110995
24	13	-0.04252825018561879
24	14	-0.030271668580581945
24	15	-0.06971832065313066
24	16	0.021392772179268604
24	17	-0.0767939882364459
24	18	0.013286828189677635
24	19	0.004781574950122547
24	20	-0.05970473685686528
24	21	-0.0014609965466902963
24	22	-0.16503282466092628
24	23	-0.23274638758728372
24	24	-0.8561900955537638
24	25	-0.21405634996198586
24	26	-0.43268596078713273
24	27	-0.44705688511059805
24	28	-0.565965971793112
25	1	0.1208210625164341
25	2	0.10897427618983357
25	3	0.11002843002912499
25	4	0.1394199865246435
25	5	0.18680876083100628
25	6	0.1807028941556652
25	7	0.0848272673051369
25	8	0.07526525932652106
25	9	0.08143435168734214
25	10	0.11495257595083075
25	11	0.12872672997582413
25	12	0.1293108747953724
25	13	0.12492576633070485
25	14	0.07749044287327678
25	15	0.07833973685187345
25	16	0.13413520818811975
25	17	0.11525032942232372
25	18	0.05312016152301169
25	19	0.01585473383873648
25	20	-0.07281053157451112
25	21	-0.006977237682988857
25	22	-0.06147845663742402
25	23	-0.17784150248824204
25	24	-0.37335353320900566
25	25	0.1196818416709391
25	26	0.18946334856596536
25	27	-0.07414973138152448
25	28	0.26581495220092677
26	1	-0.021705527826846094
26	2	-0.020252723090401048
26	3	0.2113680867486849
26	4	0.13689062199101443
26	5	0.12986076996956086
26	6	0.13312477639058073
26	7	0.21022488953674667
26	8	-0.07676800524465932
26	9	0.1826986773873358
26	10	0.2065518313991177
26	11	0.056966300295727024
26	12	0.24587297196274704
26	13	0.1892999895423415
26	14	0.23034627195744406
26	15	0.2876672638711
26	16	0.20600988991456148
26	17	0.2233905190435621
26	18	0.336924658101708
26	19	0.3506900888956679
26	20	0.4016372250168416
26	21	0.6350017911703532
26	22	0.4168403365916902
26	23	0.23078240869045885
26	24	-0.016036277740376192
26	25	-0.2904624707229502
26	26	0.4745384101243886
26	27	-0.16733969553922634
26	28	1.9410686602415197
27	1	0.1289111176559743
27	2	0.21392413078105932
27	3	0.18422626593338975
27	4	0.1535376747459125
27	5	0.14986374875595487
27	6	0.22341646094831447
27	7	0.1430654386284118
27	8	0.14148019107062026
27	9	0.16970624485042407
27	10	0.19955769803838308
27	11	0.15297960961935075
27	12	0.18774856145050478
27	13	0.1913217821886377
27	14	0.1518769644671707
27	15	0.16725588959647553
27	16	0.2524047938043523
27	17	0.19475114955946538
27	18	0.23888698574088352
27	19	0.2848392091818681
27	20	0.18301823622144298
27	21	0.15997982427288093
27	22	0.10118943316673068
27	23	0.47702252149051816
27	24	-0.0949454563153509
27	25	-0.6117659950025924
27	26	0.09027070287304895
27	27	0.32567529049074295
27	28	0.8606310798039374
28	1	0.020447224612794912
28	2	0.04533947606919497
28	3	0.006009480180203752
28	4	-0.0468216390709415
28	5	-0.015587863443187189
28	6	-0.0381689835841712
28	7	-0.03977303353196504
28	8	-0.03623469160218207
28	9	-0.026926591059257987
28	10	0.02054627698824163
28	11	0.042793346977347824
28	12	0.07191152919882171
28	13	0.0514917284333265
28	14	0.07944457159314311
28	15	0.06281976609857765
28	16	0.05432659257535022
28	17	0.049581969382998636
28	18	-0.005167887506608793
28	19	-0.0038896199814786314
28	20	0.037761819743984404
28	21	-0.07255044905842567
28	22	-0.15039431906996725
28	23	-0.09271750242551491
28	24	0.2796038438401709
28	25	0.6679239885400889
28	26	0.863096580897043
28	27	1.5665312722027025
28	28	1.75059246976533
29	1	0.24090258684702093
29	2	0.32955419983158407
29	3	0.219073878687162
29	4	0.2844513113141147
29	5	0.2786581682541822
29	6	0.36838088917395595
29	7	0.2798974490694306
29	8	0.2536665626634971
29	9	0.32272282584724366
29	10	0.30490555508634287
29	11	0.30700948930688554
29	12	0.2985518823441069
29	13	0.35599267087037134
29	14	0.2482938179882055
29	15	0.3040348476091026
29	16	0.3173084779415518
29	17	0.2862677997855272
29	18	0.23848768289053623
29	19	0.23843469742199375
29	20	0.2318942636866268
29	21	0.11578572263707798
29	22	0.0737264031038265
29	23	0.2134042492155288
29	24	-0.2403114049559747
29	25	-0.051663187568827595
29	26	-0.02165254975372477
29	27	-0.06232940041225987
29	28	0.11738783656069529
30	1	-0.13212209340899506
30	2	-0.18007736127062657
30	3	-0.3660141358483031
30	4	-0.5550228361548122
30	5	-0.5276021412363789
30	6	-0.3199016588408199
30	7	-0.41867408765277503
30	8	-0.37095002772962715
30	9	-0.38019410958239774
30	10	-0.3441361478887188
30	11	-0.09776964495171825
30	12	-0.08728088236845366
30	13	-0.09143414081594159
30	14	-0.07795586453359249
30	15	-0.04663381144837331
30	16	0.09221981000008128
30	17	0.06717736582361056
30	18	0.10836605749674533
30	19	0.029844006567479653
30	20	0.053593939382615474
30	21	0.12283122855590278
30	22	0.12977300662085867
30	23	0.014566115402146806
30	24	0.1311328379230119
30	25	0.23879169684578727
30	26	-0.16635646968700257
30	27	-0.6739943312261261
30	28	-2.1303599111870497
31	1	0.03609381823197566
31	2	0.0906110052248863
31	3	0.004227686436372835
31	4	0.07532090338411734
31	5	0.0389586570346836
31	6	0.022875214559036294
31	7	-0.011008499855122977
31	8	-0.033956814509089384
31	9	0.03580562076307814
31	10	-0.03987361857891614
31	11	-0.1490955899406856
31	12	-0.14835827318882622
31	13	-0.1558377168386258
31	14	-0.05971108184817808
31	15	-0.17355725713692038
31	16	-0.23755456873298897
31	17	-0.18901782278916812
31	18	-0.1620634410477706
31	19	-0.12944329860086867
31	20	-0.06387543354097147
31	21	0.09724832344200252
31	22	0.06057811163286431
31	23	-0.0681715083602299
31	24	-0.35814231000598085
31	25	0.26859825033967155
31	26	0.2757052648454703
31	27	0.3539776967459076
31	28	0.8721276510020033
32	1	0.2334731007290145
32	2	0.18966900912671747
32	3	0.2649423999655198
32	4	0.21300184396300637
32	5	0.2048462788685228
32	6	0.25170870282963875
32	7	0.19943986779217227
32	8	0.22250522248576488
32	9	0.20655293016915266
32	10	0.18442479116295374
32	11	0.1899950829482151
32	12	0.2225597202863696
32	13	0.21690783342488373
32	14	0.16871110561860547
32	15	0.20448470133764118
32	16	0.24919289589154658
32	17	0.22564242030769321
32	18	0.2075029057935751
32	19	0.3204481867262601
32	20	0.25139804571806934
32	21	0.26275503064314876
32	22	0.21941101162187948
32	23	0.37490541471669303
32	24	0.3370206377333034
32	25	0.3467495108438712
32	26	-0.2413875885842387
32	27	0.15962804639625716
32	28	0.41509463426748994
33	1	0.133319525138333
33	2	0.13672475300813147
33	3	0.13372185981610585
33	4	0.15380405494854443
33	5	0.16361963456090933
33	6	0.2039700991158142
33	7	0.1834896966985653
33	8	0.1663881472463018
33	9	0.1897871566642806
33	10	0.18217416860169067
33	11	0.16989105506112878
33	12	0.155163783895361
33	13	0.13321273727009952
33	14	0.11450515200677813
33	15	0.15549371640199894
33	16	0.1876229441246835
33	17	0.15476608495163902
33	18	0.14626933539259568
33	19	0.15496781674082172
33	20	0.12769981876267167
33	21	0.1916467514713247
33	22	0.08497682958055464
33	23	0.07582849163976846
33	24	0.01832781078232415
33	25	-0.8993334384648861
33	26	-0.7209923161325946
33	27	-1.363038620270416
33	28	-1.7567966927962502
34	1	0.21932018529513897
34	2	0.2461877979256073
34	3	0.24400889756318378
34	4	0.2920328313202063
34	5	0.24831296968790184
34	6	0.30383442920813764
34	7	0.32506489115417736
34	8	0.365115642081669
34	9	0.34330257866089653
34	10	0.3489589744417998
34	11	0.3381301483761945
34	12	0.36843363161715814
34	13	0.3738326178475333
34	14	0.3430298696897154
34	15	0.277143685140949
34	16	0.32446353567969055
34	17	0.2551226769015287
34	18	0.32573343815897005
34	19	0.342786829258273
34	20	0.3251754991941027
34	21	0.32896387854353293
34	22	0.37310280573707644
34	23	0.43115844087834887
34	24	0.6088135999377329
34	25	0.31411134608892155
34	26	0.7722014835369322
34	27	1.2484041657992364
34	28	0.9130190842467414
35	1	0.11223790275884227
35	2	0.19414642202499977
35	3	0.18045363422998406
35	4	0.1727068963234757
35	5	0.2402602602528887
35	6	0.22796066044029573
35	7	0.21985152120709728
35	8	0.19381747827365814
35	9	0.17829697645254328
35	10	0.17411925024780572
35	11	0.2221428913229886
35	12	0.2526819923149617
35	13	0.23595114525276273
35	14	0.27190630889991496
35	15	0.2717800357158069
35	16	0.2743235723826487
35	17	0.2561445891170777
35	18	0.25049981589678794
35	19	0.23172266946180287
35	20	0.17347378396876678
35	21	0.1774911727047055
35	22	0.17065744145104844
35	23	0.03734268722336509
35	24	0.16484136371298774
35	25	0.49466727573580727
35	26	0.44431143794939487
35	27	-0.25320648597784867
35	28	-0.18904535719644144
36	1	0.36734117621307405
36	2	0.42445152879194836
36	3	0.3831830163816363
36	4	0.4194706735856144
36	5	0.36066379372165613
36	6	0.42903028236668206
36	7	0.2956505994937828
36	8	0.3171687707983182
36	9	0.34141019087350344
36	10	0.3445807966273904
36	11	0.2565279178129316
36	12	0.2544132980565479
36	13	0.2603524153577368
36	14	0.2868850255301467
36	15	0.20817948292121713
36	16	0.29792039679107063
36	17	0.2764571122605233
36	18	0.21501792970155975
36	19	0.2638838506706236
36	20	0.2999230160714319
36	21	0.31239925404484126
36	22	0.31335651111111673
36	23	0.5083608391443875
36	24	0.32745304511812634
36	25	-0.6379516036444741
36	26	-0.8554067585079324
36	27	-0.7861678719710952
36	28	-0.2846808988413727
37	1	0.25314252008506344
37	2	0.3187465768184907
37	3	0.27990047655312367
37	4	0.3094613320659505
37	5	0.3464784783001633
37	6	0.3923924671206436
37	7	0.303226456989627
37	8	0.38679095351940873
37	9	0.36078888301234713
37	10	0.3750526341236693
37	11	0.4741644225841313
37	12	0.473931961735218
37	13	0.4061154856199991
37	14	0.36329517753554796
37	15	0.4432688989310307
37	16	0.4349807887476871
37	17	0.47353065736723465
37	18	0.43534037268440073
37	19	0.41786373183860803
37	20	0.43334768056767814
37	21	0.3690100921484003
37	22	0.3588192633414735
37	23	0.310825333080075
37	24	0.31974230537863235
37	25	0.16288818388630943
37	26	0.16231732652384778
37	27	0.22888057164878006
37	28	0.4702690196305568
38	1	0.12054195266889423
38	2	0.23466579809613108
38	3	0.1931293404353127
38	4	0.18113468432781588
38	5	0.20339688406064482
38	6	0.20193994429617845
38	7	0.27542186120705026
38	8	0.2314751049685455
38	9	0.23870361760146608
38	10	0.21109155826663795
38	11	0.26158189332252846
38	12	0.2508600659669611
38	13	0.24289691651169676
38	14	0.2454167477567779
38	15	0.2425364181312446
38	16	0.23834684989020616
38	17	0.219421026395473
38	18	0.2050653670024687
38	19	0.18896659729382037
38	20	0.2622632348346414
38	21	0.295811941359581
38	22	0.29197968593673806
38	23	0.5178996890507719
38	24	0.7536816595398292
38	25	0.4670071220850929
38	26	0.05663027852910574
38	27	-0.2163719536037476
38	28	-0.43591546674260684
39	1	0.3010133520511218
39	2	0.3421234531691155
39	3	0.33058006335759416
39	4	0.3178085698087614
39	5	0.3408620235547346
39	6	0.3629513797023236
39	7	0.37724785918954495
39	8	0.41891718263859445
39	9	0.37583630031689097
39	10	0.4359168699139886
39	11	0.5068639138341524
39	12	0.47506412031349754
39	13	0.46630959175552533
39	14	0.4766678788400398
39	15	0.5150105323321981
39	16	0.5202853027618914
39	17	0.5047363657623549
39	18	0.4502143044239659
39	19	0.41456012476703563
39	20	0.546231069345879
39	21	0.49187886063053554
39	22	0.5140222007974771
39	23	0.5532055408200947
39	24	0.85612743188004
39	25	1.377938169513449
39	26	1.3197021739539423
39	27	1.1728588156270234
39	28	1.1628890339606244
40	1	0.1674841629671775
40	2	0.16943110067241918
40	3	0.18400988250380834
40	4	0.21334476613238706
40	5	0.23537789389397545
40	6	0.21009320848248336
40	7	0.23159420891813198
40	8	0.27855735242648905
40	9	0.22756568222100526
40	10	0.20450282556878818
40	11	0.15627031518488366
40	12	0.28151789694674534
40	13	0.23797838540063054
40	14	0.17647595280498507
40	15	0.2529840674320809
40	16	0.2255848280681576
40	17	0.26572085146807467
40	18	0.1700281203418328
40	19	0.24436059552568423
40	20	0.22262649300324
40	21	0.1953331422428235
40	22	0.09674031712154374
40	23	-0.11345013178842578
40	24	0.7357080174628763
40	25	0.729456277761166
40	26	0.7126131845120085
40	27	0.6527805887691329
40	28	0.4222716677603131
41	1	0.27047320069073777
41	2	0.3030622951123263
41	3	0.3175868751299049
41	4	0.3541616925088036
41	5	0.37241442960105076
41	6	0.40488114655240537
41	7	0.38577193088021033
41	8	0.37258263186802765
41	9	0.3632304951016039
41	10	0.32641188391036735
41	11	0.3586614716725336
41	12	0.3332002798769693
41	13	0.3370223261679044
41	14	0.28107368872702665
41	15	0.3454759559060179
41	16	0.33444695714126027
41	17	0.32457429273702587
41	18	0.32336255153117577
41	19	0.30692596117197013
41	20	0.36049079145644214
41	21	0.3178794852211553
41	22	0.3343497991725357
41	23	0.12665357414802259
41	24	-0.001984666034154259
41	25	-0.3508084867141221
41	26	-0.07641065714341266
41	27	-0.09994338217517651
41	28	-0.2844479615015203
42	1	0.24076692248066678
42	2	0.22990672767768672
42	3	0.23275303645085188
42	4	0.27307445765007543
42	5	0.2884230100356149
42	6	0.3078017619347406
42	7	0.29732433495374977
42	8	0.3423441742524318
42	9	0.32206345712545925
42	10	0.3149975873984019
42	11	0.34874523507185984
42	12	0.3895407758216436
42	13	0.388864346345251
42	14	0.3217231538113765
42	15	0.39545667002045093
42	16	0.42079445363768286
42	17	0.37553694791306214
42	18	0.35797006996526903
42	19	0.39763122718060373
42	20	0.3980072520114888
42	21	0.40598218437996536
42	22	0.29004499405397866
42	23	0.31069691269239996
42	24	0.6242844613358827
42	25	0.3925563355980657
42	26	-0.02460095270213003
42	27	1.151903908465222
42	28	1.9673412382382338
43	1	0.3376757207211085
43	2	0.3875738333473322
43	3	0.4133495483726648
43	4	0.4287579202453955
43	5	0.4150147653528009
43	6	0.3407195944721053
43	7	0.3882585539792842
43	8	0.42952617424356276
43	9	0.37863202066929347
43	10	0.4156268249965649
43	11	0.46808161629790845
43	12	0.3833954732273881
43	13	0.4648133392251239
43	14	0.4588472852284724
43	15	0.4204207146420771
43	16	0.5248625478769853
43	17	0.45896007730955546
43	18	0.4983932699659377
43	19	0.5552228857704904
43	20	0.5293531182452895
43	21	0.4211308797006197
43	22	0.4687128100811151
43	23	0.39949998922431007
43	24	1.008678800662281
43	25	0.46032390325643746
43	26	0.41308589615790936
43	27	-0.12688042818001577
43	28	-0.5192488000759425
44	1	0.26553603635145606
44	2	0.3376699679174422
44	3	0.31389690609466214
44	4	0.3206805966361941
44	5	0.2803650932638675
44	6	0.2751794128965628
44	7	0.3521473280079803
44	8	0.3664566013092241
44	9	0.2978490953807764
44	10	0.4413198447765865
44	11	0.43633332633874033
44	12	0.4863105021127936
44	13	0.46470355107599204
44	14	0.4652965372429705
44	15	0.5482990030496069
44	16	0.5051579974072595
44	17	0.5455869527661292
44	18	0.4323032058390055
44	19	0.5337715934865628
44	20	0.4950141717932013
44	21	0.5366617523367552
44	22	0.5741594273189747
44	23	0.569613022026509
44	24	0.45419831897829255
44	25	0.41414877824313834
44	26	0.2173668578050112
44	27	0.5816768268840562
44	28	0.2696400888129489
45	1	0.1526412774419441
45	2	0.11796869087908846
45	3	0.37433740961628104
45	4	0.27402081457277205
45	5	0.2581459913754003
45	6	0.34465158925078043
45	7	0.3608168208571101
45	8	0.16668314837724552
45	9	0.3955744939989003
45	10	0.3809925267332517
45	11	0.29330088484736905
45	12	0.4124192829080826
45	13	0.3370442850191324
45	14	0.3576804482963851
45	15	0.4896981191597547
45	16	0.29875482870156134
45	17	0.41853892893310274
45	18	0.49022954344241754
45	19	0.4335810457384923
45	20	0.4273326508041748
45	21	0.4949075619313419
45	22	0.4437098083731996
45	23	0.466780551059081
45	24	0.5176715576272599
45	25	-0.4121076320132673
45	26	0.24020515775615792
45	27	0.7614792860656721
45	28	1.593683804659939
46	1	0.24255919713643692
46	2	0.30113644632275793
46	3	0.29173717151618206
46	4	0.298339566213663
46	5	0.2917638113494476
46	6	0.17276147421654287
46	7	0.3046923492930347
46	8	0.3246752739689782
46	9	0.330618628923915
46	10	0.23235989993897732
46	11	0.4170710214683737
46	12	0.42929213320961424
46	13	0.4141876047161617
46	14	0.4510878712327937
46	15	0.4184690157396318
46	16	0.4844158325160066
46	17	0.48541948055811446
46	18	0.462605831844229
46	19	0.4296871088940222
46	20	0.46988207619850186
46	21	0.3826562194606993
46	22	0.40402657727705815
46	23	0.4393429114922185
46	24	0.4536623976320584
46	25	0.8546386366434433
46	26	0.5995595714583999
46	27	1.1712539456768312
46	28	1.5363067554796146
47	1	0.43951877326594513
47	2	0.5091510563103228
47	3	0.4823846290596947
47	4	0.4929727931972536
47	5	0.5110026556413274
47	6	0.4154603266921413
47	7	0.44370590092308504
47	8	0.5015131492760645
47	9	0.42856168526379435
47	10	0.5238041450602537
47	11	0.48439301832529225
47	12	0.5027808060421322
47	13	0.49006273646138254
47	14	0.49586082115396124
47	15	0.46958736614900687
47	16	0.510530857351668
47	17	0.507545805471743
47	18	0.5047704774633459
47	19	0.5138799783057237
47	20	0.5608321917986459
47	21	0.5789596331508946
47	22	0.5510325583175799
47	23	0.7656755013755117
47	24	0.49407340905756314
47	25	0.9202103596185296
47	26	0.29731749754002124
47	27	0.6062829136528904
47	28	-0.9048697151086174
48	1	0.49773303083334497
48	2	0.5413036349548932
48	3	0.532318245709483
48	4	0.5255182157772893
48	5	0.5187279801316294
48	6	0.5032912583021343
48	7	0.4994133534392873
48	8	0.49404062713312413
48	9	0.5237275223911837
48	10	0.46610337331592433
48	11	0.5147559745971506
48	12	0.5338142644631176
48	13	0.49029189542374496
48	14	0.509232064735393
48	15	0.539980391956675
48	16	0.5298390155319765
48	17	0.5758078954257257
48	18	0.5508955710355465
48	19	0.5807333289968284
48	20	0.5062187006457108
48	21	0.5684745865613579
48	22	0.515936355125028
48	23	0.44676274769513213
48	24	0.38383905255160755
48	25	0.34957138033240653
48	26	-0.447249299372821
48	27	-0.13397879121058054
48	28	1.8696400888129503
49	1	0.5722006713533005
49	2	0.6343589948647406
49	3	0.6477394227853281
49	4	0.6287824268311155
49	5	0.6079416909348865
49	6	0.6727185289562243
49	7	0.6663062085620695
49	8	0.6597476230754253
49	9	0.6609791939460905
49	10	0.6708965270651106
49	11	0.6709399982105779
49	12	0.6595709630219346
49	13	0.6384420797550234
49	14	0.6936226474657872
49	15	0.6567625906669861
49	16	0.6619908008956372
49	17	0.6879961327373465
49	18	0.6616462278737245
49	19	0.7091703197563319
49	20	0.6957082045069072
49	21	0.6881183903279222
49	22	0.7722568916767045
49	23	0.701665171693314
49	24	0.3380863031530126
49	25	0.243208607302968
49	26	-0.6779193598666851
49	27	-1.161236818468609
49	28	-2.732924013751152
50	1	0.5512308899565426
50	2	0.5855538906023767
50	3	0.5478812990427429
50	4	0.5642001866599102
50	5	0.5633491752676747
50	6	0.5033087571674386
50	7	0.5709217374008446
50	8	0.5466578923156717
50	9	0.5943516668151503
50	10	0.5646598992078609
50	11	0.600467239673975
50	12	0.6401501296635246
50	13	0.588720096303426
50	14	0.6077295319569131
50	15	0.5825657034820466
50	16	0.5518578742049414
50	17	0.653502675113188
50	18	0.6753858735357454
50	19	0.6680601002666009
50	20	0.6924759743624165
50	21	0.6807924125510709
50	22	0.6510383046686457
50	23	0.7616019723027492
50	24	1.1212635453327096
50	25	0.7645761286704911
50	26	1.0372018906036047
50	27	1.0636280463962535
50	28	1.1029734221462846
51	1	0.34100274301262345
51	2	0.40112790911719287
51	3	0.44247714297875973
51	4	0.44340538864395995
51	5	0.445886084127622
51	6	0.4425480663733765
51	7	0.4519294413007344
51	8	0.48901058347001225
51	9	0.4740498677745748
51	10	0.5099312440425194
51	11	0.5092087226384123
51	12	0.5055266098979772
51	13	0.5261409367687904
51	14	0.4917324856333991
51	15	0.4840536701162179
51	16	0.4476159094443517
51	17	0.4727927952961153
51	18	0.478316398082157
51	19	0.45988928708889887
51	20	0.4156434878470492
51	21	0.42840339181027076
51	22	0.3179710860603251
51	23	0.27625493087217734
51	24	0.5385609866973127
51	25	0.8188529979079888
51	26	0.6070956653819266
51	27	0.534136520972524
51	28	1.1380016707338498
52	1	0.3477426397773158
52	2	0.4819576775215779
52	3	0.411952322196683
52	4	0.44548746715659604
52	5	0.45575805146171433
52	6	0.42876391572555406
52	7	0.4915840232106703
52	8	0.5394728337011685
52	9	0.4819931733085099
52	10	0.4949742384380684
52	11	0.5584093137518238
52	12	0.6067541721799401
52	13	0.5413439348521294
52	14	0.5531037041704963
52	15	0.5083835720506684
52	16	0.5420998414533571
52	17	0.54163270665196
52	18	0.5298566019700033
52	19	0.5723305894636113
52	20	0.6171162294691186
52	21	0.5165521115472558
52	22	0.5031975489331515
52	23	0.5922805660317536
52	24	0.8557083810452539
52	25	0.9726423679867295
52	26	1.4500543148102807
52	27	1.2591836019518112
52	28	0.40250393857820654
53	1	0.34435532456909357
53	2	0.3760506143346305
53	3	0.417330797529182
53	4	0.40226622202218465
53	5	0.3962134758481639
53	6	0.3709359629588249
53	7	0.42115001110531125
53	8	0.45442657597072866
53	9	0.4695509688465904
53	10	0.4913721033288567
53	11	0.5056500572680207
53	12	0.4741596767898315
53	13	0.4339014534905772
53	14	0.47355911306605947
53	15	0.4698499860609431
53	16	0.4283780121188059
53	17	0.4655890176981643
53	18	0.45243954327653313
53	19	0.46143094823455044
53	20	0.4280531650470323
53	21	0.36341731480067097
53	22	0.38365202459721104
53	23	0.4164557709978993
53	24	0.3584484622354793
53	25	0.8744280822724448
53	26	0.6523092908747827
53	27	0.87906664288748
53	28	0.3341790959051494
54	1	0.31120967040588
54	2	0.3173588427867031
54	3	0.4153841307057604
54	4	0.3782337651650778
54	5	0.4099857331124568
54	6	0.45363895058078185
54	7	0.45238473939376433
54	8	0.4288859451351428
54	9	0.43932392368640905
54	10	0.49649524696475567
54	11	0.45433851729164587
54	12	0.4184132807667993
54	13	0.40805110695621494
54	14	0.45526017843633326
54	15	0.460411632339202
54	16	0.4504788901626142
54	17	0.5071766682598522
54	18	0.49817831872704943
54	19	0.4729231829385583
54	20	0.5207384370759058
54	21	0.3908592132299802
54	22	0.44789197552172766
54	23	0.7626209444699583
54	24	0.7092038438401715
54	25	1.5060950111585356
54	26	1.1823247229735472
54	27	0.7544755040233753
54	28	0.9467545166736429
55	1	0.3885040815805638
55	2	0.46032671676473313
55	3	0.47140527820082667
55	4	0.43128717723740095
55	5	0.46640607817449364
55	6	0.48464160589382743
55	7	0.47534295408913607
55	8	0.45486787158802144
55	9	0.4607215308366577
55	10	0.47391893021945464
55	11	0.49433056025961974
55	12	0.5177416637177714
55	13	0.4745506363630909
55	14	0.49809244637850014
55	15	0.5064492778098781
55	16	0.4712592929032411
55	17	0.4989292639446461
55	18	0.5219579563628827
55	19	0.5792666153014636
55	20	0.5357705566932438
55	21	0.4839474344365655
55	22	0.4126877930847499
55	23	0.6885452546455468
55	24	0.33419394285007087
55	25	0.9134161775105412
55	26	0.951711665648709
55	27	0.9073317500999565
55	28	0.7696400888129489
56	1	0.44967111692702844
56	2	0.5058488253065363
56	3	0.4777916128147339
56	4	0.48424126520242794
56	5	0.5156161396383823
56	6	0.5333676344885703
56	7	0.4537532721055797
56	8	0.4464700964506392
56	9	0.5002875739037975
56	10	0.44231449905266373
56	11	0.5006648436179759
56	12	0.5025260502527047
56	13	0.4648284813455277
56	14	0.4549063918138927
56	15	0.494151641004585
56	16	0.4831222798209325
56	17	0.490739335404605
56	18	0.48427818775661535
56	19	0.42820196546191625
56	20	0.3765235932735038
56	21	0.36507412393728345
56	22	0.3510649508710273
56	23	-0.09805210537516018
56	24	-0.11228559953794814
56	25	-0.36407299997863873
56	26	0.18440805630687862
56	27	-0.6692533095359465
56	28	-0.3243489822253025
57	1	0.3458411443584808
57	2	0.4592084006039556
57	3	0.43640104491593945
57	4	0.4286756447373534
57	5	0.40838532564340113
57	6	0.3824693870638143
57	7	0.3682981643469958
57	8	0.3811166259783434
57	9	0.37353998536461575
57	10	0.38580021511607754
57	11	0.47444008137858873
57	12	0.47538812622264004
57	13	0.505969073491606
57	14	0.5100624619608212
57	15	0.5091637280459196
57	16	0.5265265616164356
57	17	0.45201615152603125
57	18	0.47526260685803834
57	19	0.5554390796176634
57	20	0.5171767227019757
57	21	0.5904625064637656
57	22	0.5642888473594212
57	23	0.36258781863318745
57	24	0.3498046343540082
57	25	0.5759447697334537
57	26	0.6846007345342429
57	27	1.0607709035391082
57	28	1.8696400888129503
58	1	0.4859241685178759
58	2	0.5856534016418493
58	3	0.5714647137915421
58	4	0.5406244895710444
58	5	0.6073881307408655
58	6	0.5887948206522111
58	7	0.6934629757227668
58	8	0.6696376340430135
58	9	0.6541429508875964
58	10	0.6700750654620435
58	11	0.6996377666322857
58	12	0.7625923246829487
58	13	0.6973449905510236
58	14	0.6968396214525399
58	15	0.7365934741950468
58	16	0.6630518137370771
58	17	0.7368511806643525
58	18	0.6955589800884141
58	19	0.7449598257854433
58	20	0.7619353601900727
58	21	0.6560879185224806
58	22	0.7545064908651682
58	23	0.6608208346719309
58	24	0.7835914407394
58	25	0.5633637336254935
58	26	0.77281385340833
58	27	1.067264410032621
58	28	1.1914791692727178
59	1	0.20645385386243476
59	2	0.2770750133266162
59	3	0.2971606001226519
59	4	0.35218554536044877
59	5	0.28792432568702964
59	6	0.26245244448940497
59	7	0.35798116411972813
59	8	0.3176022973538366
59	9	0.298545373688313
59	10	0.3136423154186474
59	11	0.3485906320017804
59	12	0.39472511955101197
59	13	0.378529969092817
59	14	0.3765960203737464
59	15	0.3235474490263428
59	16	0.34645278589952966
59	17	0.39616231563674376
59	18	0.39830541048269197
59	19	0.4221389381105567
59	20	0.49118873883821124
59	21	0.3872765609307791
59	22	0.44375223234497696
59	23	0.3008864962801425
59	24	0.49934865793019156
59	25	0.003892367986729539
59	26	-0.13965375384764656
59	27	-0.6070515652542312
59	28	-1.5091477899749322
60	1	0.2893876546568137
60	2	0.4570521395479261
60	3	0.34767577678002226
60	4	0.370162161264048
60	5	0.3740131127704558
60	6	0.31610612629162915
60	7	0.499123932501071
60	8	0.49356404470353255
60	9	0.4771763832429343
60	10	0.5100290679261761
60	11	0.6101001066956258
60	12	0.6574975366397524
60	13	0.6299493969631342
60	14	0.6365166444506372
60	15	0.6344358407672601
60	16	0.5340493244151929
60	17	0.6140394981501345
60	18	0.5907374268847434
60	19	0.6296343395593382
60	20	0.6871174210556532
60	21	0.6019579937735315
60	22	0.6141370225961893
60	23	0.8547450362956965
60	24	1.1902350938401725
60	25	1.582367704309597
60	26	1.118999251275433
60	27	2.138410655091903
60	28	2.7254959446688005
73	1	0.34659337663370593
73	2	0.3514525470382921
73	3	0.37089393225719647
73	4	0.36508489325006366
73	5	0.333784134088674
73	6	0.2914625207361752
73	7	0.30633404416186494
73	8	0.3524681114343835
73	9	0.4059734757717237
73	10	0.22971215509667786
73	11	0.24641719064297973
73	12	0.08647428695836368
73	13	0.21987087429767627
73	14	0.23506808069135587
73	15	0.1822039818143466
73	16	0.1428773298960735
73	17	0.0804497168234306
73	18	0.2140164593070395
73	19	0.19056051929104711
73	20	0.24794879588840502
73	21	0.4448118376871335
73	22	0.4323133911560717
73	23	0.25352633336638775
73	24	0.32967879745798
73	25	0.04573337217082951
73	26	-0.7547392305148222
73	27	-0.32245891012548356
73	28	0.846651583065821
74	1	0.43268507866439876
74	2	0.4593731426606382
74	3	0.4872076052094485
74	4	0.42334284260187616
74	5	0.4157532206265273
74	6	0.4022173352531624
74	7	0.4000237205036896
74	8	0.35786233975778003
74	9	0.45489808383345576
74	10	0.3395111153982171
74	11	0.2865242039454188
74	12	0.16966553015814156
74	13	0.24320627887226465
74	14	0.3131985330847584
74	15	0.2013720141824038
74	16	0.053974757056387546
74	17	0.13187137653664394
74	18	0.17307446259828652
74	19	0.10478575755607267
74	20	0.2637174217756808
74	21	0.36127512746737267
74	22	0.34895691776944204
74	23	0.34700286886396725
74	24	0.3743328760982365
74	25	0.059447923542286674
74	26	0.33232472297354576
74	27	0.37652524265793375
74	28	0.6803745520897806
75	1	0.30033154823506436
75	2	0.3375323550775491
75	3	0.33909999561525694
75	4	0.273809663367679
75	5	0.2407014218529966
75	6	0.29966140411503517
75	7	0.21636902173136718
75	8	0.17462093238409437
75	9	0.27201066984579114
75	10	0.10587482135186121
75	11	0.11238055478455067
75	12	0.11022240405775108
75	13	0.0837794148580997
75	14	0.13120787792412614
75	15	0.06260803528941494
75	16	-0.03384702805919204
75	17	0.0023779954621261368
75	18	0.025252624086505193
75	19	0.04394890826818454
75	20	0.16280490820515325
75	21	0.19149638578841177
75	22	0.3406763045675234
75	23	0.059230981266324534
75	24	0.4213571539447045
75	25	-0.2835570247258232
75	26	-0.443042924085276
75	27	-1.031666071250804
75	28	-1.4943054894183447
76	1	0.11131349427096637
76	2	-0.004938911205030649
76	3	0.2674114107864227
76	4	0.16024187605827223
76	5	0.1987665506284415
76	6	0.2410996426660077
76	7	0.2701439389416791
76	8	-0.02407940628148708
76	9	0.2635977660558595
76	10	0.18967589162564025
76	11	0.00941646829387821
76	12	0.13950947019826287
76	13	0.1303421018702835
76	14	0.24742474535674575
76	15	0.22670167433412303
76	16	-0.05647176857044656
76	17	0.23241129689839113
76	18	0.2159465611121263
76	19	0.23163933749592047
76	20	0.25159767873046945
76	21	0.4364132896477102
76	22	0.4623087560780661
76	23	0.5580184652545412
76	24	0.689762617264364
76	25	0.1583639127021783
76	26	0.3732969451957686
76	27	-0.36088808263600214
76	28	0.4276111033057006
77	1	0.21208320123459856
77	2	0.21056391687309883
77	3	0.2331542052254605
77	4	0.21805805633331943
77	5	0.20959927804931766
77	6	0.031931641462385585
77	7	0.14324789877945676
77	8	0.21554068417641048
77	9	0.21190794122748002
77	10	0.03964758790101541
77	11	0.08091278213525044
77	12	0.012313567682099347
77	13	0.0656690297043383
77	14	0.1581813843565385
77	15	-0.05659431004104931
77	16	-0.04611143038300014
77	17	0.015853736188610412
77	18	-0.025054317643650847
77	19	0.05183534672022461
77	20	0.0920003798289315
77	21	0.15431680756190502
77	22	0.11503402469367785
77	23	0.08265443020631835
77	24	-0.24325566651764063
77	25	-0.807511140785202
77	26	-0.8513349155806651
77	27	-0.402929330652924
77	28	-0.6353350355651628
78	1	0.2888534219085912
78	2	0.30186845088006464
78	3	0.26468705844623486
78	4	0.285977574001933
78	5	0.19538550007688826
78	6	0.21208445539869558
78	7	0.2041399040907237
78	8	0.2472833632490392
78	9	0.2631016891342668
78	10	0.17229857234528367
78	11	0.2068663983325436
78	12	0.16208821464758216
78	13	0.22896771351449985
78	14	0.22420282579434314
78	15	0.11246474965226128
78	16	0.07941894823655815
78	17	0.19200993686108347
78	18	0.13244924857184515
78	19	0.12706025331275583
78	20	0.24923320453952158
78	21	0.13867891523816667
78	22	0.18126674086344963
78	23	0.3419023630487956
78	24	0.4080672318183147
78	25	0.6476170643430024
78	26	0.07118054307937172
78	27	0.3470388991094353
78	28	0.29003809876319764
79	1	0.37003456636431764
79	2	0.3945083557631577
79	3	0.39393626050053143
79	4	0.43604982205609133
79	5	0.39762892023338026
79	6	0.37292097903178245
79	7	0.4102970742395158
79	8	0.42503072299506073
79	9	0.4293536681696679
79	10	0.3249426252455123
79	11	0.3556679225577142
79	12	0.27032408212733117
79	13	0.3431470871912907
79	14	0.33125274368961044
79	15	0.24342442695569844
79	16	0.17318302736648405
79	17	0.24528762333532939
79	18	0.2477960447795411
79	19	0.24249636799572016
79	20	0.36379763857321024
79	21	0.4314129573715917
79	22	0.5155388928008833
79	23	0.7543999202111991
79	24	1.186387364439426
79	25	0.6525410166353751
79	26	0.5122212197888345
79	27	1.1422245376243225
79	28	1.1380016707338498
80	1	0.25135104175731016
80	2	0.23925989380113322
80	3	0.2056288680982874
80	4	0.1771313280208915
80	5	0.19406701570262186
80	6	0.108756167872329
80	7	0.20871105713496263
80	8	0.21775164052454699
80	9	0.23065451143063598
80	10	0.20392475994693626
80	11	0.14635981341795912
80	12	0.04725811479383424
80	13	0.02726376406720732
80	14	0.13123926957874943
80	15	0.02714422602580413
80	16	0.001004105101323205
80	17	0.045822342038924546
80	18	0.07494189348700786
80	19	0.10285459916057249
80	20	0.16221384304994046
80	21	0.24153506558728566
80	22	0.3026493663855234
80	23	0.09428372062131274
80	24	0.45605028578773954
80	25	0.8253209394152989
80	26	1.1059970027662942
80	27	0.9609809875727251
80	28	1.3304244025384406
81	1	0.2552875353094066
81	2	0.2747660240109653
81	3	0.26854636101629126
81	4	0.28581370507274073
81	5	0.2934450323608928
81	6	0.14913495663886778
81	7	0.2016835264188117
81	8	0.2815575570700162
81	9	0.23257501682953574
81	10	0.1743637332295549
81	11	0.1594630853949397
81	12	0.08812343159476654
81	13	0.0978988676074053
81	14	0.20727348886183705
81	15	0.07619718900757277
81	16	0.020537272555074537
81	17	0.11638756956347862
81	18	-0.002222349005620572
81	19	0.0978352208519837
81	20	0.17119798852049684
81	21	0.11265000107186296
81	22	0.19390399395348368
81	23	0.19802135821836941
81	24	-0.15072472758839695
81	25	0.28372775893323166
81	26	0.019860850141178332
81	27	-0.41563800864961564
81	28	0.2963067554796126
82	1	0.00898313508394466
82	2	-0.07825860213543478
82	3	-0.09747399060197637
82	4	-0.061517352114492496
82	5	-0.06371015360000598
82	6	-0.25812843840961364
82	7	-0.032298817034053684
82	8	0.033586308194529124
82	9	-0.006268528148133612
82	10	-0.06400606051889213
82	11	0.03772391503956385
82	12	-0.10276918322995954
82	13	-0.04908677790209737
82	14	0.034252828697560744
82	15	-0.022477192696534587
82	16	-0.13163664910436523
82	17	-0.024344982476662835
82	18	-0.14811604656656385
82	19	-0.08156483117560498
82	20	0.04639991866732629
82	21	0.07008092038455516
82	22	0.13856926941125636
82	23	-0.10648075886664543
82	24	-0.04161885119528819
82	25	0.003892367986729539
82	26	0.09317998613144596
82	27	0.8757591939372347
82	28	1.2484279676008256
83	1	0.12819638936111488
83	2	0.11701096960978674
83	3	0.09316333703489477
83	4	0.15662079917864702
83	5	0.15043798617405457
83	6	0.060917963696851984
83	7	0.14055696172058418
83	8	0.1722847198684363
83	9	0.13426572217280608
83	10	0.10224767064559614
83	11	0.15076670255025704
83	12	0.03164641227989762
83	13	0.07660421454854571
83	14	0.10425395527210668
83	15	0.11872589989133076
83	16	0.03568850616621688
83	17	0.06161137883026413
83	18	-0.3115580744662836
83	19	0.05814056234747511
83	20	0.044236298510391237
83	21	0.035119942253743375
83	22	0.039716372924623045
83	23	0.021509119912018093
83	24	-0.2333513401063172
83	25	0.16119573877324456
83	26	-0.5958640525366548
83	27	-0.7443719536037463
83	28	-2.3847458760993305
84	1	0.2558907293966399
84	2	0.21586008656779399
84	3	0.18596693099004824
84	4	0.2099492946604542
84	5	0.22609447511671732
84	6	0.1814916513625846
84	7	0.188571661923973
84	8	0.14856522729576938
84	9	0.16881663868285557
84	10	0.12556596480413162
84	11	0.08576708872021754
84	12	0.04208954231619799
84	13	-0.032703157436110075
84	14	0.1354156510731528
84	15	0.04906923717217637
84	16	0.07702117871983205
84	17	0.107683064848338
84	18	-0.0866493612198127
84	19	0.046080142352835196
84	20	0.12478017657669938
84	21	0.0849037872181384
84	22	0.016550643865912207
84	23	0.1202430273059889
84	24	0.09387403784369752
84	25	0.17186111798672954
84	26	0.23485850675733388
84	27	1.0745957883317345
84	28	0.698468917641776
85	1	0.3046820960759362
85	2	0.3412922262671785
85	3	0.2848389784827887
85	4	0.3185243546579315
85	5	0.23065744088658136
85	6	0.27359645747601036
85	7	0.32443562554655614
85	8	0.31226533465967066
85	9	0.31593186541015683
85	10	0.2694907469185637
85	11	0.3126232210935953
85	12	0.2196495397899838
85	13	0.2477217194111816
85	14	0.19851578369914336
85	15	0.194247492824573
85	16	0.14895309737588747
85	17	0.2421358247321308
85	18	0.14877979325972746
85	19	0.1836472274896792
85	20	0.10461502273470558
85	21	0.1257793288933584
85	22	0.28251210410977734
85	23	0.3722711793868072
85	24	0.7196903303266566
85	25	0.4430228027693417
85	26	0.25682184941032915
85	27	0.8991167682007628
85	28	0.907274497415095
86	1	0.27949034359995295
86	2	0.28859234491423535
86	3	0.2869400375897939
86	4	0.1881318364238851
86	5	0.23685620508400973
86	6	0.21870121137956033
86	7	0.17236532936472315
86	8	0.19233258190410396
86	9	0.19966099031968554
86	10	0.21456582746549913
86	11	0.1949293230948328
86	12	0.13326659677720443
86	13	0.15197887242879915
86	14	0.1255273011343263
86	15	0.06154304919305531
86	16	0.08203865818146028
86	17	0.1488518789917137
86	18	0.1603917440390603
86	19	0.16535962351390765
86	20	0.17762905024527953
86	21	0.16362493040163173
86	22	0.16807387111284555
86	23	0.3096202401662893
86	24	0.21138566202198916
86	25	0.25722570132005984
86	26	1.0260747229735472
86	27	1.2261505689187757
86	28	1.1529734221462817
87	1	0.19710254626686918
87	2	0.2202182182063126
87	3	0.18466372957715294
87	4	0.1987320052895427
87	5	0.16784778971088343
87	6	0.23237393662911643
87	7	0.1977320061940091
87	8	0.2588355874858195
87	9	0.24449749861171455
87	10	0.19381010052214975
87	11	0.19512904489046434
87	12	0.18652009130751424
87	13	0.1347157811475057
87	14	0.189910035541196
87	15	0.21852002819727545
87	16	0.1177690456883127
87	17	0.1509111561893448
87	18	0.16210664070094793
87	19	0.07457238839969449
87	20	0.2230068142515691
87	21	0.19883312029464406
87	22	0.15646095219655365
87	23	0.44177512442248457
87	24	0.4314797059091404
87	25	0.8182383595479124
87	26	0.028217580116404406
87	27	0.21582316834747672
87	28	0.18556048682290083
88	1	0.19657619533185056
88	2	0.23785909193018995
88	3	0.17835257855472975
88	4	0.15740898403698367
88	5	0.10143672929913805
88	6	0.23420142105146624
88	7	0.19418327138352964
88	8	0.21058678189581315
88	9	0.19920309554894544
88	10	0.1902069685849881
88	11	0.13157774925844024
88	12	0.13600353396370934
88	13	0.13211351417285755
88	14	0.1764386142283172
88	15	0.028827157205782328
88	16	0.09276326486409658
88	17	0.10313460560994514
88	18	0.034021469063766574
88	19	0.032227055690349005
88	20	0.1321488978153269
88	21	0.05233833967714219
88	22	0.09716982381785755
88	23	-0.11542150836022813
88	24	0.14932226489280254
88	25	-0.24610763201327046
88	26	-0.2846395627407361
88	27	-1.2452770630928
88	28	-2.060915466742607
89	1	0.19268980199214525
89	2	0.17742822930210167
89	3	0.17311961493550854
89	4	0.12514751969423799
89	5	0.1702444566914636
89	6	0.1091656164774335
89	7	0.11933631000160005
89	8	0.15070915924516015
89	9	0.13278559212837848
89	10	0.12108647825456842
89	11	0.08336689218416637
89	12	0.13688164402360314
89	13	0.12099832272603095
89	14	0.10642704402241776
89	15	0.07336800268009824
89	16	0.039974747077522466
89	17	0.060300986479582264
89	18	0.034781293463737484
89	19	0.03578989652854858
89	20	0.11902912856831449
89	21	-0.0011940865477058082
89	22	-0.12017872963339471
89	23	0.009203727340583612
89	24	0.20565116961002872
89	25	0.03223244895838917
89	26	0.102723074621899
89	27	0.6942822520037311
89	28	0.8071400888129503
90	1	0.35761607255881955
90	2	0.3501299137157332
90	3	0.24589067272874132
90	4	0.3401693844757432
90	5	0.27488705264595126
90	6	0.20494424414346923
90	7	0.28597125521324074
90	8	0.35223473246438886
90	9	0.2837244932837706
90	10	0.2946445108132778
90	11	0.2536132164951752
90	12	0.2511223333685564
90	13	0.23323206540747776
90	14	0.23075605947850875
90	15	0.28093099789069953
90	16	0.25726266321398583
90	17	0.2697000958600313
90	18	0.2937011172585997
90	19	0.2426667387163306
90	20	0.20009690850979922
90	21	0.06424681235663598
90	22	-0.08179525891091544
90	23	0.10018826678030734
90	24	0.32294743358376365
90	25	0.40814768713566707
90	26	0.3101656320644608
90	27	-0.07009458134097457
90	28	-0.40525168607882733
91	1	0.0768256211348799
91	2	0.07329128893866965
91	3	0.06738340613217986
91	4	0.07252353561847968
91	5	0.055207212506338976
91	6	-0.010856691446171851
91	7	0.025765928284194217
91	8	0.0737468227959539
91	9	0.06420780234561363
91	10	0.02602895016762119
91	11	0.016844867842031874
91	12	-0.01978084597460139
91	13	-0.022943117518366307
91	14	0.013572933037586665
91	15	-0.024982565174504145
91	16	-0.10062065023868172
91	17	-0.12623038622218985
91	18	-0.02016275164225334
91	19	-0.08498997811627618
91	20	-0.031045393324149018
91	21	-0.1928591732969025
91	22	-0.058918048104700915
91	23	-0.288748501665161
91	24	0.030305293115532095
91	25	0.3596976114324235
91	26	0.5277737520997619
91	27	1.0068538528478683
91	28	0.812777343714906
92	1	0.21079949421261546
92	2	0.2131295692685029
92	3	0.23276812106634992
92	4	0.20883821687361603
92	5	0.19649012749927408
92	6	0.16299178332668873
92	7	0.14307739636419825
92	8	0.13217390573523602
92	9	0.1782054649221223
92	10	0.15300574118495547
92	11	0.1354067067441207
92	12	0.10952787908859563
92	13	0.14749700811886157
92	14	0.12273132121087116
92	15	0.09256022762277638
92	16	0.16505779276081256
92	17	0.1439701947490022
92	18	0.2102208963491421
92	19	0.1104507514946036
92	20	0.14061267223131324
92	21	0.15137549815052154
92	22	0.09827545720620634
92	23	0.31776397551073643
92	24	0.4520044921383928
92	25	0.46572442905543454
92	26	0.0861811059522708
92	27	-0.4106576678894598
92	28	-1.1047188855460277
93	1	0.22305775477180134
93	2	0.25367575994884817
93	3	0.21171998100312805
93	4	0.22532144976521806
93	5	0.2544857567167611
93	6	0.14342103731706857
93	7	0.1824952986335191
93	8	0.2341251395410069
93	9	0.2103899519602237
93	10	0.15520144959567972
93	11	0.1919180078859526
93	12	0.08579741884120295
93	13	0.1525040710354375
93	14	0.09835076843622659
93	15	0.07048999034110182
93	16	0.036024841113700745
93	17	0.03760559570519462
93	18	0.1057171076480472
93	19	0.07769747142726402
93	20	0.04955245797199126
93	21	0.04440028315578104
93	22	0.09704396369027535
93	23	-0.04022683006798644
93	24	-0.0636215529852251
93	25	0.2240416217180723
93	26	-0.04844218523901134
93	27	-0.04825165285186728
93	28	0.3544885736614347
94	1	0.038011018037458655
94	2	0.055099513298344505
94	3	0.047601303556191965
94	4	0.06228205173486856
94	5	-0.002158929334434845
94	6	0.04195532344962771
94	7	0.0455163882698173
94	8	0.012584633257397115
94	9	0.05501967259756668
94	10	0.005755422216040529
94	11	0.01233620438895855
94	12	-0.06127885824079016
94	13	-0.06614829090003838
94	14	-0.09267393260436307
94	15	0.00636558963022793
94	16	-0.016558038197402425
94	17	-0.031116172837819533
94	18	-0.025849141227183736
94	19	-0.03931729154601982
94	20	-0.07023386872587878
94	21	-0.012260141372372857
94	22	-0.06405380168041575
94	23	-0.15079021339620624
94	24	-0.1587316400307941
94	25	-1.2721076320132738
94	26	-0.9100363881375628
94	27	-1.8665473922002391
94	28	-3.265580036973219
95	1	0.08559051904361326
95	2	-0.06272346016715602
95	3	0.26103003689822657
95	4	0.1647647784724171
95	5	0.18731177893965878
95	6	0.29094496213631516
95	7	0.2220379139817723
95	8	-0.10260977727712373
95	9	0.22124918852738062
95	10	0.1997067184167136
95	11	-0.05495085530758104
95	12	0.17841522367708507
95	13	0.19482313669229967
95	14	0.130971028794022
95	15	0.308395878840372
95	16	0.09447316335491251
95	17	0.2976524264726237
95	18	0.2820275689304239
95	19	0.2904454938573977
95	20	0.31276658347346853
95	21	0.49616581188869446
95	22	0.3024433287451487
95	23	0.3836555944435034
95	24	0.18609138183409613
95	25	0.057946422040785706
95	26	0.3046461515449792
95	27	0.22389831666652782
95	28	1.4666865023150564
96	1	-0.12227485501894364
96	2	-0.10902627706856549
96	3	-0.1447798222567016
96	4	-0.19798901702785798
96	5	-0.17845097942873167
96	6	-0.1723232837023545
96	7	-0.22152574067343522
96	8	-0.17528217530163204
96	9	-0.20879699768077842
96	10	-0.1649859832478171
96	11	-0.2092653788122476
96	12	-0.207196171969521
96	13	-0.2085310795140316
96	14	-0.19086681645931947
96	15	-0.19052491867197574
96	16	-0.27999180829316117
96	17	-0.16618057151529797
96	18	-0.20506153385017
96	19	-0.2522923779880202
96	20	-0.20516729210989126
96	21	-0.25197645342910846
96	22	-0.2290737604053561
96	23	0.08055662402747288
96	24	-0.037066426430101274
96	25	0.37977889280942634
96	26	0.47329694519577004
96	27	0.3702947130629184
96	28	-0.6960876107175693
97	1	0.045272365692838434
97	2	0.07866477660349602
97	3	0.008212491336877292
97	4	0.0910164922308212
97	5	0.07305858695424661
97	6	0.03639178814562882
97	7	0.027380258390792278
97	8	0.0647080032961398
97	9	0.021462984952620445
97	10	6.796802026514115E-4
97	11	0.02578285354611154
97	12	-0.086038268691361
97	13	-0.023603085567053483
97	14	-0.05672042487621809
97	15	0.04393355534345744
97	16	-0.0325195548082462
97	17	0.02756934944981282
97	18	-0.010617572843216294
97	19	-0.008929096457073626
97	20	-0.08212486222762294
97	21	-0.12901181138765594
97	22	-0.0736228098100895
97	23	-0.11629272048144657
97	24	-0.10171679108046305
97	25	0.28263801258603394
97	26	0.437438359337186
97	27	0.305026647794854
97	28	0.7116314308042888
98	1	0.03784231156548401
98	2	0.027902325856395294
98	3	-0.06956026614587785
98	4	-0.014537222258354632
98	5	0.01831932787107604
98	6	-0.05821198069654798
98	7	-0.0802994548331597
98	8	-0.032154688398883025
98	9	-0.04860699568600779
98	10	-0.04123534019645092
98	11	-0.010140059911257993
98	12	-0.05518525846911615
98	13	-0.0680979778541726
98	14	-0.026658924512943827
98	15	-0.0034329282048872756
98	16	-0.0818430088306954
98	17	-0.08370883952861163
98	18	-0.06025252560315408
98	19	-0.19281555311722087
98	20	-0.03268215988946821
98	21	-0.16748811301006583
98	22	-0.35801006066155594
98	23	-0.06337436380341899
98	24	0.3103643376673304
98	25	-0.45033298412595
98	26	-0.0614252770264514
98	27	0.04949270805038708
98	28	0.7676500390617065
99	1	0.15964481362245664
99	2	0.14344426699981483
99	3	0.12304534812564327
99	4	0.12093291237692227
99	5	0.15771999699001782
99	6	0.08354624384760712
99	7	0.13832116274081585
99	8	0.18887358634459872
99	9	0.09863897486002315
99	10	0.16610735162569057
99	11	0.13046939403879065
99	12	0.11477015585766992
99	13	0.0681189064593326
99	14	0.08621139440224823
99	15	0.12234864359802344
99	16	0.140566286724912
99	17	0.14692566786158778
99	18	0.10216603812320102
99	19	0.10355251026538781
99	20	0.04674535532137014
99	21	0.004369586968962835
99	22	0.013157311864048893
99	23	0.02476710322898157
99	24	-0.0021762731188914586
99	25	-0.48539334629898434
99	26	-0.361670375065664
99	27	-0.3979344536037459
99	28	-0.35258213340927114
100	1	-0.14794755437585394
100	2	-0.17159704161301903
100	3	-0.15605275787174122
100	4	-0.2147208548123274
100	5	-0.17371529706147015
100	6	-0.2066144528619418
100	7	-0.22779143049175588
100	8	-0.16098999521997825
100	9	-0.18888581000643256
100	10	-0.1334612767231107
100	11	-0.14167223029804887
100	12	-0.2026106654103259
100	13	-0.16618147598021693
100	14	-0.15499824966969555
100	15	-0.22289171814404085
100	16	-0.15368294645798386
100	17	-0.14167202332254192
100	18	-0.2309374395242756
100	19	-0.08149587876327047
100	20	-0.17575172722172283
100	21	-0.21420559641452996
100	22	-0.21172086598526363
100	23	-0.19300117232315017
100	24	-0.997565386929061
100	25	0.16832189818806853
100	26	0.04837202027084686
100	27	0.5008308435990543
100	28	0.04896498332771415
101	1	0.02832047685888739
101	2	-0.0050972554835695405
101	3	-0.02424059112388477
101	4	-0.013703977976788906
101	5	-0.048471123928948145
101	6	-0.07336905335730393
101	7	-0.08887336272209723
101	8	-0.04961313030849368
101	9	-0.06312215692361178
101	10	-0.062138181136582205
101	11	-0.0826963023081646
101	12	-0.10182946328825437
101	13	-0.06559600332505511
101	14	-0.05221216521800898
101	15	-0.03130852847638721
101	16	-0.06549733396332869
101	17	-0.05007284908175791
101	18	-0.0010826990512811108
101	19	0.016486014961039075
101	20	-0.013374445229885623
101	21	-0.011102977563297145
101	22	0.036142326338257647
101	23	-0.16093706973312294
101	24	-0.1496200280666713
101	25	0.2574134947472899
101	26	0.5827820400467161
101	27	0.3680575765975931
101	28	0.3824606016334613
102	1	-0.016821446283259434
102	2	-0.07077675306958753
102	3	-0.09524907401151239
102	4	-0.08648826395160825
102	5	-0.09288801941281832
102	6	-0.14088057433294665
102	7	-0.1103514390450826
102	8	-0.07970259077237785
102	9	-0.10851885678447815
102	10	-0.11669177198862002
102	11	-0.111000651198502
102	12	-0.08443515290105807
102	13	-0.10840142251895202
102	14	-0.06417132923319713
102	15	-0.09389457964557835
102	16	-0.09494037176470016
102	17	-0.09794760098473887
102	18	-0.07444115668336337
102	19	-0.16654020686844717
102	20	-0.07302625126610707
102	21	-0.06424994990202038
102	22	-0.007843765978826411
102	23	0.0380494418401085
102	24	-0.11132170360508553
102	25	0.003892367986729539
102	26	0.2606901075889354
102	27	-0.26738644635737074
102	28	1.9186596966560856
103	1	-0.15330400615999906
103	2	-0.1698498139606457
103	3	-0.1926204840816652
103	4	-0.11969916885924192
103	5	-0.1338648925283792
103	6	-0.15491399498050384
103	7	-0.16822282273343347
103	8	-0.1228624004852108
103	9	-0.18562388931572116
103	10	-0.1744732243250482
103	11	-0.2525809729166184
103	12	-0.23007851576809202
103	13	-0.21442120663900255
103	14	-0.18440444528992117
103	15	-0.19061242053908956
103	16	-0.21337826175265917
103	17	-0.2708556136009719
103	18	-0.2005329654918171
103	19	-0.17754409210991895
103	20	-0.14520410960449226
103	21	-0.20327304188172235
103	22	-0.10770033743908414
103	23	-0.45328400129409374
103	24	-1.1501294894931604
103	25	-0.7494860103916494
103	26	-0.5407804806463616
103	27	-0.682086239318032
103	28	-1.2234335042606475
104	1	0.10779170866818077
104	2	0.07832719689245948
104	3	0.04681871038468444
104	4	0.06319042516405204
104	5	0.03557120780087075
104	6	0.05845610193739503
104	7	0.021836449913330114
104	8	0.05858487317535577
104	9	0.06618549213283842
104	10	0.057047126741132104
104	11	0.006343441126084315
104	12	-0.013556765907047463
104	13	0.019074341299962327
104	14	-0.03339551218273584
104	15	-0.008610268466050286
104	16	0.040614808509026545
104	17	0.018055264967031803
104	18	6.096950476148777E-4
104	19	-0.026251720969447945
104	20	-0.005591721310416631
104	21	-0.03089906712546764
104	22	-0.030546755542857795
104	23	-0.17375919390173777
104	24	-0.29528618464985357
104	25	-0.2194086028870572
104	26	-0.9578141659153374
104	27	-0.1525811039305438
104	28	1.0988067554796146
105	1	-0.023778823383196368
105	2	0.004927267857922857
105	3	-0.03623816138013325
105	4	-0.03676583177531967
105	5	-0.04039349273933368
105	6	-0.004708778824777937
105	7	-0.06684454980682375
105	8	-0.030445614735938875
105	9	-0.11193908259067342
105	10	-0.08796408280036161
105	11	-0.17653277589086258
105	12	-0.16212967854243487
105	13	-0.21196687102304423
105	14	-0.1976655931946567
105	15	-0.19403679200195256
105	16	-0.13409010223400486
105	17	-0.1905738028635895
105	18	-0.1350844798271993
105	19	-0.1994557794335421
105	20	-0.22876408572946616
105	21	-0.2925896352593398
105	22	-0.27143475615600465
105	23	-0.35787937352876753
105	24	-0.2907482519682105
105	25	3.712412261691611E-4
105	26	0.4927808841109922
105	27	-0.14308728207090127
105	28	0.21812493729779447
106	1	-0.12202476394246986
106	2	-0.14342820001294854
106	3	-0.14073836523002825
106	4	-0.14108246641394828
106	5	-0.15367103988382524
106	6	-0.17736584349282936
106	7	-0.14646407943853745
106	8	-0.12323713921565371
106	9	-0.1697541129688247
106	10	-0.14816711220225898
106	11	-0.2056463197060765
106	12	-0.21613286643502505
106	13	-0.246670584058009
106	14	-0.2821952283809779
106	15	-0.22897026786410635
106	16	-0.24966949603377486
106	17	-0.21031623115513298
106	18	-0.17693150829425264
106	19	-0.22289833102739465
106	20	-0.21827294271164277
106	21	-0.2660667134232071
106	22	-0.1999600741695744
106	23	-0.041298580183436684
106	24	-0.16254083701089428
106	25	0.2798663939607522
106	26	0.6376293448222867
106	27	0.8762470940153051
106	28	1.082283766973866
107	1	-0.1528853111491344
107	2	-0.16838253169071749
107	3	-0.10673612070365834
107	4	-0.24248802510022927
107	5	-0.20501536864000514
107	6	-0.1716539282009677
107	7	-0.20324536558000972
107	8	-0.18795830604042862
107	9	-0.1625449482839585
107	10	-0.19077619935891477
107	11	-0.262479801479067
107	12	-0.2253605287034759
107	13	-0.2091660012358787
107	14	-0.23699433687502847
107	15	-0.20555731772817865
107	16	-0.16898816144286855
107	17	-0.1917912819859069
107	18	-0.2728573053323018
107	19	-0.23776067723797212
107	20	-0.3429253888857531
107	21	-0.35946280658453844
107	22	-0.33917021663461355
107	23	-0.3361606091776679
107	24	-0.42131510659714877
107	25	-0.6211076320132705
107	26	-1.120353848455025
107	27	-0.4570862393180306
107	28	0.6061992285978945
108	1	-0.14622008328286284
108	2	-0.2200827652564783
108	3	-0.21164928005132566
108	4	-0.21162779820200228
108	5	-0.15930867348449596
108	6	-0.1696604867078335
108	7	-0.17587307799731633
108	8	-0.16375487162987667
108	9	-0.23691187424130078
108	10	-0.16888329591281348
108	11	-0.2675080947708963
108	12	-0.2654891727141191
108	13	-0.2417331808378762
108	14	-0.3334888537667595
108	15	-0.2110104086101856
108	16	-0.2604211146532194
108	17	-0.2824655895501351
108	18	-0.2802823688152216
108	19	-0.36210649633842706
108	20	-0.3581289721772407
108	21	-0.35801306896597396
108	22	-0.2812811302823661
108	23	-0.37581986000858336
108	24	1.6549575757807133E-4
108	25	0.5091188488229648
108	26	0.5269367919390646
108	27	0.40997725274546326
108	28	-0.8653325887826782
109	1	-0.09550289897617148
109	2	-0.09779155520117655
109	3	-0.11150660420128133
109	4	-0.12713997256543763
109	5	-0.08660282240900585
109	6	-0.04849057337170848
109	7	-0.08130842766548341
109	8	-0.07200545645768841
109	9	-0.12803455091292903
109	10	-0.11189304379561094
109	11	-0.19397977881839523
109	12	-0.1446628928687943
109	13	-0.11133351114541057
109	14	-0.0708661489564335
109	15	-0.09389696076979703
109	16	-0.16186286210253797
109	17	-0.18148194666729012
109	18	-0.2241833424099724
109	19	-0.20452197056123111
109	20	-0.18112282892790432
109	21	-0.1337336706545713
109	22	-0.25070253770356743
109	23	-0.24842067409993973
109	24	-0.3556213710595415
109	25	0.047225701320066094
109	26	0.3738019957008234
109	27	0.26362804639625637
109	28	-1.0675893484164902
110	1	-0.18803145050527093
110	2	-0.22646186376091038
110	3	-0.2051183241492609
110	4	-0.24433054985587432
110	5	-0.19646891839261826
110	6	-0.1855404627979098
110	7	-0.24082779544846034
110	8	-0.16700283594121146
110	9	-0.20773937196099013
110	10	-0.17727265566962558
110	11	-0.2576556390268294
110	12	-0.2339401456729533
110	13	-0.23961109336431718
110	14	-0.21191177770698033
110	15	-0.24441936243128737
110	16	-0.22367641076154143
110	17	-0.22347758421771857
110	18	-0.24059372064002105
110	19	-0.2949160657091525
110	20	-0.2946127020068161
110	21	-0.3357454578093737
110	22	-0.3688625549686435
110	23	-0.016528196258320804
110	24	-0.3593375926239162
110	25	-0.5554826320132733
110	26	-0.24243177053294573
110	27	-0.05887195360374875
110	28	-0.8525821334092711
111	1	-0.18402742536526517
111	2	-0.2104940800988686
111	3	-0.24030539043852173
111	4	-0.18810295401679156
111	5	-0.18965866641767093
111	6	-0.25544617932524716
111	7	-0.25620512379031624
111	8	-0.23212177667248568
111	9	-0.2518935134335436
111	10	-0.28611392937576596
111	11	-0.2808698160416867
111	12	-0.27559894974729815
111	13	-0.2765449233091246
111	14	-0.2647405989268492
111	15	-0.29734610674316286
111	16	-0.2622785897986901
111	17	-0.30427130023102933
111	18	-0.2803558576616396
111	19	-0.2291316613325165
111	20	-0.25253170244304357
111	21	-0.3885975237695547
111	22	-0.3041072793966464
111	23	-0.2290947481696577
111	24	-0.4462482109543515
111	25	-0.7404442015925596
111	26	-0.6740354091850449
111	27	-0.6667423239741197
111	28	0.3663067554796129
112	1	-0.2986811263668514
112	2	-0.34276165287592875
112	3	-0.3705041537689695
112	4	-0.421243986586326
112	5	-0.33043847528782777
112	6	-0.3075970656201008
112	7	-0.31973305468814317
112	8	-0.31201835308839065
112	9	-0.38738842894730396
112	10	-0.3444076316383402
112	11	-0.23448119736464434
112	12	-0.325085997592808
112	13	-0.31748145505001446
112	14	-0.3217761272810762
112	15	-0.28368689792345236
112	16	-0.28980473279479924
112	17	-0.3474038661627219
112	18	-0.28023636717124845
112	19	-0.2601832455025743
112	20	-0.3125336600658173
112	21	-0.2402475805663613
112	22	-0.28286617582706697
112	23	-0.37970972988909324
112	24	-0.3957616734012035
112	25	-0.8557567548202911
112	26	-0.22697405751425492
112	27	-0.8342507414825349
112	28	-1.284206065033203
113	1	-0.2798375429718334
113	2	-0.3029839037483555
113	3	-0.33555847894606927
113	4	-0.3023482294474462
113	5	-0.2791858682937871
113	6	-0.3192786318290146
113	7	-0.3081067365786936
113	8	-0.2605575806140621
113	9	-0.3479984221463752
113	10	-0.2668780885791122
113	11	-0.24055752372230899
113	12	-0.29992972366419224
113	13	-0.24501146398288398
113	14	-0.26307729965314053
113	15	-0.28978818033199616
113	16	-0.22284922857154044
113	17	-0.29872078834774385
113	18	-0.24073334763883736
113	19	-0.24750502896117155
113	20	-0.31998684340167216
113	21	-0.19055606178100248
113	22	-0.2466877323794563
113	23	-0.3061525410261936
113	24	-0.5316647592027053
113	25	-0.39303070893634384
113	26	-0.6228748568583811
113	27	-1.4988259413338056
113	28	-2.138111849171551
114	1	-0.34978243244923846
114	2	-0.4265389228462837
114	3	-0.38105388436152055
114	4	-0.3880048744316582
114	5	-0.41103041699271614
114	6	-0.3719245904327124
114	7	-0.39883786054737413
114	8	-0.43183389251795745
114	9	-0.42679991825325203
114	10	-0.41874107668606797
114	11	-0.4882159298068487
114	12	-0.5293631664896807
114	13	-0.5307407284431562
114	14	-0.4877733681765335
114	15	-0.4880103158096176
114	16	-0.4853948673670061
114	17	-0.4514924003356313
114	18	-0.43374497842609827
114	19	-0.47501975467110924
114	20	-0.4794260009070399
114	21	-0.47021720436114123
114	22	-0.47920804948622475
114	23	-0.42621232468675885
114	24	-0.9900337540710566
114	25	-1.237179060584701
114	26	-0.744793045621492
114	27	-1.3737913084424562
114	28	-1.4854323749551668
115	1	-0.412577776233249
115	2	-0.4698771736869958
115	3	-0.3985891778877715
115	4	-0.4371416885198798
115	5	-0.38674476809841707
115	6	-0.41371106958299464
115	7	-0.40423138201515485
115	8	-0.3998692290151027
115	9	-0.4345173696369713
115	10	-0.41280361780421515
115	11	-0.423393528067443
115	12	-0.3928867081587981
115	13	-0.4517516014672296
115	14	-0.43252341514552484
115	15	-0.4295943645557898
115	16	-0.3783876131043371
115	17	-0.37226108626864374
115	18	-0.37219612745626307
115	19	-0.38675343812624874
115	20	-0.4648828967661842
115	21	-0.3890271435424495
115	22	-0.26554075501641705
115	23	-0.3023700754021945
115	24	-0.125505833579183
115	25	0.4110584917652318
115	26	0.1196193239125165
115	27	0.05779471306291839
115	28	0.49085221002506785
116	1	-0.6628953942908637
116	2	-0.9320133119487224
116	3	-0.5041197658599614
116	4	-0.6127432445939505
116	5	-0.5879961712564636
116	6	-0.4580041823721217
116	7	-0.5416706076069033
116	8	-0.787794107065082
116	9	-0.4917486970266083
116	10	-0.49540190919644544
116	11	-0.7177720693570393
116	12	-0.5016246952331755
116	13	-0.5161167254931343
116	14	-0.5478707616038534
116	15	-0.4129078122450238
116	16	-0.5848028266746397
116	17	-0.3898352378200016
116	18	-0.3304664939922688
116	19	-0.4333972885361703
116	20	-0.37662601588814937
116	21	-0.121186129466345
116	22	-0.1764975592160738
116	23	-0.3338280539052789
116	24	-0.6351142787152355
116	25	-1.1961076320132733
116	26	-0.9530919436931171
116	27	-1.0414699928194295
116	28	-1.8176258287900495
117	1	-0.4809719366934573
117	2	-0.5583989943347945
117	3	-0.5103268027940544
117	4	-0.5562747599035802
117	5	-0.5393096447040193
117	6	-0.5285892315684677
117	7	-0.5705410827886652
117	8	-0.5709904571133819
117	9	-0.6136463104483596
117	10	-0.5553509704895276
117	11	-0.5403835520534273
117	12	-0.603240475766988
117	13	-0.6381445246819624
117	14	-0.5908426042928383
117	15	-0.6122163395241031
117	16	-0.6114570821497338
117	17	-0.6520906988123301
117	18	-0.6016528212339622
117	19	-0.6359273115358945
117	20	-0.6335517833260198
117	21	-0.7091750315455769
117	22	-0.5904873292040236
117	23	-0.35197111543292436
117	24	-0.1871941661100749
117	25	-0.2861628806320553
117	26	-0.0924367274081277
117	27	-0.5299048877354835
117	28	-1.6032281282413123
118	1	-0.4035188723020511
118	2	-0.4156237263818454
118	3	-0.3975601880155537
118	4	-0.46836357256597694
118	5	-0.46188037411440774
118	6	-0.455855034630936
118	7	-0.5140579217406369
118	8	-0.4701706653916986
118	9	-0.5200193625969831
118	10	-0.5489954480601895
118	11	-0.6381224573248829
118	12	-0.6164519748743658
118	13	-0.5689734215482716
118	14	-0.6165252678897915
118	15	-0.6533407135734279
118	16	-0.5357743961410364
118	17	-0.5760743766378269
118	18	-0.566355975267669
118	19	-0.5500599915394631
118	20	-0.7206428542789922
118	21	-0.5877674053339348
118	22	-0.6145854346049617
118	23	-0.7290739595858469
118	24	-0.7275804698853179
118	25	-0.7660756831314828
118	26	-1.021246705597882
118	27	-1.6275821446865493
118	28	-1.6836932445203843
119	1	-0.5039663941659143
119	2	-0.6370498269924454
119	3	-0.6275686096443565
119	4	-0.62155577981666
119	5	-0.6045974288734044
119	6	-0.6514408368677138
119	7	-0.688712045724408
119	8	-0.6578973990837937
119	9	-0.755235128701564
119	10	-0.6724966654343518
119	11	-0.7809289057229378
119	12	-0.728313135772872
119	13	-0.7199630362660869
119	14	-0.7390218151613155
119	15	-0.7399578331373107
119	16	-0.6111987024254972
119	17	-0.6759425815204239
119	18	-0.6744416100387554
119	19	-0.6774610483726207
119	20	-0.7286341232133893
119	21	-0.769227674376296
119	22	-0.6510985403340328
119	23	-0.5284952891545984
119	24	-0.5222906616543312
119	25	-0.16652563844414203
119	26	0.44935058504251657
119	27	0.3214624413007101
119	28	0.8220210411938993
120	1	-0.5787589958780828
120	2	-0.598114272406562
120	3	-0.5933035207804025
120	4	-0.590658153446995
120	5	-0.5696778081555607
120	6	-0.5768493132283794
120	7	-0.6623883502860437
120	8	-0.648554736074189
120	9	-0.6923204187041989
120	10	-0.6704177043045405
120	11	-0.7291871237339933
120	12	-0.7069557873541328
120	13	-0.735445831428784
120	14	-0.6929924685849684
120	15	-0.6948265198485828
120	16	-0.5901476246989716
120	17	-0.6494903173250464
120	18	-0.6775930554345919
120	19	-0.6712841944357706
120	20	-0.7889992698914909
120	21	-0.7953373795817029
120	22	-0.7087772127798289
120	23	-0.8428506606519974
120	24	-0.7654957660427897
120	25	-0.5059760530659005
120	26	-0.6801179375769095
120	27	-0.3241497313815245
120	28	-0.2494075302346701
>>END_MODULE
>>Per sequence quality scores	pass
#Quality	Count
2	178752.0
3	3928.0
4	1959.0
5	2242.0
6	3185.0
7	5264.0
8	4634.0
9	3273.0
10	3285.0
11	3954.0
12	4856.0
13	5576.0
14	6508.0
15	7395.0
16	7974.0
17	9158.0
18	11025.0
19	14266.0
20	19187.0
21	22768.0
22	26098.0
23	29844.0
24	33502.0
25	34826.0
26	33244.0
27	34496.0
28	38572.0
29	43304.0
30	48972.0
31	56494.0
32	67384.0
33	83043.0
34	107771.0
35	160633.0
36	268131.0
37	505967.0
38	1072723.0
39	3089079.0
40	568042.0
>>END_MODULE
>>Per base sequence content	fail
#Base	G	A	T	C
1	5.478592487565204	29.023764547210696	53.57288059619232	11.924762369031782
2	26.650962438368715	34.373541903225465	20.51299303137469	18.462502627031128
3	17.33613669928583	25.91384438116613	18.430071764375874	38.319947155172166
4	27.23565331347378	37.94680783421281	15.180852668934444	19.636686183378963
5	26.344030807178154	30.39026694701384	30.985949314592236	12.279752931215768
6	28.550254526518454	15.177712460094778	38.542455470319034	17.729577543067734
7	19.17645047493594	27.797518740237965	19.44055213209946	33.585478652726636
8	23.014736954024535	36.90211640771001	19.13787807072735	20.945268567538104
9	16.829668073386653	36.710891027202614	34.347266169111776	12.11217473029896
10	27.080848302919936	22.998335375727535	21.72688079737647	28.193935523976055
11	36.861761879892725	8.008999422169074	20.538627227163673	34.590611470774526
12	18.94747779670319	15.705689233285117	32.283682664800374	33.06315030521132
13	20.955243149067073	21.24645537242905	37.4897149920076	20.30858648649628
14	33.0476728013123	29.31057997178384	24.84580568971983	12.795941537184024
15	42.870672287289906	22.319362144667398	22.65446642551808	12.155499142524615
16	17.78920478538793	16.128452493794136	30.176301540093604	35.90604118072434
17	27.738346195332227	25.14674579698229	33.25184396933902	13.863064038346467
18	33.99004551366021	17.99592813777847	24.392254806249415	23.621771542311897
19	29.836352248698372	16.19389984452792	33.430137313444426	20.53961059332928
20	52.159568408181634	14.38626542387213	23.59502493266855	9.85914123527769
21	19.590590357834227	22.23616741326356	27.923937698613916	30.249304530288303
22	32.397295808346975	10.315395754998915	43.75630440596269	13.531004030691419
23	14.416651801492868	25.06135346576449	36.86376594497633	23.658228787766316
24	17.291392138471544	18.65314789133575	42.25485231581915	21.800607654373557
25	21.33507107893229	18.381685322862186	22.87592429415253	37.40731930405299
26	14.321367739349833	16.34392050060572	25.441536793973786	43.89317496607067
27	14.288163606811462	15.316878467626344	25.08624059583165	45.30871732973055
28	12.4802752412241	26.288899811159688	18.651214527769874	42.57961041984634
>>END_MODULE
>>Per sequence GC content	warn
#GC Content	Count
0	3.0
1	3.0
2	4.5
3	5.5
4	5.0
5	5.0
6	5.0
7	11.0
8	22.0
9	31.0
10	35.5
11	41.5
12	55.5
13	86.0
14	125.5
15	190.0
16	289.0
17	429.5
18	709.0
19	1096.5
20	3239.5
21	5986.5
22	6859.5
23	7901.5
24	9864.0
25	18913.5
26	32358.5
27	37884.0
28	46586.0
29	57467.0
30	134608.5
31	255841.0
32	306366.5
33	385590.5
34	552706.5
35	647472.0
36	700340.0
37	714957.0
38	696349.0
39	786009.0
40	863350.5
41	879913.0
42	902504.0
43	1148163.5
44	1398446.5
45	1533889.0
46	1830935.5
47	2000812.0
48	1789497.0
49	1585131.0
50	1320454.0
51	1055777.0
52	866187.0
53	650591.5
54	587258.0
55	518359.5
56	466471.0
57	465097.0
58	484734.0
59	454410.5
60	422565.5
61	397415.5
62	397173.5
63	394856.5
64	346267.0
65	320909.5
66	273338.0
67	220835.0
68	183437.0
69	143776.5
70	129317.5
71	110037.0
72	93836.0
73	91003.5
74	72497.0
75	52072.0
76	42296.0
77	35903.0
78	35188.0
79	37019.0
80	37025.5
81	37780.0
82	40393.5
83	37910.0
84	34863.0
85	27234.0
86	15850.5
87	10185.5
88	8460.0
89	7421.0
90	6747.0
91	6198.0
92	5855.5
93	5450.5
94	4856.5
95	4469.0
96	4411.0
97	3629.0
98	1949.0
99	1051.0
100	1051.0
>>END_MODULE
>>Per base N content	pass
#Base	N-Count
1	1.0775353653368502
2	0.11151865022561987
3	0.01777592785963632
4	0.0022805141094350756
5	0.0
6	0.0
7	0.0
8	0.0
9	1.5102742446589905E-5
10	0.0
11	0.0
12	0.0
13	3.9267130361133755E-4
14	0.004304281597278123
15	0.028423361284482203
16	0.0023862333065612054
17	0.0
18	0.0
19	0.0
20	0.0
21	0.0
22	1.6054850709383578E-4
23	0.003323779314348644
24	0.021142591679023815
25	0.0030152774055213077
26	0.0
27	0.0
28	0.0
>>END_MODULE
>>Sequence Length Distribution	warn
#Length	Count
17	243888.0
18	196895.0
19	215265.0
20	610971.0
21	994242.0
22	2554879.0
23	1109895.0
24	396799.0
25	78906.0
26	73761.0
27	68499.0
28	77314.0
>>END_MODULE
>>Sequence Duplication Levels	fail
#Total Deduplicated Percentage	5.552217961062826
#Duplication Level	Percentage of deduplicated	Percentage of total
1	78.93666403224483	4.382735638262117
2	7.938884822845099	0.8815683780841927
3	3.10325140248485	0.5168978452370936
4	1.7685288928372722	0.39277031533878626
5	1.2017731797269826	0.33362533168018677
6	0.8234082137023779	0.27430451240430004
7	0.6641140453685738	0.25811141516226416
8	0.5092008331067327	0.22617552090906848
9	0.39360870812848786	0.1966861205011553
>10	3.2742575121243336	3.7892951396062093
>50	0.5509421670379709	2.1701203874064507
>100	0.5712949417795271	6.833338321073669
>500	0.10394582550751919	4.028306283274217
>1k	0.11344479128496873	13.196443873873221
>5k	0.023068916888091727	8.836009139659541
>10k+	0.023611714932517416	53.68361177752755
>>END_MODULE
>>Overrepresented sequences	fail
#Sequence	Count	Percentage	Possible Source
AAGCTGCCAGTTGAAGAACTGT	299135	4.517758861760671	No Hit
AACATTCAACGCTGTCGGTGAGT	287480	4.341736398545666	No Hit
TTCAAGTAATCCAGGATAGGCT	262935	3.9710395851941174	No Hit
AACATTCAACGCTGTCGGTGAG	247499	3.7379136527885555	No Hit
TTCACAGTGGCTAAGTTCTG	177225	2.6765835300968965	No Hit
TGAGGTAGTAGGTTGTATAGTT	157553	2.3794823806875796	No Hit
TGAGGTAGTAGATTGTATAGTT	110231	1.664790402630052	No Hit
TCTTTGGTTATCTAGCTGTATGA	85442	1.2904085201215347	No Hit
TGAGATGAAGCACTGTAGCT	83384	1.2593270761664528	No Hit
TCGGATCCGTCTGAGCTTGGCT	82146	1.2406298810175744	No Hit
TTCACAGTGGCTAAGTTCTGC	65495	0.989154116539406	No Hit
TATTGCACTCGTCCCGGCCTCC	61647	0.9310387636049279	No Hit
AACATTCAACGCTGTCGGTGA	60318	0.91096721889341	No Hit
TCACAGTGAACCGGTCTCTTT	57623	0.8702653279998501	No Hit
CCTGTCTGAGCGTCGCT	55966	0.8452400837658507	No Hit
TGAGATGAAGCACTGTAGCTC	48252	0.7287375285328561	No Hit
TGTAAACATCCTCGACTGGAAGCT	47370	0.7154169096949639	No Hit
TGAGGTAGTAGTTTGTACAGTT	47071	0.7109011897034335	No Hit
CAACGGAATCCCAAAAGCAGCTG	40320	0.608942575446505	No Hit
TGAGATGAAGCACTGTAGCTCT	40104	0.6056803830780416	No Hit
AGCTGGTGTTGTGAATCAGGCCG	37555	0.567183492581684	No Hit
TGAGGTAGTAGGTTGTATGGTT	36971	0.5583634909928754	No Hit
TGAGGTAGTAGGTTGTATAGT	34392	0.5194135182231201	No Hit
TGTAAACATCCTTGACTGGAAGCT	34005	0.5135687568962898	No Hit
AGCAGCATTGTACAGGGCTATGA	33024	0.49875296655618506	No Hit
CATTATTACTTTTGGTACGCG	30953	0.46747518694929735	No Hit
TGTAAACATCCCCGACTGGAAGCT	29560	0.44643706672119765	No Hit
TTCAAGTAATCCAGGATAGGCC	29372	0.4435977511412387	No Hit
TCTTTGGTTATCTAGCTGTATG	27540	0.41592952697908603	No Hit
AATATAACACAGATGGCCTGT	27180	0.4104925396983136	No Hit
CGCCTGTCTGAGCGTCGCT	26545	0.400902298244729	No Hit
TGTAAACATCCTCGACTGGA	26303	0.3972474345726543	No Hit
TATTGCACTTGTCCCGGCCTGT	25203	0.3806344178814054	No Hit
TCCCTGAGACCCTAACTTGTGA	23894	0.36086492801881925	No Hit
TCTTTGGTTATCTAGCTGTAT	23827	0.3598530442748977	No Hit
TGAGGTAGTAGATTGTATAGT	23462	0.3543405432818924	No Hit
TGAGACCTCTGGGTTCTGAGCT	23215	0.35061016589758465	No Hit
TGAGATGAAGCACTGTAGCTCA	22593	0.34121626009580575	No Hit
TGAGGTAGTAGGTTGTGTGGTT	21939	0.33133906653573597	No Hit
TCGAGGAGCTCACAGTCTAGT	21444	0.32386320902467397	No Hit
AGCTACATCTGGCTACTGGGTCTC	20002	0.3020850544166913	No Hit
AACATTCATTGCTGTCGGTGGG	19136	0.2890060794579445	No Hit
TGAGGTAGTAAGTTGTATTGTT	19088	0.2882811478205081	No Hit
CCTGTCTGAGCGTCGCC	18890	0.2852908048160833	No Hit
TCACAGTGAACCGGTCTCTT	18697	0.2823759755238915	No Hit
AACATTCAACGCTGTCGGTGAGA	18403	0.27793576924459407	No Hit
AACATTCAACCTGTCGGTGAGT	17857	0.2696896718687559	No Hit
TGAGGTAGTAGTTTGTGCTGTT	17594	0.26571765060530284	No Hit
AACATTCAACCTGTCGGTGAGTT	17195	0.25969165636911345	No Hit
CTAATGGATAAGGCACTG	17159	0.2591479576410362	No Hit
TGTAAACATCCTACACTCTCAGCT	17105	0.25833240954892034	No Hit
TAGTAGACCGTATAGCGTACG	17057	0.25760747791148403	No Hit
TCGGATCCGTCTGAGCTTGGCTT	16815	0.2539526142394093	No Hit
TAGCAGCACGTAAATATTGGCG	16744	0.2528803195257014	No Hit
TTCAAGTAATCCAGGATAGGC	16715	0.25244233999475024	No Hit
GTACAGTACTGTGATAACTGA	15983	0.24138713252384647	No Hit
TAAGGCACGCGGTGAATGCC	15891	0.23999768021876022	No Hit
TAGCACCATCTGAAATCGGTT	15814	0.2388347690503728	No Hit
ATAGTAGACCGTATAGCGTACG	15673	0.2367052823654036	No Hit
TCGGATCCGTCTGAGCTTGGCC	15431	0.23305041869332885	No Hit
CGCGACCTCAGATCAGA	15272	0.23064908264432105	No Hit
TTCAAGTAATCCAGGATAGGCA	14674	0.22161764266126027	No Hit
TATTGCACTTGTCCCGGCCTGTAA	14396	0.2174190802611083	No Hit
ATAGGCGATAGAAATTGAAACCT	14137	0.2135074699674415	No Hit
TTCACAGTGGCTAAGTTCTGCT	13869	0.20945993499175541	No Hit
TGAGGTAGGAGGTTGTATAGTT	13795	0.20834233205070776	No Hit
CATCATCGTCTCAAATGAGTCT	13671	0.20646959198733061	No Hit
TATACAAGGGCAAGCTCTCTGT	13282	0.20059462517560714	No Hit
TATTGCACTCGTCCCGGCCTCA	13164	0.19881250156690952	No Hit
TCGGATCCGTCTGAGCTTGGC	12930	0.1952784598344075	No Hit
AACATTCAACGCTGTCGGTGAGTT	12870	0.1943722952876121	No Hit
AACATTCATTGCTGTCGGTGGGT	12670	0.19135174679829411	No Hit
TCCAGCATCAGTGATTTTGTT	12553	0.1895847259320431	No Hit
TCGGATCCGTCTGAGCTTGG	12417	0.18753075295930688	No Hit
TCGTACGACTCTTAGCGG	12321	0.18608088968443423	No Hit
AACCCGTAGATCCGAACTTGTG	12155	0.18357383443830033	No Hit
AACATTCAACGCTGTCGGTGAGC	12143	0.18339260152894124	No Hit
TCCCTGAGACCCTTTAACCTGT	11919	0.1800095872209051	No Hit
TACAGTACTGTGATAACTGACT	11918	0.1799944844784585	No Hit
CACCCGTAGAACCGACCTTGCG	11881	0.1794356830079347	No Hit
TGAGATGAAGCACTGTAGCC	11762	0.17763845665679048	No Hit
TTATAAAGCAATGAGACTGATT	11564	0.17464811365236568	No Hit
AGCTACATTGTCTGCTGGGTTT	11071	0.16720246162619687	No Hit
TTCAAGTAATCCAGGATAGGCTT	11046	0.16682489306503212	No Hit
TAGCTTATCAGACTGATGTTGA	10621	0.1604062275252314	No Hit
TGTAAACATCCTCGACTGGAA	10597	0.16004376170651324	No Hit
AGCAGCATTGTACAGGGCTATGT	10479	0.15826163809781563	No Hit
TAGCACCATCTGAAATCGGTTA	9898	0.1494869447363469	No Hit
TATTGCACTTGTCCCGGCCTGTA	9793	0.14790115677945495	No Hit
TGTAAACATCCTACACTCAGCT	9524	0.14383851906132225	No Hit
TGAGATGAAGCACTGTAGCTCC	9434	0.1424792722411292	No Hit
AACATTCAACGCTGTCGGTG	9235	0.13947382649425777	No Hit
TTCAAGTAATTCAGGATAGGTT	9216	0.13918687438777258	No Hit
GCGTTCGCGCTTTCCCCTG	9138	0.13800886047693856	No Hit
TAAGGCACGCGGTGAATGCCA	9000	0.13592468201930916	No Hit
CTCAATAGGATTACGCTGAGGCCC	8881	0.13412745566816495	No Hit
TACAGTACTGTGATAACTGAAG	8825	0.13328170209115592	No Hit
GTACAGTACTGTGATAACT	8744	0.13205837995298214	No Hit
CGCCTGTCTGAGCGTCGCC	8681	0.13110690717884696	No Hit
TCGAGGAGCTCACAGTCTAGTA	8661	0.13080485232991518	No Hit
TCCAGCATCAGTGATTTTGTTG	8556	0.12921906437302325	No Hit
TATTGCACTCGTCCCGGCCTC	8424	0.12722550237007338	No Hit
AGCAGCATTGTACAGGGCTATG	8346	0.12604748845923935	No Hit
TCCGGCCGTGTCGGCGG	8316	0.12559440618584167	No Hit
TCACAGTGAACCGGTCTCTTTT	8186	0.12363104966778497	No Hit
TAGCTTATCAGACTGATGTTGAC	8156	0.12317796739438729	No Hit
AACATTCAACGCTGTCGGTGAGG	8030	0.12127502184611696	No Hit
GTACAGTACTGTGATAACTGAA	7957	0.12017252164751588	No Hit
TCGGATCCGTCTGAGCTTGGCTTT	7629	0.1152188221250344	No Hit
AAGCTGCCAGTTGAAGAACTGC	7615	0.11500738373078213	No Hit
TTCAAGTAATCCAGGATAGGCG	7511	0.1134366985163368	No Hit
ACTTAACTTGACCGCTCTGACC	7429	0.11219827363571641	No Hit
TCGGATCCGTCTGAGCTTGGCTAT	7427	0.11216806815082324	No Hit
TACAGTACTGTGATAACTGAA	7417	0.11201704072635733	No Hit
TATTGCACTTGTCCCGGCCTGTAT	7364	0.11121659537668806	No Hit
CACCCGTAGAACCGACCTTGC	7351	0.1110202597248824	No Hit
TTCACAGTGGCTAAGTTCTGCA	7282	0.1099781704960677	No Hit
TGTAAACATCCCCGACTGGAAGC	7255	0.10957039645000978	No Hit
TACGCCTGTCTGAGCGTCGCT	7237	0.10929854708597116	No Hit
TCCCTGAGACCCTTTAACCTGTGA	7231	0.10920793063129161	No Hit
TATTGCACTCGTCCCGGCCTCCA	7109	0.10736539605280765	No Hit
TGAGGTAGTAGGTTGTATAGTTA	7086	0.10701803297653609	No Hit
GTCCGGCCGTGTCGGCGG	7051	0.10648943699090543	No Hit
CCTGTCTGAGCGTCGCTT	7045	0.1063988205362259	No Hit
TGTAAACATCCTCGACTGGAAGC	7026	0.1061118684297407	No Hit
TCGGATCCGTCTGAGCTTGGCA	6943	0.10485834080667372	No Hit
TCGGATCCGTCTGAGCTTGGCTA	6927	0.10461669692752827	No Hit
TCCCTGAGACCCTAACTTGTGAA	6913	0.10440525853327604	No Hit
CATTATTACTTTTGGTACGCC	6841	0.10331786107712156	No Hit
TACAGTACTGTGATAACTGACC	6822	0.10303090897063635	No Hit
TCTGGCTCCGTGTCTTCACTCCC	6722	0.10152063472597735	No Hit
TGAGGTAGTAGGTTGTGTGGTTT	6713	0.10138471004395805	No Hit
AGAGGTAGTAGGTTGCATAGTT	6705	0.10126388810438533	No Hit
TACCTGGTTGATCCTGCC	6634	0.10019159339067743	No Hit
>>END_MODULE
>>Adapter Content	pass
#Position	Illumina Universal Adapter	Illumina Small RNA 3' Adapter	Illumina Small RNA 5' Adapter	Nextera Transposase Sequence	SOLID Small RNA Adapter
1	0.0	0.0	0.0	0.0	0.0
2	0.0	0.0	0.0	0.0	0.0
3	0.0	0.0	0.0	0.0	0.0
4	0.0	0.0	0.0	0.0	0.0
5	1.5102742446589907E-5	0.0	0.0	0.0	0.0
6	1.5102742446589907E-5	0.0	0.0	0.0	0.0
7	1.5102742446589907E-5	0.0	0.0	0.0	0.0
8	1.5102742446589907E-5	0.0	0.0	0.0	0.0
9	1.5102742446589907E-5	0.0	0.0	0.0	0.0
10	1.5102742446589907E-5	0.0	0.0	0.0	0.0
11	1.5102742446589907E-5	0.0	0.0	0.0	0.0
12	1.5102742446589907E-5	0.0	0.0	0.0	0.0
13	1.5102742446589907E-5	0.0	0.0	0.0	0.0
14	1.5102742446589907E-5	0.0	0.0	0.0	0.0
15	1.5102742446589907E-5	0.0	0.0	0.0	0.0
16	1.5102742446589907E-5	0.0	0.0	0.0	0.0
>>END_MODULE
>>Kmer Content	warn
#Sequence	Count	PValue	Obs/Exp Max	Max Obs/Exp Position
TCCGCGA	5	0.0043823617	1366.4465	22
CTCTTAT	5	0.0043823617	1366.4465	22
AACGACC	5	0.0043823617	1366.4465	22
TAGTCTT	220	0.0	1118.0018	22
GCACCCA	230	0.0	1039.6876	22
TCTGATA	145	0.0	989.4958	22
TATGAAC	45	0.0	910.96436	22
TACGCCA	50	0.0	819.8679	22
GGAATAA	170	0.0	803.7921	22
GGATTCC	230	0.0	712.92865	22
GCGACCC	485	0.0	690.2668	22
TAGTCTA	110	0.0	683.2233	22
GCGACCA	30	2.5189001E-7	683.22327	22
CCGACGC	30	2.5189001E-7	683.22327	22
TACACCA	45	0.0	639.82526	21
ATGGCCA	155	0.0	617.1049	22
GGCGACC	375	0.0	604.63495	21
GCGGACC	280	0.0	585.62	22
ACTCACC	235	0.0	581.4666	22
CTAGTCT	920	0.0	555.5005	21
>>END_MODULE
