##FastQC	0.11.5
>>Basic Statistics	pass
#Measure	Value
Filename	cc6
File type	Conventional base calls
Encoding	Illumina 1.5
Total Sequences	5334498
Sequences flagged as poor quality	0
Sequence length	17-28
%GC	47
>>END_MODULE
>>Per base sequence quality	pass
#Base	Mean	Median	Lower Quartile	Upper Quartile	10th Percentile	90th Percentile
1	36.43424648392407	39.0	38.0	40.0	31.0	40.0
2	36.309472606419575	39.0	38.0	40.0	30.0	40.0
3	36.31743811695121	39.0	38.0	40.0	30.0	40.0
4	36.20714995112942	39.0	38.0	40.0	30.0	40.0
5	36.32845602341589	39.0	38.0	40.0	30.0	40.0
6	36.141243843375705	39.0	37.0	40.0	29.0	40.0
7	36.31174554756605	39.0	38.0	40.0	30.0	40.0
8	36.221432832105286	39.0	38.0	40.0	29.0	40.0
9	36.147965375561114	39.0	38.0	40.0	29.0	40.0
10	35.96658392223598	39.0	38.0	40.0	28.0	40.0
11	36.50102577599617	39.0	38.0	40.0	31.0	40.0
12	36.346113917373295	39.0	38.0	40.0	30.0	40.0
13	36.323224228409124	39.0	38.0	40.0	30.0	40.0
14	36.28496758270413	39.0	38.0	40.0	30.0	40.0
15	36.2899215633786	39.0	38.0	40.0	30.0	40.0
16	36.40573883428206	39.0	38.0	40.0	31.0	40.0
17	36.263744029897474	39.0	38.0	40.0	31.0	40.0
18	36.25362419925711	39.0	38.0	40.0	31.0	40.0
19	36.160240089472026	39.0	38.0	40.0	30.0	40.0
20	36.13251302389506	39.0	38.0	40.0	30.0	40.0
21	35.93507996048303	39.0	37.0	40.0	30.0	40.0
22	36.25699162506727	39.0	38.0	40.0	31.0	40.0
23	35.79636068861062	39.0	36.0	40.0	29.0	40.0
24	35.67000703126128	39.0	36.0	40.0	29.0	40.0
25	35.614814814814814	39.0	36.0	40.0	29.0	40.0
26	35.23821835198172	38.0	35.0	40.0	29.0	40.0
27	35.89683187804929	39.0	36.0	40.0	30.0	40.0
28	35.624780710701316	39.0	36.0	40.0	29.0	40.0
>>END_MODULE
>>Per tile sequence quality	fail
#Tile	Base	Mean
1	1	-1.077016270861023
1	2	-1.1836424129194825
1	3	-1.086502138673282
1	4	-1.0905817389414452
1	5	-1.118280316961176
1	6	-1.0558321286413914
1	7	-1.0919487100424234
1	8	-1.1111419237550493
1	9	-1.0904601696094431
1	10	-0.8665575464132402
1	11	-1.0017035057119585
1	12	-1.025101275254677
1	13	-1.0014253020680002
1	14	-1.0486592981907066
1	15	-1.1315293830973303
1	16	-1.093488258095519
1	17	-1.1267573780274205
1	18	-1.045004912502094
1	19	-1.0834401473198056
1	20	-1.2412897088586377
1	21	-1.1434701865771473
1	22	-0.9859441088800409
1	23	-1.2610767457666228
1	24	-0.9954777331459681
1	25	-0.9539621528573647
1	26	-0.6075938598943154
1	27	-0.9315160539404133
1	28	-1.495802784849829
2	1	-0.9343528890067745
2	2	-1.1628677592032801
2	3	-1.1516946396487455
2	4	-1.1394932261681916
2	5	-1.0600735560041556
2	6	-1.176347214946162
2	7	-1.1716964363648046
2	8	-1.1859453789837033
2	9	-1.1757532009140235
2	10	-0.9321108513637455
2	11	-0.9946481391575048
2	12	-1.0377149591356698
2	13	-1.0457121076741487
2	14	-1.0134906042961092
2	15	-1.0276845265504235
2	16	-1.0725323760029966
2	17	-1.0151444404935788
2	18	-1.0475280306738526
2	19	-1.1187109936593558
2	20	-1.0686755347381123
2	21	-1.0536052068120938
2	22	-0.9284372301783677
2	23	-1.1484351238226722
2	24	-1.3804318863117615
2	25	-0.9910471087909585
2	26	-1.2039308562313096
2	27	-0.8924701823807766
2	28	-2.223988597781407
3	1	-1.10330047327286
3	2	-1.2013947024319407
3	3	-1.1242337705549161
3	4	-1.1365405839334457
3	5	-1.1028323644353577
3	6	-1.1268696870813741
3	7	-1.0533085047817252
3	8	-1.0081436980222662
3	9	-1.0769466316827803
3	10	-0.7506750812019902
3	11	-0.8599785451855837
3	12	-0.8909060046927451
3	13	-0.8611999565290347
3	14	-0.9193442720304645
3	15	-0.9612762970987134
3	16	-0.8747203716945293
3	17	-0.859688504451185
3	18	-0.8745639458600749
3	19	-0.8834445777855819
3	20	-0.9753485148014533
3	21	-1.0197613689608076
3	22	-0.9286284149077488
3	23	-0.9746208408368418
3	24	-1.341752070523512
3	25	-2.6715531049008305
3	26	-1.428388449919673
3	27	-0.9673180341384295
3	28	-1.0202848940776974
4	1	-0.7609960467524957
4	2	-0.8445391077643691
4	3	-0.8854409000806385
4	4	-0.788323064558007
4	5	-0.7417811741347293
4	6	-0.7866552605896615
4	7	-0.7093951438811459
4	8	-0.7682158774328869
4	9	-0.7970743258322699
4	10	-0.5074187624588404
4	11	-0.6459092086886074
4	12	-0.7418711008022711
4	13	-0.7672039335661722
4	14	-0.7036232924210992
4	15	-0.661928148078637
4	16	-0.7235220087560563
4	17	-0.767659618138417
4	18	-0.7010859798605011
4	19	-0.6654744963422488
4	20	-0.6892178213439806
4	21	-0.7368003695848628
4	22	-0.68170244276034
4	23	-0.58694334054222
4	24	-0.20179414024300257
4	25	0.13423183260198357
4	26	0.25655179836898867
4	27	0.6226593846560817
4	28	0.20193732814452403
5	1	-0.901929799154658
5	2	-1.0754935582125071
5	3	-0.8011257405894909
5	4	-0.9077137940671207
5	5	-0.8990510646062404
5	6	-0.775044502134719
5	7	-0.7693039445245233
5	8	-0.9132387553198029
5	9	-0.7958997894964241
5	10	-0.5076898959783307
5	11	-0.6783146659198636
5	12	-0.6395997351181748
5	13	-0.7547974177434753
5	14	-0.7261165742678273
5	15	-0.6365551237587326
5	16	-0.756654464378208
5	17	-0.7695524411962325
5	18	-0.7226622694952454
5	19	-0.7105399240096801
5	20	-0.7831183349055877
5	21	-0.5083788167380305
5	22	-0.6195894257811574
5	23	-0.4759565010282145
5	24	-0.6936622513810633
5	25	-1.2219625348283358
5	26	-0.5266988512884652
5	27	-0.4424655488899063
5	28	-1.691396005188814
6	1	-0.8664912800282139
6	2	-0.866193839689096
6	3	-0.8903241126725518
6	4	-0.869363607943697
6	5	-0.7602667458459322
6	6	-0.7714786068081452
6	7	-0.752514553060351
6	8	-0.7800041836566791
6	9	-0.8417244295612605
6	10	-0.5155096209111463
6	11	-0.6032485190331585
6	12	-0.6357214702461107
6	13	-0.6795433220405442
6	14	-0.6355124005224511
6	15	-0.6350568873428131
6	16	-0.6387865324465807
6	17	-0.635665971491413
6	18	-0.6699091638030197
6	19	-0.6454389243858429
6	20	-0.8173105967647132
6	21	-0.7804167787343772
6	22	-0.7119283122824882
6	23	-0.49948026556548797
6	24	0.1876943286086572
6	25	0.14214703980755417
6	26	0.5047100211956916
6	27	0.0428685614442017
6	28	0.44703536736020766
7	1	-0.6370320733233754
7	2	-0.7731434732793332
7	3	-0.7171187500226495
7	4	-0.7231557309678394
7	5	-0.7271145949824316
7	6	-0.6605343586804935
7	7	-0.6483246151332196
7	8	-0.6311396915935177
7	9	-0.6586978963646075
7	10	-0.3993294515902619
7	11	-0.5392385100003381
7	12	-0.5757666871524876
7	13	-0.5500597129660463
7	14	-0.6203765203421483
7	15	-0.5665196179447705
7	16	-0.573967955594405
7	17	-0.6691514067404043
7	18	-0.56288533300647
7	19	-0.4993708418131817
7	20	-0.5332924475817578
7	21	-0.5873546176997522
7	22	-0.5478261757167502
7	23	-0.40248908247799875
7	24	-0.0706381557088065
7	25	-0.05637811924392366
7	26	0.1861418161943007
7	27	0.4563300999057418
7	28	1.1054461000743458
8	1	-0.6083106954345112
8	2	-0.6900610510758014
8	3	-0.6041283687103842
8	4	-0.6163091087619392
8	5	-0.5641339863516777
8	6	-0.6519557803983531
8	7	-0.6080216027781873
8	8	-0.5825026549074579
8	9	-0.6866404211516866
8	10	-0.3618810691171248
8	11	-0.5590276569933152
8	12	-0.5900773281219358
8	13	-0.6339994658652728
8	14	-0.6478432043824682
8	15	-0.5384043239943566
8	16	-0.5725391895583201
8	17	-0.6418819531813682
8	18	-0.6570090338420087
8	19	-0.6892016227782989
8	20	-0.7542920197648613
8	21	-0.7132196745688972
8	22	-0.5870937029264738
8	23	-0.7835540990001704
8	24	-1.2698944986659413
8	25	-1.6316484664266184
8	26	-0.6855159378163975
8	27	-0.956775313199671
8	28	-0.09691324656812128
9	1	-0.6455731522256727
9	2	-0.6948697879927082
9	3	-0.6239310232685398
9	4	-0.7147554575400505
9	5	-0.6528313980370299
9	6	-0.6302692808259209
9	7	-0.640333019546226
9	8	-0.6444989934479395
9	9	-0.6997260439009096
9	10	-0.36528014411682364
9	11	-0.53086043428263
9	12	-0.5882469596875737
9	13	-0.6287887512784494
9	14	-0.6611589932222444
9	15	-0.6616153878651474
9	16	-0.6031050898076415
9	17	-0.7142437150178793
9	18	-0.6972911084552962
9	19	-0.7549258464096411
9	20	-0.6551649596707279
9	21	-0.725164239972699
9	22	-0.7066924727777106
9	23	-0.7644183578686778
9	24	-0.15287105320212646
9	25	0.2809234680576651
9	26	0.51789943134483
9	27	0.6149839460595885
9	28	0.29717542338261893
10	1	-0.44132818033612864
10	2	-0.39717458117515747
10	3	-0.40655774724145743
10	4	-0.39457133358173024
10	5	-0.428278005443822
10	6	-0.38715376403364843
10	7	-0.3327936658991675
10	8	-0.27922825397233453
10	9	-0.32753560915090674
10	10	-0.004910973656379269
10	11	-0.18920299305409571
10	12	-0.24256393439507207
10	13	-0.22655231020581823
10	14	-0.20976459538188408
10	15	-0.2773980898233077
10	16	-0.23436438924661473
10	17	-0.29155344158970564
10	18	-0.2732969584795413
10	19	-0.31973946874640546
10	20	-0.3923429531328537
10	21	-0.4505210101595267
10	22	-0.29255995134137436
10	23	-0.2014200674644897
10	24	-0.2690834686578327
10	25	-0.6994921994083612
10	26	-0.7290960690253883
10	27	-1.4245802741238975
10	28	-0.7513960051888091
11	1	-0.5776711992208377
11	2	-0.6234181926253584
11	3	-0.640053868621905
11	4	-0.6544914567137852
11	5	-0.601640683365936
11	6	-0.687012102440832
11	7	-0.6248812370205243
11	8	-0.5845010195545512
11	9	-0.6311355669604808
11	10	-0.9104995925398924
11	11	-0.49770021418490273
11	12	-0.5609205112021343
11	13	-0.5732289583566867
11	14	-0.5830416739850435
11	15	-0.5587917134707396
11	16	-0.5069158638118907
11	17	-0.5588905998047906
11	18	-0.498085600211823
11	19	-0.5093552922534386
11	20	-0.5855036618229335
11	21	-0.5786477083662191
11	22	-0.520493960274635
11	23	-0.5603330555136097
11	24	-0.2267672413895454
11	25	-0.3651338796125856
11	26	-0.3385462408466964
11	27	-1.1049234613478163
11	28	-0.4647293385221474
12	1	-0.37471169208158983
12	2	-0.43897319848113625
12	3	-0.4554798406104723
12	4	-0.500942133462793
12	5	-0.3858252103204194
12	6	-0.5743694196982361
12	7	-0.6466429076476032
12	8	-0.5956310193603827
12	9	-0.5788216632692524
12	10	-1.436426733394704
12	11	-0.7218970162476737
12	12	-0.7246465243445215
12	13	-0.7306093277496757
12	14	-0.7841959067110551
12	15	-0.758605345250011
12	16	-0.5774936637039474
12	17	-0.5366452494993084
12	18	-0.4942608813618108
12	19	-0.4834672671557385
12	20	-0.5485882047080324
12	21	-0.5736662309769542
12	22	-0.39040833844612877
12	23	-0.2513676353206904
12	24	-0.06473264389778421
12	25	0.5116926988268986
12	26	1.2649467731253594
12	27	0.694589209217483
12	28	0.9430720799175702
13	1	-0.4761307940997739
13	2	-0.4894098352893579
13	3	-0.5054755001555549
13	4	-0.4965508887434069
13	5	-0.4852986872256366
13	6	-0.44052951640616556
13	7	-0.4330192237933872
13	8	-0.4960323170916183
13	9	-0.4202589822415064
13	10	-0.16463781166088154
13	11	-0.345668780875819
13	12	-0.37226549329860603
13	13	-0.42441666467327366
13	14	-0.4099579966595357
13	15	-0.4002856001318875
13	16	-0.41469492541588693
13	17	-0.38680895591094355
13	18	-0.41723402706510626
13	19	-0.4196921807685001
13	20	-0.4594828626986853
13	21	-0.4997810630999666
13	22	-0.5134872901976308
13	23	-0.3838231755292085
13	24	-0.3482503111257955
13	25	-0.5106825484391777
13	26	-0.5266988512884652
13	27	0.8874354023702651
13	28	0.8686039948111883
14	1	-0.40545669690185804
14	2	-0.4999253210684671
14	3	-0.47551134743378753
14	4	-0.46491145652422716
14	5	-0.5168632600127196
14	6	-0.4744172624232945
14	7	-0.46545373777451715
14	8	-0.5089736747167066
14	9	-0.538614008825931
14	10	-0.2201605995646645
14	11	-0.39383323292874906
14	12	-0.3944206883567176
14	13	-0.4073156800985842
14	14	-0.478973064984082
14	15	-0.47571540249765576
14	16	-0.49814814040205135
14	17	-0.502571608353783
14	18	-0.4952132793956494
14	19	-0.5337020879293704
14	20	-0.488266192604776
14	21	-0.5833923076693566
14	22	-0.7044941407474781
14	23	-0.9141209584001402
14	24	-1.777993973911208
14	25	-1.3796226713020303
14	26	-1.6532048753848514
14	27	-2.1554368460196187
14	28	-3.0235528679339083
15	1	-0.5138396312415807
15	2	-0.5860070354621598
15	3	-0.5735280020742692
15	4	-0.6039346658275875
15	5	-0.5375010333506296
15	6	-0.5406246700598416
15	7	-0.512694316833624
15	8	-0.5141594708624524
15	9	-0.536228587655053
15	10	-0.26167736482810966
15	11	-0.42288302536778843
15	12	-0.44758262222099177
15	13	-0.4852081007778821
15	14	-0.4794431285267251
15	15	-0.47619202272061045
15	16	-0.4873062491999036
15	17	-0.39705942402431305
15	18	-0.5060748628504754
15	19	-0.5232838759682323
15	20	-0.48468690476168774
15	21	-0.5986938257697787
15	22	-0.5743354542679313
15	23	-0.9908221888841595
15	24	-0.9225022084165033
15	25	-1.0471416660419521
15	26	-1.1954427925708373
15	27	-1.0069219945344727
15	28	-1.5725724757770436
16	1	-0.2411712761634277
16	2	-0.2644781056339198
16	3	-0.1957583044312301
16	4	-0.27950580930973956
16	5	-0.26782417982243345
16	6	-0.28304108485355783
16	7	-0.28009215152584943
16	8	-0.31111511176442974
16	9	-0.421141545245284
16	10	-0.04958712655672315
16	11	-0.13835320083296665
16	12	-0.1745866850137432
16	13	-0.23251787883509678
16	14	-0.2369192311074002
16	15	-0.24044146658008714
16	16	-0.2291550345284037
16	17	-0.2873884285938004
16	18	-0.290993336452793
16	19	-0.3019136615378528
16	20	-0.2935442590583719
16	21	-0.25254861019035957
16	22	-0.2157773915271477
16	23	-0.44861212167408837
16	24	0.04533519130917085
16	25	0.5119892276948548
16	26	0.056651499266294536
16	27	-0.13943524585960176
16	28	0.05908018528737813
17	1	-0.38345641580320233
17	2	-0.44953712026001114
17	3	-0.4273264660802809
17	4	-0.5024158888917398
17	5	-0.4533991131615238
17	6	-0.4080933062073555
17	7	-0.3796824483486816
17	8	-0.5042323244878943
17	9	-0.45014388486470835
17	10	-0.14815103290411713
17	11	-0.27349111916262103
17	12	-0.3407087080111779
17	13	-0.3144109305302578
17	14	-0.3281093024470394
17	15	-0.341623711782276
17	16	-0.4530675585579331
17	17	-0.4753861244309405
17	18	-0.46299355973886946
17	19	-0.5106519093328501
17	20	-0.47525265895997393
17	21	-0.5394517405011996
17	22	-0.56806204900262
17	23	-0.5131024880512456
17	24	0.028876088204853545
17	25	-0.9532406025549989
17	26	-1.3283311870832577
17	27	-0.18889536428523712
17	28	-1.2266341004269066
18	1	0.043495457651779645
18	2	0.030672731109625317
18	3	0.03513096035105434
18	4	-0.025895588609088804
18	5	0.020738311762364958
18	6	0.08856588018108624
18	7	0.05890952268810423
18	8	0.09626087889292023
18	9	0.04407094009192747
18	10	0.3057344474743715
18	11	0.20109868013966548
18	12	0.18189285527486732
18	13	0.15870144526981278
18	14	0.17515262337270343
18	15	0.16818424847402724
18	16	0.06028838365092781
18	17	0.037253183358920694
18	18	0.08806319414598818
18	19	-0.010888219912303043
18	20	0.05410795734049856
18	21	0.08827264253548606
18	22	0.2897217132587997
18	23	-0.04447008364083871
18	24	-0.06753043247208979
18	25	-0.41239990015359496
18	26	-0.9541376386961602
18	27	-1.057406163830521
18	28	-1.044439483449679
19	1	-0.15802341532006636
19	2	-0.17533069462114526
19	3	-0.10165346816103948
19	4	-0.15088178122472584
19	5	-0.15624090315279204
19	6	-0.08331265310804525
19	7	-0.11376825019704029
19	8	-0.1208374361813469
19	9	-0.13198129684000293
19	10	0.13912424798186152
19	11	-0.10686443381233346
19	12	-0.07998522603886471
19	13	-0.12858575767864266
19	14	-0.11055694980186104
19	15	-0.1495302882901015
19	16	-0.14982808962430028
19	17	-0.13636784719211903
19	18	-0.16048282422107718
19	19	-0.2517575876196503
19	20	-0.29688831873427546
19	21	-0.34033354097808655
19	22	-0.211200625389111
19	23	0.03570151935596755
19	24	-0.3909984720183104
19	25	-0.18425830357571726
19	26	-0.24446021934132034
19	27	0.11062348094331043
19	28	-1.4519088257016293
20	1	-0.10509862974060269
20	2	-0.11372754325665824
20	3	-0.04996328332138944
20	4	-0.08068423144727888
20	5	-0.09780015137162934
20	6	0.016877891001243484
20	7	0.010948494715762536
20	8	0.02553045377538865
20	9	0.03227340466785478
20	10	0.23621256433180804
20	11	0.08933719283983521
20	12	0.13554133313567007
20	13	0.10200589957344874
20	14	0.08508030539964295
20	15	0.020059001269004284
20	16	0.021653377346076752
20	17	-0.023922128539609844
20	18	0.11717166756476871
20	19	-0.057234548825718434
20	20	-0.016344889560713227
20	21	-0.08913981970787432
20	22	-0.10187699030164055
20	23	-0.15764990533873657
20	24	-0.06627027358248938
20	25	-0.9541613704754468
20	26	-1.7025247354703552
20	27	-0.7004572304109971
20	28	-1.603618227411033
21	1	-0.09604739994944111
21	2	-0.047850007158274366
21	3	-0.06530925413694888
21	4	-0.07171152773106115
21	5	-0.05714819746766153
21	6	0.010889358404092775
21	7	0.016958119027265184
21	8	-0.060526661144891136
21	9	-0.02441787861334177
21	10	0.27059735868398604
21	11	-0.005386164989936049
21	12	9.614133851343354E-4
21	13	-0.02675350021043954
21	14	0.03262571658171254
21	15	0.010660749681989046
21	16	0.025891658194694855
21	17	-0.02467778878057203
21	18	0.06255733808939823
21	19	-0.022140242643700958
21	20	0.07055221504116815
21	21	-0.01776431493669861
21	22	0.004935004404558185
21	23	-0.441390466214699
21	24	-0.20028271821078647
21	25	-1.1353824482482509
21	26	-0.7207559786744113
21	27	-0.33135443777879203
21	28	1.2058132971367712
22	1	-0.2151181044235102
22	2	-0.1862957046468452
22	3	-0.15802155756487224
22	4	-0.21403837106576873
22	5	-0.19078926552323594
22	6	-0.1130369696798681
22	7	-0.16894639193159833
22	8	-0.1710003062365928
22	9	-0.16822844293027117
22	10	0.09721576017720679
22	11	-0.14283223690150493
22	12	-0.1866335894649538
22	13	-0.183083484227609
22	14	-0.15800867892074422
22	15	-0.21253237993542484
22	16	-0.24766276167319745
22	17	-0.22390714801429112
22	18	-0.13590702599525173
22	19	-0.15996479812624642
22	20	-0.1631345845960226
22	21	-0.21463855579682445
22	22	-0.11970010596655811
22	23	0.04532234863833651
22	24	-0.15740312530500233
22	25	0.08647902361322224
22	26	0.665999213698754
22	27	0.8337339460595885
22	28	0.5801424563496482
23	1	-0.11141013408727929
23	2	-0.14494343546500232
23	3	-0.11408960902046061
23	4	-0.11474936537781844
23	5	-0.14922219805977477
23	6	-0.1534139466640525
23	7	-0.13434076877658185
23	8	-0.2026269532234224
23	9	-0.19453403248554935
23	10	0.05925766384198283
23	11	-0.10673682566478959
23	12	-0.09949058660897236
23	13	-0.11786340598823841
23	14	-0.18719364544101325
23	15	-0.1485713916233351
23	16	-0.12312325798922785
23	17	-0.17880790880820996
23	18	-0.20444881201773768
23	19	-0.23707214591880899
23	20	-0.22978690288318404
23	21	-0.1303692466416635
23	22	-0.1828216227057382
23	23	0.11900841636898463
23	24	-0.07207952888444424
23	25	0.11375175088594602
23	26	0.10669185439139994
23	27	0.001978895554536564
23	28	1.613501953994863
24	1	-0.05135676309468806
24	2	0.024377108393359492
24	3	-0.008126791423315183
24	4	-0.05808899563238157
24	5	-0.05182380469171477
24	6	-0.028877351158712372
24	7	-0.01816165499182887
24	8	-0.08805905651738044
24	9	-0.1102320125799423
24	10	0.2426484642234641
24	11	-8.709072924517614E-4
24	12	0.022533353918746002
24	13	0.07449286525623222
24	14	0.03321113043750046
24	15	0.0010844174393440653
24	16	0.009925185509665368
24	17	-0.02092116780119113
24	18	0.018103933915107007
24	19	-0.001014526813946759
24	20	-0.01309305177689879
24	21	-0.07842080863817813
24	22	-0.03250431429624712
24	23	-0.07569881752450414
24	24	-0.5593171090492461
24	25	-0.311669124534923
24	26	-0.32187957418003066
24	27	0.22595333381469374
24	28	0.8301424563496482
25	1	-0.0783678041041469
25	2	-0.0621765193668935
25	3	-0.06412048227505096
25	4	-0.0989012984715032
25	5	-0.05142948292515115
25	6	-0.02256820289372996
25	7	-0.0290055035722645
25	8	-0.04428934042905297
25	9	-0.07612317977237382
25	10	0.21524310144743453
25	11	0.051179565893662016
25	12	0.05309329082726322
25	13	0.05201652456222661
25	14	0.008171698260845517
25	15	0.044065489994544293
25	16	-0.01807165991620252
25	17	-0.033145142564592334
25	18	-0.006849156552256375
25	19	-0.00783189323916389
25	20	-0.02042752808877424
25	21	-0.19961032360085795
25	22	-0.07503238720244099
25	23	-0.022925969401832447
25	24	0.3985278740453708
25	25	-0.004430067295871254
25	26	0.09028258798213074
25	27	0.47353657763853363
25	28	0.5550446727772922
26	1	-0.18830175101008706
26	2	-0.24759178919106262
26	3	-0.002500416716578968
26	4	-0.08161815865047117
26	5	-0.11386872409313753
26	6	0.05404853161521572
26	7	0.03941428438857031
26	8	-0.17812349141139094
26	9	-0.03348864628418369
26	10	0.274583947503487
26	11	-0.03524162898525418
26	12	0.09509588666439583
26	13	0.003982698685433661
26	14	0.009306728200598968
26	15	0.14040212934111196
26	16	-0.015683288240687432
26	17	0.05158220904645816
26	18	0.05332947109452135
26	19	0.17984779141417562
26	20	0.13388865979182896
26	21	0.19159387189294108
26	22	0.28349833898687393
26	23	0.5518026393338928
26	24	0.3933533645819267
26	25	0.5101632341395401
26	26	0.2514537591532999
26	27	-1.7432149786715954
26	28	-3.831396005188811
27	1	0.06889037935277287
27	2	0.03589626746772723
27	3	0.022080422498405028
27	4	0.03546205111266687
27	5	0.0690066660993196
27	6	0.11700129700700046
27	7	0.08178031943752728
27	8	0.12099419307214276
27	9	0.14253316388396797
27	10	0.3943487355609605
27	11	0.1661120309049906
27	12	0.16297272527294382
27	13	0.17981120622125957
27	14	0.15860241895970262
27	15	0.15073705187115394
27	16	0.11219452500297677
27	17	0.1016689786454279
27	18	0.1124768349802423
27	19	0.18632223033938544
27	20	0.11107045971707663
27	21	0.11278305439036274
27	22	0.01210931098842849
27	23	0.16353808517029478
27	24	-0.0912790761480764
27	25	0.2727535334171449
27	26	0.4581204258199705
27	27	-1.476328877814126E-4
27	28	0.26443732814452403
28	1	0.07968341387666555
28	2	0.16747778023376725
28	3	0.11556139760710238
28	4	0.0958825331286377
28	5	0.12848848162465032
28	6	0.2460882052639377
28	7	0.20250967066647974
28	8	0.2420870808451312
28	9	0.26986795640812744
28	10	0.5067592098570088
28	11	0.2882584582085528
28	12	0.3039539036433254
28	13	0.2526856323591815
28	14	0.32624637854564753
28	15	0.2770902715765118
28	16	0.26309628239143734
28	17	0.24288533682391034
28	18	0.2884488416158675
28	19	0.21910632720881296
28	20	0.24803471817332934
28	21	0.1910514907942371
28	22	0.26707320872490214
28	23	0.09552600141140033
28	24	-0.5129337908855618
28	25	-1.1789848939125491
28	26	-1.594606846907304
28	27	-2.14232124874561
28	28	-2.246780620573425
29	1	0.2755206051644308
29	2	0.2936999990649838
29	3	0.3244167341199926
29	4	0.21940533242919713
29	5	0.19624798515493325
29	6	0.20625348241068764
29	7	0.17055190216146343
29	8	0.2254380692936664
29	9	0.26252984405169144
29	10	0.46486006092872856
29	11	0.16575681698838451
29	12	0.19501166983479834
29	13	0.1906349579124509
29	14	0.17454151956587793
29	15	0.17565092846493258
29	16	0.18303685717701512
29	17	0.2179326782933657
29	18	0.24498589430676532
29	19	0.25873640063337433
29	20	0.25923392474092566
29	21	0.22988609227288492
29	22	0.21722510865968303
29	23	-0.043766422710746156
29	24	0.09059379231562303
29	25	0.4497795162240621
29	26	-0.4680334203338745
29	27	-0.8239205483224339
29	28	0.9990387774198837
30	1	0.18668802952511498
30	2	0.2273575588468475
30	3	0.27179192709898103
30	4	0.22359979668673446
30	5	0.20623775875358774
30	6	0.2792298654804384
30	7	0.28826151285380774
30	8	0.256535397964214
30	9	0.21732382104931958
30	10	0.5303727772546765
30	11	0.27437443407290374
30	12	0.31833170483076856
30	13	0.24945249344677478
30	14	0.30659875294617933
30	15	0.28601964109787303
30	16	0.29381093652900603
30	17	0.1381928491873694
30	18	0.2507462862813412
30	19	0.2780592298599345
30	20	0.27457796566751114
30	21	0.2851464678408533
30	22	0.3204684060690042
30	23	0.5482893652199863
30	24	0.9421161991215641
30	25	0.6635818273515426
30	26	0.14263655485222415
30	27	0.018776080891051095
30	28	-0.6526726009334922
31	1	0.013927142097010403
31	2	0.02912419812375333
31	3	-0.08852031612205025
31	4	-0.05084556074958613
31	5	-0.019111460638363553
31	6	0.03416002160204812
31	7	-0.014532242281767083
31	8	-0.005789992339813921
31	9	0.027101964023849234
31	10	0.20970720617826544
31	11	0.07449768797594203
31	12	0.058676815759284295
31	13	-0.001574622411894211
31	14	0.044684208985621865
31	15	0.04197691307815177
31	16	0.015462538829744688
31	17	0.04472530604850533
31	18	0.08169757923800347
31	19	0.013900056538972194
31	20	-0.020527124827722787
31	21	-0.013766464166124592
31	22	0.011638428152139113
31	23	-0.024186772015092117
31	24	0.16333095980223789
31	25	0.14481235694655226
31	26	-1.3341495128303364
31	27	-1.3138526876037773
31	28	-0.5837769575697607
32	1	0.05312959358573721
32	2	0.07619177699881163
32	3	0.027663966219840574
32	4	0.07802515349663963
32	5	0.04398960858903678
32	6	0.09984344964711767
32	7	0.11949249270479356
32	8	0.10873271990669053
32	9	0.12839150466836458
32	10	0.34344034380691113
32	11	0.13694286638902753
32	12	0.13726891439937816
32	13	0.11236451003055237
32	14	0.08953988391091627
32	15	0.15106902566699176
32	16	0.024466714384104193
32	17	9.765030310617817E-4
32	18	0.08028992753618525
32	19	0.09156454161617944
32	20	0.09272303108873103
32	21	0.1928479425913352
32	22	0.12953473064359855
32	23	0.4042808503580062
32	24	0.17948821738344378
32	25	1.54996216968064
32	26	1.5755563232558671
32	27	1.39970616828181
32	28	1.1627216418700144
33	1	0.38819712320478317
33	2	0.4543696193301656
33	3	0.5365793461129513
33	4	0.5358973047572064
33	5	0.479191296438664
33	6	0.5684416400634902
33	7	0.5202270076019673
33	8	0.5690818361420185
33	9	0.5114003410304662
33	10	0.7885560753672962
33	11	0.6118234175739374
33	12	0.5963030996863168
33	13	0.5986227521914955
33	14	0.5793200245821808
33	15	0.5840361800897895
33	16	0.4998068708423773
33	17	0.5118797171020333
33	18	0.4692292693395217
33	19	0.5065550958682934
33	20	0.5207298424005202
33	21	0.505958680035107
33	22	0.498170322582709
33	23	0.7556314383161506
33	24	1.1201764233198759
33	25	1.4840980712322676
33	26	0.7913279729897837
33	27	1.1969283905040342
33	28	0.7436039948111883
34	1	0.2553598509957453
34	2	0.3510595479306886
34	3	0.36799045358193894
34	4	0.2913458098355406
34	5	0.33239018058694114
34	6	0.5016431535731485
34	7	0.4451007004235237
34	8	0.4575245396971326
34	9	0.4207485342129047
34	10	0.6500354253170499
34	11	0.41172110111974547
34	12	0.4357825652752112
34	13	0.4680785645201624
34	14	0.4240234332766164
34	15	0.3766627560302993
34	16	0.35987260927412024
34	17	0.3468101676351978
34	18	0.38853538644099217
34	19	0.29596914576423217
34	20	0.3153634729987118
34	21	0.3803680629381532
34	22	0.326235324771595
34	23	0.2546877196365429
34	24	0.0762015974301562
34	25	0.06289411795284394
34	26	-0.05160930390975693
34	27	0.531207350314908
34	28	0.04945505864097299
35	1	0.30020546562128914
35	2	0.3129555333500207
35	3	0.32223488277141143
35	4	0.28477311261679006
35	5	0.2809458699944969
35	6	0.2949523045092377
35	7	0.37801769763934345
35	8	0.38081189442244323
35	9	0.34692931811077443
35	10	0.5900312494907212
35	11	0.47624140195731
35	12	0.4983818969649292
35	13	0.4308508947291969
35	14	0.4336528976935057
35	15	0.4359959504662072
35	16	0.38530147732246434
35	17	0.38098703569421843
35	18	0.3821489604815511
35	19	0.39931350956888423
35	20	0.42237004134172196
35	21	0.4866475862060611
35	22	0.38197442766245615
35	23	0.5250356730263377
35	24	-0.06926122290312975
35	25	-0.8063781192439237
35	26	-1.2612735135739683
35	27	-1.6975160539404115
35	28	-3.174253148045956
36	1	0.32642791254396997
36	2	0.37723863705698335
36	3	0.4051965348472635
36	4	0.3776434016952166
36	5	0.3759168583502799
36	6	0.49992672991100306
36	7	0.43075457707016795
36	8	0.45557662735453874
36	9	0.4330388433737866
36	10	0.7466581064301252
36	11	0.43262494362451065
36	12	0.5015431989484327
36	13	0.45951384391789674
36	14	0.49741345789933433
36	15	0.39980761268625287
36	16	0.38969169564202844
36	17	0.3900411294264927
36	18	0.4032303414780145
36	19	0.4054741192522755
36	20	0.35928853061641064
36	21	0.3330617629911714
36	22	0.3387686171244013
36	23	0.4560043116147696
36	24	0.45979041012344624
36	25	0.7102163973505995
36	26	0.6851626793410972
36	27	1.3649839460595885
36	28	1.8257468519540438
37	1	0.3164714991393325
37	2	0.4043305522162086
37	3	0.44679739736643853
37	4	0.33691377159762226
37	5	0.3595333599492818
37	6	0.49609290026779007
37	7	0.4330097546548828
37	8	0.3891710313396146
37	9	0.42425446373215436
37	10	0.7322703305822529
37	11	0.5067345503794769
37	12	0.45399318517557674
37	13	0.4646294091663492
37	14	0.486968011071518
37	15	0.4556448329118652
37	16	0.35363012867423294
37	17	0.35691524295513233
37	18	0.3363994648873643
37	19	0.2723321973838395
37	20	0.29055008712035857
37	21	0.3101008398335523
37	22	0.4092931355944742
37	23	0.5517341827318702
37	24	0.6732208655020528
37	25	0.28064146016144775
37	26	-0.0988026511031066
37	27	-0.05727215150138676
37	28	1.514437328144524
38	1	0.2666239523774223
38	2	0.3279934759944254
38	3	0.27964265328185434
38	4	0.29694623316606084
38	5	0.29939012481396077
38	6	0.35944694967258073
38	7	0.33163193397219715
38	8	0.29373249401226076
38	9	0.34264568611809665
38	10	0.5742047139939075
38	11	0.4404938371108642
38	12	0.38642279827023174
38	13	0.3742114157573013
38	14	0.327355528721867
38	15	0.402563319609456
38	16	0.3186544729894436
38	17	0.28259887238256454
38	18	0.41738509021983106
38	19	0.3579955025911161
38	20	0.26888466485783624
38	21	0.2364720448006068
38	22	0.3224813301241838
38	23	0.20029757878200627
38	24	0.40225298514073415
38	25	0.8388046050085691
38	26	1.1686864635558152
38	27	1.3446187775202603
38	28	1.7270945608489257
39	1	0.3516839390694102
39	2	0.41904929677460245
39	3	0.3823509212304401
39	4	0.37659328455159624
39	5	0.38895737066540903
39	6	0.5048721156470535
39	7	0.484648676152041
39	8	0.4829536011854003
39	9	0.5361110959234381
39	10	0.7371296014187436
39	11	0.5591087777478947
39	12	0.5903504757276181
39	13	0.5421258146897117
39	14	0.5887141875330144
39	15	0.6002117936535925
39	16	0.5184566389573959
39	17	0.5060623061156733
39	18	0.5011319917990136
39	19	0.5050568801085191
39	20	0.45914053946454203
39	21	0.5388249039404727
39	22	0.4316005205356106
39	23	0.25863891189273147
39	24	0.541699704232613
39	25	0.714717365582132
39	26	0.6138347115342526
39	27	0.289326051322746
39	28	0.18439346849540073
40	1	0.3795725983683269
40	2	0.41419790410269286
40	3	0.39850831559296296
40	4	0.40945595843990645
40	5	0.40056862266128235
40	6	0.45546591880496123
40	7	0.4304002180574287
40	8	0.4151358538804715
40	9	0.43798616767031007
40	10	0.7036446865235746
40	11	0.5044194025457003
40	12	0.5353623726625898
40	13	0.464251765661821
40	14	0.537106014129968
40	15	0.4830269841610857
40	16	0.48718804999650445
40	17	0.49131636829281433
40	18	0.5539442224605082
40	19	0.47292522934191794
40	20	0.4814172640021326
40	21	0.48205958511871216
40	22	0.4082413301944072
40	23	0.38634571900738024
40	24	0.7163541261965491
40	25	1.1262226133568092
40	26	0.46535446837316385
40	27	1.4370993306749753
40	28	1.564256168724235
41	1	0.35923592099744894
41	2	0.4271890963355034
41	3	0.4187907962907289
41	4	0.43231667328374357
41	5	0.4604497777289751
41	6	0.45690088220972314
41	7	0.47153593357688806
41	8	0.5023375665540897
41	9	0.4790900114334917
41	10	0.7628716627780889
41	11	0.5336832560378468
41	12	0.5834780028068707
41	13	0.5372467531304892
41	14	0.533938519678884
41	15	0.5761289373563159
41	16	0.4771832560143565
41	17	0.46478731711353305
41	18	0.4601476929263697
41	19	0.4422398954649083
41	20	0.36912735523629436
41	21	0.36485604397899607
41	22	0.2674515030032154
41	23	0.6791632649344947
41	24	0.04445502673885926
41	25	0.8621933093275089
41	26	1.288289917345395
41	27	1.3907192401772335
41	28	2.9638420900492832
42	1	0.48070751663907885
42	2	0.5414013075572157
42	3	0.5162603712359939
42	4	0.5698433980945552
42	5	0.5566515056208345
42	6	0.6831292709097738
42	7	0.6975356989998787
42	8	0.6037455346706722
42	9	0.6512003233554182
42	10	0.9458045183840298
42	11	0.6566150042497938
42	12	0.7560402029248721
42	13	0.738236828855996
42	14	0.7096369965358349
42	15	0.7217499085408505
42	16	0.6492233139084433
42	17	0.6761362897079124
42	18	0.6681120711156225
42	19	0.6544310899607595
42	20	0.7277564556789855
42	21	0.5677527007709529
42	22	0.6232843767847029
42	23	0.8883413731741427
42	24	1.0097116898010086
42	25	0.9169387937281641
42	26	1.443271940971485
42	27	1.2452550303969403
42	28	0.36860399481118833
43	1	0.42240958330242506
43	2	0.4883416019248372
43	3	0.4629966879275855
43	4	0.4758624300721763
43	5	0.43881243803468095
43	6	0.43787258702192844
43	7	0.4609817251908197
43	8	0.4710506160329615
43	9	0.5184055923164337
43	10	0.7299953273017934
43	11	0.5482713758645232
43	12	0.5352188298706579
43	13	0.6236067400938197
43	14	0.535574291672404
43	15	0.5672359584924038
43	16	0.5860587667874739
43	17	0.5117324086454218
43	18	0.4821175741471606
43	19	0.5848939003867173
43	20	0.4814680653460641
43	21	0.47805432680948456
43	22	0.4143968605199504
43	23	0.027463811520910042
43	24	-0.47183894311038443
43	25	-0.8110619599933386
43	26	0.46942477364605395
43	27	1.0524839460595885
43	28	-0.006396005188811671
44	1	0.4054590738162034
44	2	0.5127597548575267
44	3	0.4873309614331589
44	4	0.49757187111722345
44	5	0.5036071533313873
44	6	0.6392439666180962
44	7	0.6203890790989206
44	8	0.5630013087634751
44	9	0.6197927464067092
44	10	0.8453678918432743
44	11	0.6572805115471567
44	12	0.6254961667437513
44	13	0.6554969240122404
44	14	0.6617378799899001
44	15	0.6533011544352618
44	16	0.5869513471282204
44	17	0.5485554255318732
44	18	0.5710558115293409
44	19	0.5553570190825567
44	20	0.6147390175555145
44	21	0.6509642315660571
44	22	0.5495656883123559
44	23	0.5651471178915983
44	24	1.1202109352351144
44	25	0.8483273648454528
44	26	0.6971077675921222
44	27	0.7787997355332692
44	28	-0.14203430306115195
45	1	0.26762068130888395
45	2	0.35725877592700783
45	3	0.550564841305409
45	4	0.4402443655724042
45	5	0.4617107362227486
45	6	0.5899090344308675
45	7	0.572715191017565
45	8	0.36387389401636483
45	9	0.5335937162348472
45	10	0.7909650224998259
45	11	0.5900364935391309
45	12	0.6099644432323998
45	13	0.5976707660163072
45	14	0.599297208041591
45	15	0.6883091571851949
45	16	0.5157458124252301
45	17	0.49691889002436795
45	18	0.5567212368276131
45	19	0.6834259976668307
45	20	0.62992659713899
45	21	0.7684352025806689
45	22	0.5615652455551725
45	23	1.082313379839647
45	24	0.8100826507199486
45	25	0.9061759933101925
45	26	1.4697870924866336
45	27	1.983990795374659
45	28	1.9908262170334083
46	1	0.5177837813325965
46	2	0.6323457256455782
46	3	0.6144107259398197
46	4	0.6158378253156016
46	5	0.6351120285009841
46	6	0.7310391110448151
46	7	0.637484286252608
46	8	0.671031078911497
46	9	0.7181726592765543
46	10	0.889115651315528
46	11	0.6600468112595266
46	12	0.6891199662349976
46	13	0.7568819178598716
46	14	0.6800121477768428
46	15	0.6878084852388895
46	16	0.6014835624401655
46	17	0.5853460240508639
46	18	0.6725707781255466
46	19	0.6835865304924766
46	20	0.6191960927544642
46	21	0.6156244100907102
46	22	0.43114177819033017
46	23	0.7820175356571397
46	24	0.4296004508290068
46	25	0.9509368549385258
46	26	0.6866674343669814
46	27	-0.061801768226125375
46	28	-0.39455389992565415
47	1	0.479797412673598
47	2	0.5100834037238258
47	3	0.4801260581302458
47	4	0.5339285426826095
47	5	0.4671148486902652
47	6	0.5341439400117167
47	7	0.5240566824035469
47	8	0.5266492556237594
47	9	0.5950091594634159
47	10	0.7657657155986257
47	11	0.5016526785146098
47	12	0.49336162807563966
47	13	0.4949567317116106
47	14	0.5237038599232164
47	15	0.5089815101156177
47	16	0.4442781450176341
47	17	0.543793722494307
47	18	0.5042810094480359
47	19	0.3835315085831468
47	20	0.41638454316871787
47	21	0.34303360867029653
47	22	0.3836431141544878
47	23	0.35916024589030826
47	24	0.45753605688961585
47	25	-0.2828103164883018
47	26	-0.09799897716510486
47	27	-0.37807160949596863
47	28	-1.4885388623316658
48	1	0.5340513053832652
48	2	0.5766220378610143
48	3	0.6166888830915198
48	4	0.6083055758743541
48	5	0.5692787725095343
48	6	0.6842110693318659
48	7	0.6837875193986918
48	8	0.6709909993349399
48	9	0.7105252740755716
48	10	0.9261248877974708
48	11	0.6770864784523312
48	12	0.6386801380647569
48	13	0.6642592390068884
48	14	0.6202589210254104
48	15	0.7211037695524496
48	16	0.5444747767205698
48	17	0.530375821674518
48	18	0.6381949238042353
48	19	0.5748977052244015
48	20	0.5772550104085283
48	21	0.5861500024139517
48	22	0.5885284581225818
48	23	0.42881900403289563
48	24	0.4096047188614449
48	25	0.9250504521846494
48	26	0.4074437340906485
48	27	-0.11030675161482861
48	28	0.8814245076316993
49	1	0.5481233816446007
49	2	0.5927847907091888
49	3	0.5304010430543187
49	4	0.5447882543212259
49	5	0.5528639852507595
49	6	0.5999367145306564
49	7	0.5674266730838866
49	8	0.587716412029657
49	9	0.5866415261099789
49	10	0.7723643669883558
49	11	0.6136863389498899
49	12	0.6331883919591945
49	13	0.6082601690231613
49	14	0.6255888442990738
49	15	0.6246889822936765
49	16	0.5695926562834615
49	17	0.5539070934717785
49	18	0.5355304921976369
49	19	0.5088993860637032
49	20	0.5121641578927623
49	21	0.5076224185735683
49	22	0.5875021568758356
49	23	0.07688028022280946
49	24	-0.15381262732091017
49	25	0.40466084179504236
49	26	0.8051045528040959
49	27	0.25518664876229025
49	28	-0.5288319026247095
50	1	0.6556128388632132
50	2	0.7387957052586458
50	3	0.7386703434288933
50	4	0.6928000386676842
50	5	0.7706022324695141
50	6	0.8361172394952305
50	7	0.8135807393848609
50	8	0.8438559723613039
50	9	0.8425209890804766
50	10	1.0505849867888628
50	11	0.7733081736604035
50	12	0.8255428763238939
50	13	0.8551115319389453
50	14	0.7614533243147861
50	15	0.7780689853800524
50	16	0.7079550249370996
50	17	0.7447988037451978
50	18	0.7525840246335633
50	19	0.7766627964106263
50	20	0.7188579097824217
50	21	0.8535383919610808
50	22	0.6095760219133624
50	23	0.6951528612329838
50	24	0.9262015974301576
50	25	1.280923468057665
50	26	1.1539824947854882
50	27	0.6635950571707028
50	28	-0.027229338522147373
51	1	0.5360766517451196
51	2	0.5988297909218545
51	3	0.582667244690434
51	4	0.5980116249420675
51	5	0.5627146934299105
51	6	0.6648384201152737
51	7	0.5934888567425958
51	8	0.6050247925040466
51	9	0.614012997619767
51	10	0.9052963562699645
51	11	0.6359733818943312
51	12	0.6690362929417191
51	13	0.6399094112218506
51	14	0.6176082961868374
51	15	0.6458200840474646
51	16	0.5042862606955794
51	17	0.5024607633851517
51	18	0.5694449640661645
51	19	0.5461867010890913
51	20	0.5746278259367159
51	21	0.5713253596874424
51	22	0.48775073199777097
51	23	0.5768938455359134
51	24	0.6301340646016982
51	25	0.4629158052224156
51	26	1.430058410316093
51	27	1.1422275358031797
51	28	0.7588478972502131
52	1	0.6516536327462248
52	2	0.6999924566530922
52	3	0.6674946990660686
52	4	0.5916397616304536
52	5	0.6679230885591423
52	6	0.8162903551545639
52	7	0.7878642474001722
52	8	0.7862131595990789
52	9	0.8126699236759052
52	10	1.0260559106688447
52	11	0.800686968452581
52	12	0.8617776064797269
52	13	0.8026117113047633
52	14	0.7906704698149127
52	15	0.7674993620936306
52	16	0.7127342943893566
52	17	0.7486769053204156
52	18	0.7663669434145675
52	19	0.7491845652387781
52	20	0.7342013478276286
52	21	0.825281717920781
52	22	0.9156862344328971
52	23	1.092876742605469
52	24	0.9124832143240198
52	25	1.9514215523488545
52	26	2.154310902010444
52	27	1.8796444398867465
52	28	1.518603994811187
53	1	0.5907223043738767
53	2	0.6888451065001604
53	3	0.6767764392142368
53	4	0.6474280508051748
53	5	0.6480958542728317
53	6	0.7657316920046142
53	7	0.7361756462658136
53	8	0.7318110640484718
53	9	0.7652938291669855
53	10	0.9986766618023921
53	11	0.7076944397983453
53	12	0.7513337240229276
53	13	0.7363456116563682
53	14	0.7247629556928459
53	15	0.7163399920573283
53	16	0.7141314621899753
53	17	0.7052038829776208
53	18	0.6959218510625576
53	19	0.6823113410471962
53	20	0.6134924018878891
53	21	0.6442215806129568
53	22	0.5225176066827757
53	23	0.5238810255178521
53	24	1.1945218163832863
53	25	0.6359714094000211
53	26	0.23756098526052938
53	27	0.3986377922134352
53	28	2.0873539948111883
54	1	0.5486620557172941
54	2	0.5964675530816024
54	3	0.633792049882949
54	4	0.5788192050320049
54	5	0.5455743913893656
54	6	0.6729642437706289
54	7	0.6475950838894349
54	8	0.6038258418322471
54	9	0.6297359100304973
54	10	0.9279306561956915
54	11	0.6815839525097971
54	12	0.6645379402964195
54	13	0.7035739851799505
54	14	0.6743258777836729
54	15	0.6856175036170242
54	16	0.5624992458358093
54	17	0.6238078278711541
54	18	0.6157535979282542
54	19	0.6360077592143796
54	20	0.5657979675821423
54	21	0.6674531804802442
54	22	0.6107107009657469
54	23	0.6846954018773346
54	24	1.0653712018171504
54	25	0.6179161493617258
54	26	0.876467533257987
54	27	-0.061801768226125375
54	28	0.5744863477523623
55	1	0.5712862153438962
55	2	0.6441920483077084
55	3	0.6131899024094594
55	4	0.6301128816181176
55	5	0.6617626331185491
55	6	0.715476642879203
55	7	0.637145730058343
55	8	0.7124699079270371
55	9	0.6746135589309645
55	10	0.9588715899168179
55	11	0.74458625805309
55	12	0.8146266214749716
55	13	0.7926968961698222
55	14	0.8003811706598682
55	15	0.7300761312593522
55	16	0.7340331971363483
55	17	0.7580560591484158
55	18	0.7866371755442714
55	19	0.8117384411889077
55	20	0.8644687105559825
55	21	0.7718520608416171
55	22	0.6897680612956592
55	23	0.45240178485959603
55	24	0.1375129087414706
55	25	0.7535913230784601
55	26	0.8435339596545575
55	27	0.4096268032024426
55	28	1.4292100554172507
56	1	0.40993867430441355
56	2	0.5138574636445341
56	3	0.5277737378571459
56	4	0.5021737780474425
56	5	0.5300197546217049
56	6	0.6866497402613945
56	7	0.6438529432201889
56	8	0.6486330969192267
56	9	0.6006116405498076
56	10	0.9140478716169724
56	11	0.6912718772544295
56	12	0.7186450578969499
56	13	0.6784976498891169
56	14	0.7175958418936474
56	15	0.7007528353441899
56	16	0.6408071762922063
56	17	0.6590786074305157
56	18	0.7422956568245596
56	19	0.74816398388122
56	20	0.7272451066499741
56	21	0.761246351899544
56	22	0.6946541164935667
56	23	0.3532043179376245
56	24	0.48357772355628015
56	25	0.6194058528815134
56	26	0.2235749712745161
56	27	0.6367536089809391
56	28	-0.735562671855476
57	1	0.5951641056265018
57	2	0.6239294561439976
57	3	0.642744003290602
57	4	0.6540261236960347
57	5	0.6469496234634988
57	6	0.7605917901151784
57	7	0.6789587037541764
57	8	0.6678357759265907
57	9	0.6843578986347509
57	10	0.9368846562319249
57	11	0.6935164592740506
57	12	0.735983637190607
57	13	0.6964476244653923
57	14	0.6863293544036821
57	15	0.744941561188206
57	16	0.7098817252625267
57	17	0.6907936803103212
57	18	0.6604227893787424
57	19	0.745223593611243
57	20	0.7515206616938244
57	21	0.7642620089568339
57	22	0.7794158719267941
57	23	0.7973879854115751
57	24	1.113344672708827
57	25	1.4507647378989361
57	26	0.8186162935885619
57	27	0.6758605694362103
57	28	-0.06472933852214169
58	1	0.696254140150721
58	2	0.732010088089865
58	3	0.6439830785916811
58	4	0.7483351084637917
58	5	0.712710919485879
58	6	0.722158066611577
58	7	0.6989667638554451
58	8	0.6144704092412496
58	9	0.6198551359109317
58	10	0.817013413293715
58	11	0.7050400217240593
58	12	0.6880761140677052
58	13	0.7628883912651645
58	14	0.7399205461174674
58	15	0.744871711966482
58	16	0.6688732471885075
58	17	0.7022121571008597
58	18	0.8031356316191136
58	19	0.7290419082362902
58	20	0.7384082937639036
58	21	0.7210358378609811
58	22	0.7634005618426585
58	23	0.6949578511178913
58	24	0.8760865888045117
58	25	0.5600815080852755
58	26	0.4493068664979347
58	27	0.1953410889167344
58	28	0.9902256164328094
59	1	0.6679265632946141
59	2	0.7816164592256527
59	3	0.7876011910380427
59	4	0.7958737149205604
59	5	0.7698673148845003
59	6	0.8292641285151205
59	7	0.8424706982411152
59	8	0.8356083839127493
59	9	0.7538453736867439
59	10	1.0563199718718153
59	11	0.8252187103890307
59	12	0.8687710778637481
59	13	0.8335195104956057
59	14	0.911577745519935
59	15	0.803290536122752
59	16	0.8042001294614138
59	17	0.8073351363870529
59	18	0.811625419939503
59	19	0.8123153412757773
59	20	0.7469222553745141
59	21	0.7817904729031397
59	22	0.7079221511065938
59	23	0.8713230208417002
59	24	1.032291784652422
59	25	0.7482437294955773
59	26	0.4364537591533022
59	27	0.7416731352487744
59	28	1.1921334065758913
60	1	0.7358615106311319
60	2	0.8071533236645365
60	3	0.7804700248639094
60	4	0.7327557714485593
60	5	0.7524682848019069
60	6	0.8214284461630683
60	7	0.7810090024011558
60	8	0.7675946307870376
60	9	0.8119290290629664
60	10	1.0151778562394753
60	11	0.5916917724485913
60	12	0.7547239459398227
60	13	0.7956487822998
60	14	0.8726200278568328
60	15	0.8406120864751045
60	16	0.8028714183907155
60	17	0.89792693755399
60	18	0.8593867721868236
60	19	0.8668542473803384
60	20	0.8457147510224203
60	21	0.6889328442355591
60	22	0.6797448016790142
60	23	0.6278250170406281
60	24	0.9338605028729958
60	25	1.0195391329028425
60	26	1.0141859995904596
60	27	1.368273419743801
60	28	2.0828897090969036
75	1	0.5570221921383265
75	2	0.6096347173834573
75	3	0.5877045029424295
75	4	0.6372122399819702
75	5	0.5424272897969544
75	6	0.5929709875196281
75	7	0.6465070054938593
75	8	0.7291103612991137
75	9	0.6702987962202371
75	10	0.8381518853197889
75	11	0.4792517074795768
75	12	0.4680870938222128
75	13	0.5739503542385265
75	14	0.5843464348699285
75	15	0.5733734643967665
75	16	0.4771043612424535
75	17	0.5197243766177237
75	18	0.47349516783866363
75	19	0.40562614980822786
75	20	0.5353800074084347
75	21	0.6461633079388847
75	22	0.5136919791263423
75	23	0.5464295275731672
75	24	0.5706214790532016
75	25	0.31862188075607634
75	26	-0.4870969654843762
75	27	0.052483946059588504
75	28	-0.5688960051888117
76	1	0.25190262225758175
76	2	0.2395211117371545
76	3	0.363190342122202
76	4	0.3459406056825358
76	5	0.305412829318378
76	6	0.3673334178852272
76	7	0.37960751462372144
76	8	0.18185754637059404
76	9	0.48732802882207693
76	10	0.596190582165562
76	11	0.3232774706577217
76	12	0.3478484583134005
76	13	0.4546437595229307
76	14	0.42278532647296174
76	15	0.4796981981554893
76	16	0.39313533888918073
76	17	0.3724013796374521
76	18	0.35650791107451596
76	19	0.4225741805800922
76	20	0.47455427641988734
76	21	0.5639551089118555
76	22	0.37573630228343546
76	23	0.2209284053582934
76	24	-0.541353161119865
76	25	-1.094993057605052
76	26	-0.35759385989431536
76	27	-1.0982009854472636
76	28	-2.6902195346005797
77	1	0.3041647823691136
77	2	0.3924493917627814
77	3	0.36964898297019033
77	4	0.3811421774379582
77	5	0.32004594939667186
77	6	0.3487630836075013
77	7	0.41977136065438003
77	8	0.46290389627217365
77	9	0.5022379752016874
77	10	0.5892957240563348
77	11	0.2667791057656146
77	12	0.25219318223533804
77	13	0.30847608972485574
77	14	0.33672107449771715
77	15	0.31948443352176525
77	16	0.2376045988001465
77	17	0.21133350766478998
77	18	0.2614992311761313
77	19	0.3295264562829203
77	20	0.3449795345635138
77	21	0.5090510465073308
77	22	0.4263317264705364
77	23	0.3805665597966126
77	24	0.35973513096369203
77	25	0.5040182906289274
77	26	1.2566918543913985
77	27	0.8340931414618851
77	28	1.5313946924856054
78	1	0.5379376553731063
78	2	0.5149341867592057
78	3	0.5167670354100622
78	4	0.5944510811001109
78	5	0.5204411270425027
78	6	0.5286812177202052
78	7	0.5290196094660473
78	8	0.5549925243763383
78	9	0.5156529125980143
78	10	0.7290162867102836
78	11	0.47009774408246585
78	12	0.43270869453347416
78	13	0.48776885871139797
78	14	0.5155136535254528
78	15	0.42896817098975504
78	16	0.35488147355363253
78	17	0.3848422237838065
78	18	0.39492274596211274
78	19	0.37147103735397735
78	20	0.347569759931595
78	21	0.49695568591010186
78	22	0.5009656293674638
78	23	0.39787001571713887
78	24	0.4405906343544075
78	25	-0.23705038815148072
78	26	-0.2279198426364033
78	27	-0.39457487746982167
78	28	-0.3913960051888097
79	1	0.37307973838083797
79	2	0.4472702429546018
79	3	0.387144032723306
79	4	0.39598665195985205
79	5	0.33447372592122093
79	6	0.36246085536978967
79	7	0.389906959822234
79	8	0.42487158807857384
79	9	0.4563588990806693
79	10	0.6115499035685801
79	11	0.2976257233057851
79	12	0.31177472972010634
79	13	0.2741595997632018
79	14	0.2747176657201109
79	15	0.29943123403307936
79	16	0.27449177076796616
79	17	0.2222538149560691
79	18	0.2611616370781391
79	19	0.20384785380924342
79	20	0.30452070892919636
79	21	0.3159475407012238
79	22	0.19944322327405217
79	23	0.3524154702625921
79	24	0.21339998462854481
79	25	0.037509951448271295
79	26	0.8031204258199693
79	27	0.6335650271406692
79	28	-0.3742531480459519
80	1	0.30809931036861116
80	2	0.34321786526761855
80	3	0.31975559940298837
80	4	0.36589928438426966
80	5	0.32916524091688615
80	6	0.3243780212570684
80	7	0.30615297954978615
80	8	0.28686724827203847
80	9	0.3498068467998152
80	10	0.499032006231829
80	11	0.2610792426126807
80	12	0.2739772212198659
80	13	0.28594922232385045
80	14	0.3175347620815927
80	15	0.257718732723518
80	16	0.23159828333498922
80	17	0.2955866641485869
80	18	0.23766478944452984
80	19	0.1798332917772143
80	20	0.252692411166727
80	21	0.19626942169529116
80	22	0.11323313197979701
80	23	0.180554123734197
80	24	-0.16253171419472068
80	25	0.10087692937238302
80	26	0.4003426480421908
80	27	0.0757397600130787
80	28	-0.8813960051888117
81	1	0.6741311969939474
81	2	0.7424649866139461
81	3	0.699516449713002
81	4	0.7835255022762055
81	5	0.7312910159390285
81	6	0.749975895482045
81	7	0.7589873462459735
81	8	0.7837671596980798
81	9	0.8597714172161091
81	10	0.9554093312982559
81	11	0.6800340698934662
81	12	0.7071038819816025
81	13	0.7697844747596321
81	14	0.790298269610382
81	15	0.7831837460096125
81	16	0.7537417731489882
81	17	0.7524068590112947
81	18	0.7304512836183079
81	19	0.7500924216556939
81	20	0.7472597166956518
81	21	0.7089613481236725
81	22	0.7055315675995288
81	23	0.6043866073022954
81	24	0.8931610568896176
81	25	0.6207927491034155
81	26	0.19261317944315692
81	27	0.2452550303969403
81	28	1.013048439255634
82	1	0.3639403064447251
82	2	0.3845416689036725
82	3	0.28353085650301324
82	4	0.3111977402429744
82	5	0.33848833347987295
82	6	0.38313901133906825
82	7	0.36994188428983676
82	8	0.41280070129362656
82	9	0.4620416265309757
82	10	0.5413117747104721
82	11	0.30727010679714795
82	12	0.26841890964230686
82	13	0.2949157121333812
82	14	0.29378433050406016
82	15	0.31116484906848996
82	16	0.20923917437855266
82	17	0.2362190422828192
82	18	0.3423623947294203
82	19	0.30168848212473875
82	20	0.3081011451502249
82	21	0.4642164164309719
82	22	0.4625091433247732
82	23	0.6381828800145328
82	24	0.7103185911361933
82	25	0.8860285731627684
82	26	0.7275031418693487
82	27	0.7191506127262528
82	28	1.062481545831595
83	1	0.39500694915549417
83	2	0.43936070131685767
83	3	0.37962190296968146
83	4	0.4239704781344642
83	5	0.3993704991799589
83	6	0.3539069256100902
83	7	0.38374225665267403
83	8	0.46433131671789596
83	9	0.43069598997333713
83	10	0.6156964814903176
83	11	0.34804112115836006
83	12	0.3683551715595428
83	13	0.38936509506226
83	14	0.38157401376351174
83	15	0.40659777449997137
83	16	0.3357081554716146
83	17	0.3312913449772026
83	18	0.3155913163298365
83	19	0.2951763466985753
83	20	0.3258718702098804
83	21	0.40949344521596487
83	22	0.2914459167619228
83	23	0.07497070586993715
83	24	0.1995366549757378
83	25	0.26470868868499053
83	26	-0.5062767373005954
83	27	-0.9725160539404101
83	28	-0.5177596415524448
84	1	0.19273478139622569
84	2	0.2550193245054757
84	3	0.23621415606341856
84	4	0.23959819932464654
84	5	0.2492600619925298
84	6	0.34475127215034007
84	7	0.22525864206276935
84	8	0.2525299558875318
84	9	0.360057345863126
84	10	0.5208923341424736
84	11	0.17553057444676057
84	12	0.17183400617214062
84	13	0.22255329825244985
84	14	0.19193022859083442
84	15	0.11777664734677273
84	16	0.023937284613033682
84	17	0.0875574977092981
84	18	0.008624461926139304
84	19	0.026709532636374433
84	20	0.0464719232560995
84	21	0.0073178002195462
84	22	0.033238572729068494
84	23	-0.11131978438174883
84	24	-0.29670553243752806
84	25	-1.076456299769859
84	26	-0.8286363309367886
84	27	-0.3760874825118421
84	28	-2.186951560744369
85	1	0.4354941743634768
85	2	0.44038169460190346
85	3	0.370474958224996
85	4	0.4745593581562346
85	5	0.3517524977894908
85	6	0.4389370281557845
85	7	0.37844224143534433
85	8	0.39122816042703334
85	9	0.5071301791527674
85	10	0.6205749725357563
85	11	0.35316536997368786
85	12	0.27834112739758154
85	13	0.3711805960551402
85	14	0.34469097318645225
85	15	0.3364529354757124
85	16	0.2757382536138877
85	17	0.3000074284234131
85	18	0.29201198946093143
85	19	0.11231230587907248
85	20	0.32464412142829957
85	21	0.16915128748088648
85	22	0.30021824388441587
85	23	-0.04616870021323649
85	24	-0.19470845812193005
85	25	-1.0150061249016318
85	26	-1.5541376386961616
85	27	-2.1004572304110027
85	28	-2.655205528998337
86	1	0.45161679785258
86	2	0.4384352943224741
86	3	0.3794394225053992
86	4	0.43752983268394985
86	5	0.44097821248207225
86	6	0.3762992661713014
86	7	0.4277033546030893
86	8	0.40418954641390314
86	9	0.41525704513745154
86	10	0.6112456091096448
86	11	0.422195518815343
86	12	0.3911921612581324
86	13	0.36398578403046855
86	14	0.40870932457265496
86	15	0.39622553326033483
86	16	0.3187187031375913
86	17	0.33635154623696906
86	18	0.35029096932625947
86	19	0.36627319522391844
86	20	0.36264771063359547
86	21	0.4940164166598322
86	22	0.4853764249284609
86	23	0.7656302237157959
86	24	0.5356610568896158
86	25	0.3751530567623931
86	26	0.3773074176898845
86	27	0.8678685614442045
86	28	1.183418809626005
87	1	0.2137552055972023
87	2	0.2250708677299258
87	3	0.19583142815800159
87	4	0.18953814852351059
87	5	0.23729056163671203
87	6	0.1864081491476668
87	7	0.27761880173390807
87	8	0.2743148039043959
87	9	0.22778075590261437
87	10	0.4327587808690154
87	11	0.1527011506299587
87	12	0.12919347024950412
87	13	0.18632872594233163
87	14	0.20670945369391092
87	15	0.17455779312736297
87	16	0.14309413745147026
87	17	0.1532282953338182
87	18	0.15882390711288252
87	19	0.1463864298831723
87	20	0.25392713520091803
87	21	0.1771056941200868
87	22	0.1703304206560361
87	23	0.4737336129744847
87	24	0.6820164099647883
87	25	1.1098123569465557
87	26	0.9748946193683565
87	27	0.7338026273782674
87	28	0.8686039948111883
88	1	0.3329634242118402
88	2	0.24182338256514413
88	3	0.23058051047447492
88	4	0.266490993058639
88	5	0.2221213825328192
88	6	0.1787875456928134
88	7	0.25093925366196856
88	8	0.2544918453470899
88	9	0.2607191991005706
88	10	0.4648572663314994
88	11	0.18071693109941123
88	12	0.1956492190848067
88	13	0.23569593284834411
88	14	0.2541508297919606
88	15	0.22489986140514162
88	16	0.24368050627062132
88	17	0.13915260128188578
88	18	0.22035964771463057
88	19	0.22444012669847524
88	20	0.2522847789879208
88	21	0.1618706959936489
88	22	0.22028114015139977
88	23	-0.16895736715900256
88	24	-0.25334603530896516
88	25	-0.555273553706364
88	26	-1.4708157443927945
88	27	-1.1544126056645467
88	28	0.5307661569733497
89	1	0.2136841725161318
89	2	0.21381508777784575
89	3	0.17246862125617213
89	4	0.24329877960157376
89	5	0.09376994629738533
89	6	0.21230382057039776
89	7	0.20001697408722663
89	8	0.21480907384354708
89	9	0.21798217139819798
89	10	0.4556059566007846
89	11	0.11158069267800386
89	12	0.11658107344651114
89	13	0.10197274033931336
89	14	0.14309238551489045
89	15	0.15240440625590423
89	16	0.11123027186481238
89	17	0.08319560419379002
89	18	0.13370525187227855
89	19	0.1338879256062313
89	20	0.1343392352613435
89	21	0.16551489839891076
89	22	0.15031102655451178
89	23	-0.06133031383153309
89	24	0.22839233442265794
89	25	-0.495153629448005
89	26	0.5045093147088551
89	27	1.0404357532885058
89	28	1.8447944710016628
90	1	0.00574614955553443
90	2	0.051568510014199376
90	3	0.02067089388690846
90	4	0.015343619769332406
90	5	-0.047789074006537646
90	6	0.03145484837165924
90	7	0.06537341622194504
90	8	0.07148892570534571
90	9	0.13419021637674433
90	10	0.2857901086082322
90	11	0.06881678211445319
90	12	0.06762076056415367
90	13	0.08379440041338881
90	14	0.14499198187527895
90	15	0.10683130583513645
90	16	0.08745650186266118
90	17	0.08569069228614978
90	18	0.0856506443637457
90	19	0.0936871367823997
90	20	0.012227419338906031
90	21	-0.007479604799080164
90	22	0.0398908531024631
90	23	0.1470039025133616
90	24	0.28332460829148687
90	25	0.7089280032050596
90	26	0.9508476985472427
90	27	1.6120077555833987
90	28	2.797175423382619
91	1	0.21648161790145792
91	2	0.29881473198193476
91	3	0.27264740870369053
91	4	0.25007669179113634
91	5	0.25581719599495756
91	6	0.23432758773754614
91	7	0.26697331792840373
91	8	0.2441444470734666
91	9	0.24466241760897134
91	10	0.4521191566292515
91	11	0.12636401296548883
91	12	0.11410829183404303
91	13	0.2125274261715262
91	14	0.2464911259973448
91	15	0.2010016808591928
91	16	0.12341628196941201
91	17	0.14268912870812756
91	18	0.19923841459353753
91	19	0.2291708126474461
91	20	0.2219817837659619
91	21	0.13654480495347343
91	22	0.23946990556574832
91	23	0.35284901585261963
91	24	0.7696793217297966
91	25	1.3504325119853178
91	26	0.5968704258199722
91	27	1.8171898284125305
91	28	1.3686039948111883
92	1	0.08814433249069253
92	2	0.10885570126519184
92	3	0.05230595844513175
92	4	0.04572137277408217
92	5	0.029374863574695098
92	6	0.1187715251672401
92	7	-0.022309023934646177
92	8	0.045068547404355286
92	9	-0.004507547217983188
92	10	0.202569040638636
92	11	0.012069900593722593
92	12	-0.00829428330268911
92	13	0.015981361609789246
92	14	0.03474758724830451
92	15	0.06314990090769612
92	16	-0.007854563700419703
92	17	-0.007114663176089664
92	18	-0.04746312940002895
92	19	-0.028279519666234876
92	20	-0.012952250453786007
92	21	-0.0748403356706504
92	22	-0.19833686158465724
92	23	-0.05184155391906842
92	24	-0.3430405376434109
92	25	-0.17352097638677577
92	26	0.1966389443384884
92	27	0.442094335669978
92	28	0.9583475845547795
93	1	0.1759646059391926
93	2	0.15775083566375514
93	3	0.11501797275303005
93	4	0.2303253179271536
93	5	0.10841157013837233
93	6	0.2203570875579146
93	7	0.2537193560107127
93	8	0.27900000839503747
93	9	0.2492833242926693
93	10	0.3948220427415805
93	11	0.21018036094893233
93	12	0.12970680420214364
93	13	0.1961042627582188
93	14	0.17137602746502267
93	15	0.21006918315450918
93	16	0.03838175240971964
93	17	0.041555108775455096
93	18	0.062457374113364494
93	19	0.03758674959491515
93	20	0.02412180609015735
93	21	0.02367247704692943
93	22	0.17020872914401508
93	23	0.23201843524513066
93	24	-0.01132270181108197
93	25	-0.4024590294841204
93	26	-0.03703108933154908
93	27	0.3050091985848411
93	28	0.02245014865734163
94	1	0.16606364156798747
94	2	0.09914149207931189
94	3	0.07154282585613458
94	4	0.12110110243290251
94	5	0.09868194487567905
94	6	0.1283253305443779
94	7	0.14161924200118392
94	8	0.20461528632168324
94	9	0.11369903357161348
94	10	0.3533101496961635
94	11	0.08326834642327441
94	12	0.017036480135736554
94	13	0.01290053000175817
94	14	0.02846012817018817
94	15	0.056751213498579034
94	16	-0.01216880643186613
94	17	-0.02266473797754287
94	18	0.00541384726011529
94	19	0.026663466750910914
94	20	-0.014401347775184092
94	21	0.08387644300825059
94	22	0.03030177761986863
94	23	0.2814652084032403
94	24	0.2002107104692925
94	25	-0.17062998112611183
94	26	-0.2764250287254839
94	27	-1.3211424275667838
94	28	-2.1563960051888102
95	1	-0.21754621353978365
95	2	-0.2106966462672233
95	3	-0.09682156585819968
95	4	-0.14810458460274134
95	5	-0.11387674457364483
95	6	-0.04803771100753096
95	7	0.011221623941466419
95	8	-0.1927997023752468
95	9	-0.035773401395040594
95	10	0.20032183357491107
95	11	-0.11980994844539339
95	12	-0.002465536600084306
95	13	-0.08981521669095827
95	14	-0.009365323453984331
95	15	0.06348870569045317
95	16	-0.07870199416488788
95	17	0.032814918848984576
95	18	0.03083158460211166
95	19	0.03715817600291871
95	20	0.0941983676571283
95	21	0.14961291772289087
95	22	0.17185763480676997
95	23	0.26337613237024016
95	24	-0.6860780735451684
95	25	-0.25507027216142575
95	26	-0.0325713980794049
95	27	-0.7109569141554672
95	28	0.020777907854665045
96	1	-0.00924018916925462
96	2	-0.006393866281484861
96	3	-0.03955146084166472
96	4	-0.03164316474699547
96	5	-0.05586766873942395
96	6	-0.10334865750665045
96	7	-0.0610936906962678
96	8	-0.03416966244758157
96	9	-0.04276019044853285
96	10	0.13490319889122304
96	11	-0.14348082779818583
96	12	-0.15286608202493568
96	13	-0.17297779994852647
96	14	-0.23584050466471496
96	15	-0.1689811500534546
96	16	-0.2503658485894249
96	17	-0.20437551067308846
96	18	-0.2364665941865809
96	19	-0.25348891273426233
96	20	-0.10642342084510403
96	21	-0.10052246639951079
96	22	-0.18112059293692795
96	23	-0.4050906472866913
96	24	-0.5920213465438593
96	25	-0.029067194874173197
96	26	-0.5139699696602591
96	27	-2.005208361632718
96	28	-1.4775498513426584
97	1	0.17419714155608546
97	2	0.09838722478626494
97	3	0.09247037737112151
97	4	0.13581471568947023
97	5	0.1357954807329662
97	6	0.09958810674898189
97	7	0.15972134393027915
97	8	0.13335941405805585
97	9	0.08590660079188694
97	10	0.3350860155223785
97	11	0.10952249974649675
97	12	0.13884900416645962
97	13	0.08460554980870683
97	14	0.07754080815671216
97	15	0.10864896754168996
97	16	0.04641849069246007
97	17	0.1100851314581277
97	18	0.06778204925790021
97	19	0.1019176920954763
97	20	0.20509574444852774
97	21	0.1716883010689898
97	22	0.0347329917298822
97	23	-0.24333723112000882
97	24	-0.6949423913862489
97	25	-1.0094925403678232
97	26	-0.8471960298762298
97	27	-0.9234196683982461
97	28	-1.231396005188813
98	1	-0.004424604771976703
98	2	-0.06133768803822193
98	3	-0.06846970927605867
98	4	-0.02898442840548654
98	5	0.014773413880796227
98	6	-0.06083024765910494
98	7	-0.07921881316175927
98	8	-0.011448799812534105
98	9	-0.09244437310829312
98	10	0.12818285959267683
98	11	-0.09044183754348722
98	12	-0.10096070665738921
98	13	-0.061395823866050137
98	14	-0.08457702848165383
98	15	-0.0023853391047765626
98	16	-0.15812035964743387
98	17	-0.0934278656184091
98	18	-0.09709357664721807
98	19	-0.09145875364560396
98	20	-0.06920165110322785
98	21	-0.22054917580122435
98	22	-0.30906124031457693
98	23	-0.22825840132036745
98	24	0.46098573221429007
98	25	0.45242105259873
98	26	0.0162499222228476
98	27	0.31498394605959135
98	28	0.9727706614778526
99	1	-0.07646837465630085
99	2	-0.16001540919312873
99	3	-0.14128515573490574
99	4	-0.16430975460622932
99	5	-0.1519870534462413
99	6	-0.13792601163724072
99	7	-0.1164559297351957
99	8	-0.14978171956513364
99	9	-0.1735116717592433
99	10	0.13128366778455813
99	11	-0.2012357786517356
99	12	-0.19614886369996754
99	13	-0.19681421508460062
99	14	-0.19777169543719708
99	15	-0.14928237261244703
99	16	-0.24288052159553075
99	17	-0.2038220161678339
99	18	-0.2482705545793351
99	19	-0.2180250783321469
99	20	-0.27097844968937324
99	21	-0.3454430243787243
99	22	-0.3189902647784848
99	23	-0.41701327748373984
99	24	0.008388329616892065
99	25	-0.2098624398014124
99	26	0.046175981375526476
99	27	0.6649839460595857
99	28	0.7174412041135128
100	1	0.026513441169754515
100	2	-0.05800913455618684
100	3	-0.06766626790238206
100	4	-0.03112999477910705
100	5	-0.008906378916456958
100	6	-0.0544481846387086
100	7	-0.025404415796451474
100	8	-0.02133204552188772
100	9	-0.06530170997629625
100	10	0.20701552241012422
100	11	-0.04494770581845842
100	12	-0.03969574899999628
100	13	-0.018743067515778478
100	14	-0.013774530754680825
100	15	-0.029749602682450416
100	16	-0.11743755895769681
100	17	-0.08667557407004267
100	18	-0.08291550018885374
100	19	-0.08451766091830137
100	20	-0.12043524365106606
100	21	-0.11308701390963449
100	22	-0.13862591473920105
100	23	-0.44553697623543087
100	24	0.04898728290240939
100	25	0.3754400625742633
100	26	-0.1652530681559341
100	27	0.5218717011616292
100	28	-0.4647293385221474
101	1	-0.19796495387893032
101	2	-0.2161390126629712
101	3	-0.23717077688910848
101	4	-0.24011193945564457
101	5	-0.19991014219650793
101	6	-0.22574633778909714
101	7	-0.19645518984682298
101	8	-0.1455350747066504
101	9	-0.1731034902608286
101	10	0.027887631349003073
101	11	-0.1906068654958375
101	12	-0.22821348344450598
101	13	-0.2069158115546017
101	14	-0.22919940435896535
101	15	-0.17444102639287706
101	16	-0.24011632204471312
101	17	-0.21995922276316549
101	18	-0.3697447874668285
101	19	-0.29064909141770556
101	20	-0.27995099580640925
101	21	-0.2810674808447402
101	22	-0.2896683701175675
101	23	-0.265200821680601
101	24	-0.5048794836509245
101	25	-1.320237394297223
101	26	-1.177994682093697
101	27	-0.923706530130886
101	28	-0.014374728593068653
102	1	-0.041161165772550135
102	2	-0.16195238406992019
102	3	-0.15308599262260714
102	4	-0.11715721762465137
102	5	-0.21650237650393223
102	6	-0.15459169569836462
102	7	-0.11864067462705208
102	8	-0.10609222788487926
102	9	-0.08648072801300799
102	10	0.11655755209440599
102	11	-0.15398845128402172
102	12	-0.11350720796068003
102	13	-0.17620685819635185
102	14	-0.1763083758829893
102	15	-0.10022076821265813
102	16	-0.28075992879143286
102	17	-0.23913664025327108
102	18	-1.17240937889391
102	19	-0.34882115946479075
102	20	-0.2509913906006531
102	21	-0.24302717449744193
102	22	-0.3187755778732253
102	23	-0.19421011744876182
102	24	0.422024693253249
102	25	0.42268592016494466
102	26	0.5805594502102167
102	27	1.095494698747764
102	28	0.3497360702828871
103	1	-0.1679381371839952
103	2	-0.21076292708748667
103	3	-0.2614044113511156
103	4	-0.29397331621310485
103	5	-0.2680757390586379
103	6	-0.2805423226424679
103	7	-0.21121630428660154
103	8	-0.20074511119941718
103	9	-0.25311495085896496
103	10	-0.029289380577623092
103	11	-0.3090508088735149
103	12	-0.3370161207417155
103	13	-0.3621295162318958
103	14	-0.3381937715712908
103	15	-0.37715570246633234
103	16	-0.39902490826620607
103	17	-0.3546220652648415
103	18	-0.5410207755249843
103	19	-0.3276756450642111
103	20	-0.37095501495169003
103	21	-0.3857727318129136
103	22	-0.4064899310268473
103	23	-0.5980775476912399
103	24	-0.4844538856391196
103	25	-0.8915209763867793
103	26	-0.2990224313228893
103	27	0.13651755950496636
103	28	0.583988610195803
104	1	-0.11281971809204805
104	2	-0.14152994740972957
104	3	-0.1906033826431326
104	4	-0.1467715800156313
104	5	-0.17424423124780475
104	6	-0.222195007338847
104	7	-0.16505632895958655
104	8	-0.12059620612553346
104	9	-0.16545533656226752
104	10	0.07779610743485676
104	11	-0.17077319050558515
104	12	-0.22091854600454752
104	13	-0.1907500920383498
104	14	-0.22298634338328327
104	15	-0.15121249403157577
104	16	-0.2708172616499027
104	17	-0.25105502037246197
104	18	-0.3573550612922318
104	19	-0.2329233220436535
104	20	-0.18784806653231811
104	21	-0.24022896535129235
104	22	-0.20584655376655547
104	23	-0.21274925293450764
104	24	0.011802135727791097
104	25	0.18110053755744815
104	26	0.34301404284124715
104	27	0.6132316096109918
104	28	1.298428556214695
105	1	-0.1350800045069107
105	2	-0.18895213136591593
105	3	-0.1490176676033741
105	4	-0.1615356006820292
105	5	-0.16547766875401493
105	6	-0.16942556026856437
105	7	-0.20055118669471028
105	8	-0.0653554351594039
105	9	-0.13378000634063625
105	10	0.09743881890934603
105	11	-0.07575624841715722
105	12	-0.15512504411633898
105	13	-0.11746937297813531
105	14	-0.16211855748083082
105	15	-0.1217056345936669
105	16	-0.16872381864599362
105	17	-0.20239983077393475
105	18	-0.15709171025039126
105	19	-0.21024359506628088
105	20	-0.11735682074576914
105	21	-0.08380206504468646
105	22	-0.11972934839172211
105	23	-0.3714610348877656
105	24	-0.3449511880083449
105	25	-0.8137355686614569
105	26	-1.1206961422273665
105	27	-1.287516053940415
105	28	-1.8078665934241087
106	1	-0.24406609840899307
106	2	-0.2448061674962858
106	3	-0.2576294708411737
106	4	-0.22973065478539922
106	5	-0.23455659650141314
106	6	-0.19892796109712663
106	7	-0.25178860979634976
106	8	-0.17739712905172667
106	9	-0.18165220254974201
106	10	0.04188885158013278
106	11	-0.24187799523345177
106	12	-0.18722090916022438
106	13	-0.22257252320141419
106	14	-0.1920814673230069
106	15	-0.20056234674638773
106	16	-0.19641780315380686
106	17	-0.2682801390994314
106	18	-0.30625185012963385
106	19	-0.38376205934021357
106	20	-0.37976998087453495
106	21	-0.3631965138760762
106	22	-0.21279469615128477
106	23	-0.16574333018461118
106	24	-0.22554057243828396
106	25	0.1857940921063701
106	26	-0.6118204025823957
106	27	-0.4128625885938746
106	28	-0.12119192355616093
107	1	-0.46049797422912775
107	2	-0.46829671696719544
107	3	-0.5597442044875081
107	4	-0.5045306175090332
107	5	-0.5206093630328326
107	6	-1.1879220054969437
107	7	-1.0854310981771107
107	8	-1.0436238501749315
107	9	-1.1287258190685634
107	10	-4.037664009758238
107	11	-1.2828768834065016
107	12	-1.290864566467576
107	13	-1.2905398137265323
107	14	-1.2635073261339116
107	15	-1.2905003397694585
107	16	-0.5223068607080847
107	17	-0.5049985473769425
107	18	-0.5444657127886572
107	19	-0.495456131763639
107	20	-0.3917462371842788
107	21	-0.6105012735445356
107	22	-0.6441938990668632
107	23	-0.6045760434098213
107	24	-0.975460799976922
107	25	-0.9135209763867778
107	26	-0.5266988512884652
107	27	-1.3675160539404132
107	28	-0.329509212735978
108	1	-0.46827500628199914
108	2	-0.5358052453052196
108	3	-0.6455496515092207
108	4	-0.568493687026745
108	5	-0.6165259135659085
108	6	-3.9051637828111367
108	7	-3.6985747846420622
108	8	-3.5737444866155172
108	9	-3.6098330923088184
108	10	-24.063398109430786
108	11	-4.72721505017719
108	12	-4.525430198334064
108	13	-4.459217622093281
108	14	-4.402582824368395
108	15	-4.6754602202444815
108	16	-0.5973263113035756
108	17	-0.6234120627621493
108	18	-0.6440704135269613
108	19	-0.697079928144106
108	20	-0.6410817952359409
108	21	-0.6786827784669569
108	22	-0.8351817095043543
108	23	-0.9990911721531432
108	24	-1.1178138465852854
108	25	-0.7475545898321556
108	26	-1.7207235048158722
108	27	-1.169738276162633
108	28	-1.5888428136994506
109	1	-0.3732928893205596
109	2	-0.3828515499555891
109	3	-0.44430288097098725
109	4	-0.4023953125725086
109	5	-0.3876449693602595
109	6	-0.4230951556722289
109	7	-0.4467283296009228
109	8	-0.39925169671016647
109	9	-0.40982194476252687
109	10	-0.1921183502438737
109	11	-0.428198330292787
109	12	-0.4196445500595658
109	13	-0.37986659584064597
109	14	-0.38346364098715213
109	15	-0.36205840397065714
109	16	-0.4171720811848232
109	17	-0.39202866074757736
109	18	-0.5382986609281701
109	19	-0.5324804756500683
109	20	-0.5269784253539953
109	21	-0.5085339666349711
109	22	-0.3890132120575913
109	23	-0.6261492049985193
109	24	0.01940089428799041
109	25	0.26382945096364807
109	26	-0.052873726226813744
109	27	-0.12344197986633532
109	28	0.6589265754563485
110	1	-0.3360150514110245
110	2	-0.31398142994216016
110	3	-0.35607400533413625
110	4	-0.3396745076075831
110	5	-0.3364905548485453
110	6	-0.2732129951386213
110	7	-0.36314271175159263
110	8	-0.3315411828537904
110	9	-0.35652375201843967
110	10	-0.18984071590317342
110	11	-0.4224053887283077
110	12	-0.44412078922400156
110	13	-0.4074016167211738
110	14	-0.47408438636658445
110	15	-0.43446569245175937
110	16	-0.46673705843504365
110	17	-0.4749336033219649
110	18	-0.4983967358669048
110	19	-0.37458456312983657
110	20	-0.431628226775274
110	21	-0.5308452059905449
110	22	-0.3531168631483368
110	23	-0.11933764171467942
110	24	-0.5972958219604863
110	25	-0.07836813795883302
110	26	0.24687042581997076
110	27	0.9514738450494846
110	28	1.7803687006935434
111	1	-0.27035546252464826
111	2	-0.30096546728874785
111	3	-0.400882754675294
111	4	-0.32492072400695093
111	5	-0.3277758496305623
111	6	-0.34085172716181233
111	7	-0.2986084146354173
111	8	-0.21198843833153802
111	9	-0.3235793201232511
111	10	0.0013282472773141762
111	11	-0.23533739686022415
111	12	-0.23036165964038702
111	13	-0.2813497380975818
111	14	-0.31282808036553433
111	15	-0.33991370088485695
111	16	-0.2981864974833073
111	17	-0.33870590962420266
111	18	-0.33086218744146834
111	19	-0.3420536927265516
111	20	-0.2766684536897941
111	21	-0.24532542679936142
111	22	-0.2023000534562982
111	23	-0.012515783705573824
111	24	-0.05222956811038415
111	25	-0.30065177807453836
111	26	-0.9415114760205228
111	27	-1.7536385029200048
111	28	-1.2275498513426584
112	1	-0.4833282825433116
112	2	-0.5311335640782389
112	3	-0.5761030853625186
112	4	-0.5755865341294637
112	5	-0.5217962537358574
112	6	-0.5530385149682928
112	7	-0.6484442946580486
112	8	-0.5870701924115949
112	9	-0.5838607560583355
112	10	-0.3157798455353671
112	11	-0.6763123276483967
112	12	-0.6997117567663764
112	13	-0.6264724839333979
112	14	-0.6454751076984664
112	15	-0.6328667897971982
112	16	-0.6079224983398532
112	17	-0.622768223211132
112	18	-0.6126394382328328
112	19	-0.7060914979102719
112	20	-0.6062186901425477
112	21	-0.6153376000867965
112	22	-0.6591095925915624
112	23	-0.5515516801902081
112	24	-0.78375732960194
112	25	-0.40352097638677975
112	26	0.1422088236100265
112	27	0.3120993306749753
112	28	1.500679466509304
113	1	-0.563869383595673
113	2	-0.5700746658616964
113	3	-0.5848865797516112
113	4	-0.5398635317600835
113	5	-0.5150872623342266
113	6	-0.5388770315128326
113	7	-0.46135879162611104
113	8	-0.44913654970010697
113	9	-0.49165427690724783
113	10	-0.2623173446900253
113	11	-0.49381692902396424
113	12	-0.5759109626673506
113	13	-0.5102540744100565
113	14	-0.494432037848334
113	15	-0.5039701207605418
113	16	-0.5530185987007101
113	17	-0.5349639551573233
113	18	-0.5690284694809407
113	19	-0.5392052560114564
113	20	-0.5974038696431307
113	21	-0.6543388915202826
113	22	-0.6766256148510621
113	23	-0.6776138761327601
113	24	-0.539793488564932
113	25	-0.45378314867141967
113	26	0.06314716378788177
113	27	-0.04185567658191758
113	28	-0.18496743376024227
114	1	-0.38347718435499445
114	2	-0.4157258217832336
114	3	-0.4131146230059173
114	4	-0.36386628378267716
114	5	-0.3615993258468748
114	6	-0.3510723818914201
114	7	-0.3317554575003072
114	8	-0.33521506159071635
114	9	-0.43703383269333784
114	10	-0.17024165686448356
114	11	-0.3969669862977341
114	12	-0.45486699514409423
114	13	-0.5093982097922805
114	14	-0.43318980943045915
114	15	-0.4361842742254254
114	16	-0.4654192701365929
114	17	-0.46841471772692955
114	18	-0.42432765227651004
114	19	-0.4829064631761284
114	20	-0.5336697227126805
114	21	-0.5786583942054904
114	22	-0.5259720957998013
114	23	-0.6109389166138541
114	24	-0.6639513462111566
114	25	-0.43852097638677634
114	26	-0.6807031035917959
114	27	-0.8018849859792496
114	28	-1.7803321754015755
115	1	-0.4868688333303055
115	2	-0.5283270751920028
115	3	-0.5978798590868095
115	4	-0.5209895368156694
115	5	-0.5100855072698067
115	6	-0.606571366064891
115	7	-0.5459734291133529
115	8	-0.4942623269365427
115	9	-0.5491047842690548
115	10	-0.31018427188467257
115	11	-0.5086639170441813
115	12	-0.5236609272268282
115	13	-0.5000552397156994
115	14	-0.5030120353987471
115	15	-0.6498132069315261
115	16	-0.5816254346320022
115	17	-0.5735193996599719
115	18	-0.5098946059813159
115	19	-0.5496256823135539
115	20	-0.6093103220854417
115	21	-0.3962213005054238
115	22	-0.4480926547110968
115	23	-0.3283890874659079
115	24	-0.21526658689516864
115	25	-0.29953630205727677
115	26	-0.09783585833303476
115	27	-0.11687089265009121
115	28	0.14446606377670435
116	1	-0.7977380151734579
116	2	-0.7773043498586318
116	3	-0.6594034178262973
116	4	-0.7742748066595553
116	5	-0.7567049503785057
116	6	-0.563747325686613
116	7	-0.6284895024236477
116	8	-0.7614986578882892
116	9	-0.6138605733545646
116	10	-0.37192408788278897
116	11	-0.6133868919141676
116	12	-0.5474395212886165
116	13	-0.6145558870652792
116	14	-0.6894682072052234
116	15	-0.5237712819692035
116	16	-0.6182916227719701
116	17	-0.6117049100722767
116	18	-0.5981883145850304
116	19	-0.538273310463893
116	20	-0.5903299115923986
116	21	-0.4369735443431253
116	22	-0.41945554933406726
116	23	-0.5707803160253846
116	24	-1.4349271784045001
116	25	-1.1828342811078087
116	26	-1.2721901331862426
116	27	-0.5629006693250247
116	28	1.2896566263901335
117	1	-0.5511124557634162
117	2	-0.5751340120764112
117	3	-0.6215213158136592
117	4	-0.613297585556289
117	5	-0.5750364444425315
117	6	-0.5836357653429047
117	7	-0.6379570380832007
117	8	-0.5188323112379862
117	9	-0.6333649933743857
117	10	-0.2852822967149109
117	11	-0.5309006122033679
117	12	-0.5136017497901975
117	13	-0.6027417571881273
117	14	-0.5253089677224665
117	15	-0.5170129982466491
117	16	-0.5342698418644147
117	17	-0.539112909491628
117	18	-0.5671947307030862
117	19	-0.5557297257453513
117	20	-0.5612927987943337
117	21	-0.5858441278229378
117	22	-0.5659388060887593
117	23	-0.4870215132084823
117	24	-0.9220854219836241
117	25	-0.4429886569951407
117	26	-0.8218795741800307
117	27	-0.6707303396546962
117	28	-0.9282710051888117
118	1	-0.5463864996636261
118	2	-0.6990783123021203
118	3	-0.6384919602249397
118	4	-0.6573546207863927
118	5	-0.6335778731897079
118	6	-0.5870920442841694
118	7	-0.5735850026273468
118	8	-0.6199465304043486
118	9	-0.6115819858897922
118	10	-0.33127814536932476
118	11	-0.613835566309497
118	12	-0.7623953452357313
118	13	-0.7322120443318383
118	14	-0.6869366497663378
118	15	-0.7344106240017325
118	16	-0.903035336403498
118	17	-0.8264832834979572
118	18	-0.8369724538293255
118	19	-0.9980265200337044
118	20	-1.0198163177309354
118	21	-0.8889461139276378
118	22	-0.956977498435414
118	23	-0.5573476793892382
118	24	-0.7694307628098827
118	25	-0.4558286686944726
118	26	0.10525610421193221
118	27	-0.7459031507146037
118	28	-1.1241496283772179
119	1	-0.6773720012523796
119	2	-0.8201233390511433
119	3	-0.7425119012034287
119	4	-0.8226429802122013
119	5	-0.7811966581586773
119	6	-0.7874551566719106
119	7	-0.7011259541873542
119	8	-0.6949591775055524
119	9	-0.8000755451349519
119	10	-0.5021700999986365
119	11	-0.7647923568990507
119	12	-0.7422089485124275
119	13	-0.7335214261161198
119	14	-0.7386815378757348
119	15	-0.799564144722396
119	16	-0.7577305409279802
119	17	-0.7507949757992165
119	18	-0.7636328531038643
119	19	-0.7908569390611149
119	20	-0.7880596896627878
119	21	-0.8816504636977243
119	22	-0.7209471529910516
119	23	-0.8448999297266013
119	24	-0.7002295956677003
119	25	0.2601153872495843
119	26	0.6011973488968891
119	27	0.11335351127697635
119	28	-1.2003615224301925
120	1	-0.881077485007431
120	2	-0.9544853126591093
120	3	-0.9055554334515818
120	4	-0.9090248428144321
120	5	-0.8832815130264322
120	6	-0.8744260003427371
120	7	-0.913656565598572
120	8	-0.8317675673157723
120	9	-0.9272305949922313
120	10	-0.6537687805429258
120	11	-0.8886553013895195
120	12	-0.9401952733680403
120	13	-0.8407162462062416
120	14	-0.9179986369695996
120	15	-0.9480813453733319
120	16	-0.9280075575161604
120	17	-0.9989459670125171
120	18	-1.013193482304942
120	19	-0.9416696737608916
120	20	-1.0030282278869436
120	21	-1.0501003683237826
120	22	-0.8593406797992458
120	23	-0.5769577676047319
120	24	-0.42686098896576397
120	25	-0.8931506060164054
120	26	-0.13062274357893955
120	27	0.2576121511877929
120	28	-0.6313960051888117
>>END_MODULE
>>Per sequence quality scores	pass
#Quality	Count
2	177000.0
3	3777.0
4	1611.0
5	2002.0
6	2700.0
7	4394.0
8	4171.0
9	2846.0
10	2780.0
11	3337.0
12	4229.0
13	4936.0
14	5824.0
15	6736.0
16	7188.0
17	8103.0
18	10095.0
19	13295.0
20	17591.0
21	21313.0
22	24336.0
23	27119.0
24	29563.0
25	30876.0
26	30163.0
27	31756.0
28	35524.0
29	39377.0
30	44601.0
31	51676.0
32	61574.0
33	75901.0
34	97907.0
35	146751.0
36	245845.0
37	444040.0
38	859920.0
39	2314989.0
40	438652.0
>>END_MODULE
>>Per base sequence content	fail
#Base	G	A	T	C
1	6.978238116211774	32.46441138721945	49.931204978474916	10.626145518093857
2	25.372612548439584	36.61112154655389	20.609690900516995	17.406575004489532
3	16.744298280892387	22.5273238720448	17.72552588598568	43.002851961077134
4	25.396177908368106	43.59345149575145	14.373626019302232	16.63674457657821
5	23.932579972848426	29.517416634142517	34.733914981315955	11.816088411693096
6	27.354888876141676	14.268934021533047	42.75436976450268	15.621807337822602
7	18.801637942314347	24.435945050499598	20.790803558272962	35.97161344891309
8	21.337091268331182	42.24197627139614	20.14411874424734	16.276813716025337
9	16.447104867963922	39.74688109770214	32.820763150884744	10.985250883449192
10	25.36281980827915	21.70159292234574	21.85268891218765	31.082898357187467
11	40.6392504036931	8.081210265708226	18.81867797119804	32.46086135940064
12	17.813859139594868	15.088030020506189	29.01709199028885	38.081018849610096
13	18.181271137367276	20.79389237992813	43.2424067631327	17.782429719571894
14	38.24827403393798	27.532390159532937	22.67872632356247	11.540609482966612
15	42.58733394553528	17.979347279211154	27.99764395387445	11.435674821379111
16	14.98840590958353	16.065646791645506	28.561074863760766	40.3848724350102
17	33.44329682005692	21.362066308769823	32.920660950664896	12.27397592050836
18	39.47841227640351	16.487000163333185	23.262123190733302	20.77246436953
19	29.50680301307601	14.85315263872396	39.293200057121844	16.346844291078185
20	56.839069547536745	14.1513542377904	19.955449036741026	9.054127177931829
21	15.7725630484706	28.50625340478133	26.859007699950034	28.86217584679803
22	40.42667280565382	10.617129414506355	38.70548444782064	10.250713332019183
23	13.281712888572644	24.132397357227745	41.40304203703487	21.182847717164737
24	18.641162772950306	18.133161180675728	42.74225983363618	20.483416212737783
25	23.099043348672968	17.29008517649321	23.205677850178525	36.4051936246553
26	13.821268024269816	17.494288732221378	28.108649193053132	40.57579405045567
27	13.799024226814918	15.556881713675482	29.998743639675858	40.64535041983374
28	14.2143163134167	25.99294180045287	23.5960098733196	36.196732012810834
>>END_MODULE
>>Per sequence GC content	warn
#GC Content	Count
0	1.0
1	1.0
2	2.5
3	6.0
4	8.0
5	8.0
6	9.0
7	12.0
8	19.0
9	27.0
10	31.5
11	39.5
12	53.5
13	85.0
14	128.5
15	194.5
16	292.5
17	442.0
18	707.5
19	1028.5
20	2587.5
21	4690.5
22	5437.0
23	6646.0
24	9144.0
25	21247.0
26	36244.5
27	40438.5
28	46603.0
29	55192.5
30	104687.5
31	199058.0
32	252483.0
33	317154.0
34	450251.0
35	524383.0
36	560902.0
37	566111.0
38	545601.0
39	644621.0
40	735701.5
41	754713.0
42	766927.5
43	880398.5
44	1014406.5
45	1109701.5
46	1391315.5
47	1599939.5
48	1542114.0
49	1479041.0
50	1210369.5
51	941698.0
52	720092.5
53	481188.0
54	434457.5
55	378327.0
56	342614.0
57	350496.5
58	368406.0
59	350409.5
60	331491.0
61	300974.5
62	293322.5
63	300174.5
64	262235.5
65	238311.5
66	210066.0
67	176796.0
68	139976.5
69	103520.5
70	93246.5
71	76150.0
72	61414.0
73	58689.0
74	45952.0
75	32127.5
76	26012.5
77	22158.5
78	21355.5
79	22235.5
80	22208.0
81	21141.0
82	21246.0
83	19855.5
84	18279.0
85	18737.5
86	19769.0
87	19978.0
88	19730.5
89	19440.5
90	19147.5
91	13403.5
92	5358.0
93	2214.5
94	1470.0
95	1337.0
96	1330.0
97	907.5
98	332.0
99	179.0
100	179.0
>>END_MODULE
>>Per base N content	pass
#Base	N-Count
1	1.0455154355667582
2	0.10192149289398927
3	0.018277258703630596
4	0.001668385666280126
5	0.0
6	0.0
7	0.0
8	1.4996725090158438E-4
9	1.6871315726428243E-4
10	0.05226358693920215
11	0.0
12	2.062049699896785E-4
13	8.810575990468082E-4
14	0.004480271620684833
15	0.03439873817555091
16	0.005904960504249885
17	0.0
18	0.0
19	0.0
20	0.0
21	0.0
22	0.001074688290903414
23	0.0011010282916100957
24	0.028042566967093285
25	0.002622091117666339
26	0.0012282145445166362
27	0.0
28	0.0020399004528579004
>>END_MODULE
>>Sequence Length Distribution	warn
#Length	Count
17	216126.0
18	167551.0
19	179207.0
20	470677.0
21	765028.0
22	2082722.0
23	968210.0
24	256152.0
25	65987.0
26	67324.0
27	46492.0
28	49022.0
>>END_MODULE
>>Sequence Duplication Levels	fail
#Total Deduplicated Percentage	6.058052364838695
#Duplication Level	Percentage of deduplicated	Percentage of total
1	79.35844284776196	4.807576023638008
2	7.611576850371582	0.9222266227709006
3	3.091969189125606	0.5619393377457229
4	1.7830021793897846	0.43206082277459323
5	1.1251799168352825	0.3408199428026495
6	0.8201474383462273	0.29810976770338565
7	0.6264837051786101	0.26566897641831305
8	0.498958085071543	0.24181713657784384
9	0.38954735059891654	0.21239084236611733
>10	3.269376369666078	4.1240187489273366
>50	0.5647480026445517	2.400115479898175
>100	0.6018412437408115	7.859636730499068
>500	0.10818923231084421	4.518475595227402
>1k	0.11004390486474439	14.104684148891991
>5k	0.02194695855448554	9.340802064118913
>10k+	0.018546725539001864	49.5696577596396
>>END_MODULE
>>Overrepresented sequences	fail
#Sequence	Count	Percentage	Possible Source
AACATTCAACGCTGTCGGTGAG	356066	6.674779894940443	No Hit
AACATTCAACGCTGTCGGTGAGT	314773	5.900705183505552	No Hit
TTCAAGTAATCCAGGATAGGCT	234280	4.391790942652898	No Hit
AAGCTGCCAGTTGAAGAACTGT	149890	2.8098239047048104	No Hit
TTCACAGTGGCTAAGTTCTG	129299	2.423826946790495	No Hit
TGAGGTAGTAGGTTGTATAGTT	101821	1.9087269317562778	No Hit
TCGGATCCGTCTGAGCTTGGCT	71617	1.342525575977346	No Hit
AACATTCAACGCTGTCGGTGA	66908	1.2542511029154009	No Hit
TGAGGTAGTAGATTGTATAGTT	66668	1.2497520853883533	No Hit
TCTTTGGTTATCTAGCTGTATGA	64832	1.2153346013064397	No Hit
TGAGATGAAGCACTGTAGCT	53076	0.9949577261065614	No Hit
CCTGTCTGAGCGTCGCT	50991	0.955872511340336	No Hit
TTCACAGTGGCTAAGTTCTGC	46971	0.8805139677622899	No Hit
TCTTTGGTTATCTAGCTGTATG	34255	0.6421410224542216	No Hit
TGAGGTAGTAGGTTGTATGGTT	34099	0.6392166610616407	No Hit
TATTGCACTCGTCCCGGCCTCC	33896	0.635411242070013	No Hit
TGAGATGAAGCACTGTAGCTCT	32794	0.6147532532583198	No Hit
TGTAAACATCCTCGACTGGAAGCT	31730	0.594807608888409	No Hit
AGCAGCATTGTACAGGGCTATGA	30580	0.5732498165713062	No Hit
TCTTTGGTTATCTAGCTGTAT	30373	0.5693694139542277	No Hit
TGAGGTAGTAGTTTGTACAGTT	29476	0.5525543359468875	No Hit
TGAGGTAGTAGGTTGTATAGT	29043	0.5444373584918394	No Hit
AGGCAGTGTAGTTAGCTGATTGC	28558	0.5353455939059307	No Hit
TGTAAACATCCTCGACTGGA	27316	0.5120631782034598	No Hit
TGAGATGAAGCACTGTAGCTC	27113	0.5082577592118321	No Hit
CAACGGAATCCCAAAAGCAGCTG	25983	0.4870748850219833	No Hit
TGTAAACATCCTTGACTGGAAGCT	24972	0.4681227736892956	No Hit
CATTATTACTTTTGGTACGCG	24832	0.46549834679851787	No Hit
TTCAAGTAATCCAGGATAGGCA	23852	0.4471273585630738	No Hit
AGCTGGTGTTGTGAATCAGGCCG	21507	0.4031682081425469	No Hit
TCACAGTGAACCGGTCTCTTT	20648	0.38706547457698925	No Hit
CGCCTGTCTGAGCGTCGCT	19979	0.3745244632203442	No Hit
TGAGGTAGTAGATTGTATAGT	19713	0.3695380521278666	No Hit
AACATTCAACGCTGTCGGTGAGA	19357	0.36286450946274607	No Hit
AACATTCATTGCTGTCGGTGGG	19047	0.3570532784903097	No Hit
TCGAGGAGCTCACAGTCTAGT	18776	0.3519731378660185	No Hit
TGAGACCTCTGGGTTCTGAGCT	18667	0.3499298340724844	No Hit
TGAGATGAAGCACTGTAGCTCA	18222	0.3415879057410838	No Hit
AATATAACACAGATGGCCTGT	17292	0.3241542128237746	No Hit
TGAGGTAGTAGGTTGTGTGGTT	17022	0.3190928181058461	No Hit
TGAGGTAGTAGTTTGTGCTGTT	16345	0.3064018394982995	No Hit
TGAGGTAGTAAGTTGTATTGTT	15934	0.29869727198323065	No Hit
GTACAGTACTGTGATAACTGA	15214	0.28520021940208806	No Hit
TTCAAGTAATCCAGGATAGGCC	15214	0.28520021940208806	No Hit
TATTGCACTTGTCCCGGCCTGT	14759	0.27667083200706044	No Hit
TCCCTGAGACCCTAACTTGTGA	14545	0.2726592080454431	No Hit
TAGCAGCACGTAAATATTGGCG	14192	0.26604190309941067	No Hit
TGTAAACATCCCCGACTGGAAGCT	13355	0.2503515794738324	No Hit
AACATTCAACGCTGTCGGTGAGTT	13350	0.25025784994201894	No Hit
TAGTGGTTAGTACTCTGCGT	12704	0.23814799443171597	No Hit
AACATTCATTGCTGTCGGTGGGT	12659	0.23730442864539456	No Hit
AACATTCAACCTGTCGGTGAGT	12521	0.23471749356734226	No Hit
TTCAAGTAATCCAGGATAGGC	12491	0.23415511637646128	No Hit
TCCAGCATCAGTGATTTTGTT	11961	0.22421978600423134	No Hit
AACATTCAACCTGTCGGTGAGTT	11816	0.2215016295816401	No Hit
GCTAAATTTGACTGGCTT	11616	0.21775244830910048	No Hit
AAAAATAACAATACAGGACTCT	10938	0.20504272379519123	No Hit
TACAGTACTGTGATAACTGACT	10615	0.19898779604003974	No Hit
TAGCACCATCTGAAATCGGTT	10293	0.19295161419125098	No Hit
CTCCCCGGGGGAGCGCC	10263	0.19238923700037003	No Hit
TCGGATCCGTCTGAGCTTGGCA	9879	0.18519080895709397	No Hit
TCGGATCCGTCTGAGCTTGGCTT	9824	0.18415978410714562	No Hit
AACATTCAACGCTGTCGGTGAGC	9791	0.18354116919717656	No Hit
TTCCCTTTGTCATCCTATGCCT	9710	0.18202275078179803	No Hit
ATAGGCGATAGAAATTGAAACCT	9603	0.18001693880098935	No Hit
AACATTCAACGCTGTCGGTG	9384	0.17591158530755846	No Hit
CCTGTCTGAGCGTCGCC	9282	0.17399950285856325	No Hit
TGTAAACATCCTACACTCTCAGCT	9105	0.17068147743236572	No Hit
GGTTAGGATTCGGCGCTC	8959	0.1679445751034118	No Hit
TTCAAGTAATTCAGGATAGGTT	8883	0.16651988621984676	No Hit
TATTGCACTCGTCCCGGCCTCA	8867	0.16621995171804357	No Hit
TTCACAGTGGCTAAGTTCTGCT	8677	0.16265822950913095	No Hit
CATCATCGTCTCAAATGAGTCT	8612	0.16143974559555557	No Hit
TGTAAACATCCTCGACTGGAA	8565	0.16055868799650874	No Hit
GTCAGGATGGCCGAGCGGTCTAAGGC	8531	0.15992132718017701	No Hit
TCCAGCATCAGTGATTTTGTTG	8481	0.15898403186204213	No Hit
AACATTCAACGCTGTCGGTGAGG	8470	0.15877782689205244	No Hit
TCGGATCCGTCTGAGCTTGGC	8431	0.15804673654390725	No Hit
TCGGATCCGTCTGAGCTTGG	8364	0.15679076081760646	No Hit
TAGTAGACCGTATAGCGTACG	8351	0.15654706403489138	No Hit
TATACAAGGGCAAGCTCTCTGT	8218	0.15405385848865255	No Hit
AGCAGCATTGTACAGGGCTATG	8177	0.1532852763277819	No Hit
GTACAGTACTGTGATAACTGAA	7534	0.14123165853656708	No Hit
TTCAAGTAATCCAGGATAGGCG	7520	0.1409692158474893	No Hit
TACAGTACTGTGATAACTGAAG	7416	0.1390196415857687	No Hit
TGAGGTAGGAGGTTGTATAGTT	7343	0.13765119042129173	No Hit
TTCAAGTAATCCAGGATAGGCTT	7332	0.13744498545130207	No Hit
ATAGTAGACCGTATAGCGTACG	7305	0.13693884597950923	No Hit
AACCCGTAGATCCGAACTTGTG	7253	0.13596405884864893	No Hit
TACGCCTGTCTGAGCGTCGCT	7249	0.13588907522319812	No Hit
TGTAAACATCCTACACTCAGCT	7014	0.1314837872279641	No Hit
TCTTTGGTTATCTAGCTGTATGT	6986	0.13095890184980855	No Hit
TCGGATCCGTCTGAGCTTGGCC	6962	0.1305090000971038	No Hit
CACCCGTAGAACCGACCTTGCG	6900	0.12934675390261652	No Hit
GTACAGTACTGTGATAACT	6872	0.12882186852446098	No Hit
TTATAAAGCAATGAGACTGATT	6776	0.12702226151364196	No Hit
TATTGCACTTGTCCCGGCCTGTAA	6671	0.12505394134555867	No Hit
TAGCTTATCAGACTGATGTTGA	6589	0.12351677702381741	No Hit
CTAGACTGAAGCTCCTTGAGGA	6588	0.12349803111745472	No Hit
AGCAGCATTGTACAGGGCTATGT	6563	0.12302938345838726	No Hit
TACAGTACTGTGATAACTGAA	6509	0.12201710451480159	No Hit
TCGACACAAGGGTTTGT	6409	0.12014251387853178	No Hit
AACATTCATTGCTGTCGGTGGA	6384	0.11967386621946433	No Hit
AGCTGGTGTTGTGAATCAGGCCA	6341	0.11886779224586833	No Hit
CGCGACCTCAGATCAGA	6182	0.11588719313419932	No Hit
TAAGGCACGCGGTGAATGCCA	6157	0.11541854547513188	No Hit
TCACAGTGAACCGGTCTCTT	6132	0.11494989781606442	No Hit
CCTCGACACAAGGGTTTGT	6064	0.11367517618340096	No Hit
TAGCACCATCTGAAATCGGTTA	6016	0.11277537267799145	No Hit
TACCTGGTTGATCCTGCC	5968	0.11187556917258193	No Hit
AGCTACATTGTCTGCTGGGTTT	5808	0.10887622415455024	No Hit
GTTTGTGATGACTTACA	5745	0.10769523205370027	No Hit
TAAGGCACGCGGTGAATGCC	5690	0.10666420720375187	No Hit
AACATTCAACGCTGTCGGTGT	5683	0.106532985859213	No Hit
TCGTACGACTCTTAGCGG	5679	0.1064580022337622	No Hit
TATTGCACTCGTCCCGGCCTC	5638	0.10568942007289157	No Hit
TCCCTGAGACCCTTTAACCTGT	5592	0.10482710838020748	No Hit
AGCTACATCTGGCTACTGGGTCTC	5571	0.10443344434659081	No Hit
TTCACAGTGGCTAAGTTCTGCA	5421	0.10162155839218612	No Hit
AACATTCAACGCTGTCGGTGAA	5367	0.10060927944860042	No Hit
>>END_MODULE
>>Adapter Content	pass
#Position	Illumina Universal Adapter	Illumina Small RNA 3' Adapter	Illumina Small RNA 5' Adapter	Nextera Transposase Sequence	SOLID Small RNA Adapter
1	0.0	0.0	0.0	0.0	0.0
2	0.0	0.0	0.0	0.0	0.0
3	0.0	0.0	0.0	0.0	0.0
4	0.0	0.0	0.0	0.0	0.0
5	0.0	0.0	0.0	0.0	0.0
6	0.0	0.0	0.0	0.0	0.0
7	0.0	0.0	0.0	0.0	0.0
8	0.0	0.0	0.0	0.0	0.0
9	0.0	0.0	0.0	0.0	0.0
10	0.0	0.0	0.0	0.0	0.0
11	0.0	0.0	0.0	0.0	0.0
12	0.0	0.0	0.0	0.0	0.0
13	0.0	0.0	0.0	0.0	0.0
14	0.0	0.0	0.0	0.0	0.0
15	0.0	0.0	0.0	0.0	0.0
16	0.0	0.0	0.0	0.0	0.0
>>END_MODULE
>>Kmer Content	warn
#Sequence	Count	PValue	Obs/Exp Max	Max Obs/Exp Position
TGTGTCC	5	0.002989772	1654.1471	22
GCGACCA	50	0.0	1654.147	22
CGTCGAT	25	3.45608E-11	1323.3176	22
TCTGATA	140	0.0	1122.4569	22
GCACCCA	90	0.0	1102.7648	22
TATGAAC	45	0.0	918.97064	22
TGTGCCG	20	3.842853E-5	827.07355	22
ATGGCCA	115	0.0	791.11383	22
GCCCATT	55	1.8189894E-12	751.885	22
CCTGACC	290	0.0	741.51416	22
GGCGACC	230	0.0	741.1434	21
ACTTTCG	80	0.0	723.68933	22
TTCGCCA	120	0.0	689.22797	22
CCGACGC	25	7.502182E-5	661.6588	22
TAGTCTT	65	5.456968E-12	636.2104	22
GCGTCGA	35	7.2759576E-12	608.7963	21
GACACCT	55	1.7480488E-9	601.508	22
GGATTCC	435	0.0	570.3955	22
GTGCACC	150	0.0	568.2099	21
TTAACCA	15	1.18583615E-4	568.2099	21
>>END_MODULE
