##FastQC	0.11.5
>>Basic Statistics	pass
#Measure	Value
Filename	cc7
File type	Conventional base calls
Encoding	Illumina 1.5
Total Sequences	9001315
Sequences flagged as poor quality	0
Sequence length	17-28
%GC	47
>>END_MODULE
>>Per base sequence quality	pass
#Base	Mean	Median	Lower Quartile	Upper Quartile	10th Percentile	90th Percentile
1	35.496220496671874	39.0	36.0	40.0	28.0	40.0
2	35.2353942729479	39.0	36.0	40.0	25.0	40.0
3	35.39131071404567	39.0	36.0	40.0	25.0	40.0
4	35.183104024245345	39.0	36.0	40.0	25.0	40.0
5	35.30432553465799	39.0	36.0	40.0	25.0	40.0
6	35.15745777144784	39.0	36.0	40.0	23.0	40.0
7	35.30747740746769	39.0	36.0	40.0	25.0	40.0
8	35.23583087582203	39.0	36.0	40.0	25.0	40.0
9	35.20397475257782	39.0	36.0	40.0	25.0	40.0
10	35.17993170997793	39.0	36.0	40.0	25.0	40.0
11	35.33576627414995	39.0	36.0	40.0	26.0	40.0
12	35.26549176425889	39.0	36.0	40.0	26.0	40.0
13	35.118469356977286	39.0	36.0	40.0	25.0	40.0
14	35.193762244738686	39.0	36.0	40.0	26.0	40.0
15	34.68629161405861	39.0	35.0	40.0	22.0	40.0
16	35.284922591865744	39.0	36.0	40.0	26.0	40.0
17	35.1516052932266	39.0	36.0	40.0	26.0	40.0
18	35.09504887076993	39.0	36.0	40.0	26.0	40.0
19	35.00523596214842	39.0	35.0	40.0	25.0	40.0
20	34.8039996982124	39.0	35.0	40.0	25.0	40.0
21	34.85506736577083	39.0	35.0	40.0	25.0	40.0
22	35.04487324117515	39.0	36.0	40.0	25.0	40.0
23	34.75115982574668	39.0	35.0	40.0	24.0	40.0
24	34.67863560073863	39.0	35.0	40.0	25.0	40.0
25	34.759527677277944	39.0	35.0	40.0	25.0	40.0
26	34.48269028705203	38.0	35.0	40.0	25.0	40.0
27	35.09041088142974	38.0	35.0	40.0	27.0	40.0
28	34.66667048172776	38.0	35.0	40.0	25.0	40.0
>>END_MODULE
>>Per tile sequence quality	fail
#Tile	Base	Mean
1	1	-0.9158786308661604
1	2	-0.8569742987431752
1	3	-0.9628508785840566
1	4	-0.9293747338871441
1	5	-0.9235916780770452
1	6	-0.8765320292205203
1	7	-0.9033938936390555
1	8	-1.000049771858997
1	9	-1.022515489792461
1	10	-0.9273771725858637
1	11	-0.9625823567516463
1	12	-1.0112246906114848
1	13	-0.9034398259787224
1	14	-0.9825894916215816
1	15	-0.8365433663611981
1	16	-1.0408463760725652
1	17	-0.9308226256170755
1	18	-0.9277864426158331
1	19	-0.9142683698583838
1	20	-1.0421655356866069
1	21	-1.208540699132051
1	22	-1.1374715433997693
1	23	-1.2293098888544591
1	24	-1.3831880529380385
1	25	-1.4600873893899262
1	26	-1.106994912705332
1	27	-0.7095279636187968
1	28	1.2837045962250002
2	1	-0.9695275789326487
2	2	-0.8397299660768311
2	3	-1.0401746049450722
2	4	-1.0267667847253463
2	5	-1.0087775159436774
2	6	-0.9325817803147984
2	7	-1.0226658970740488
2	8	-1.045579903435943
2	9	-1.08200234335483
2	10	-0.9867089888508858
2	11	-1.0104031395132012
2	12	-1.023342222817746
2	13	-0.863474471672049
2	14	-0.9967174134596561
2	15	-0.46497939646033615
2	16	-1.0000385070978979
2	17	-0.9776981358810346
2	18	-1.0025809181541732
2	19	-1.030997084757189
2	20	-1.065040613646545
2	21	-1.2396602640515297
2	22	-1.2677564258139284
2	23	-1.315949826884136
2	24	-1.3397945440958168
2	25	-1.9681737267840944
2	26	-1.874194576075837
2	27	-2.1282817203809685
2	28	-1.3662954037749984
3	1	-1.1409783825730315
3	2	-0.9957785873937368
3	3	-1.1088333396618566
3	4	-1.0684906144588382
3	5	-1.0755715927853942
3	6	-1.0854638679891622
3	7	-1.0988432242318567
3	8	-1.1973193211942785
3	9	-1.235951558348738
3	10	-1.1073235375406227
3	11	-1.1328861448174266
3	12	-1.153005550779163
3	13	-1.0371642796223384
3	14	-1.1408163834053013
3	15	-0.6068391573735923
3	16	-1.110058326054073
3	17	-1.057112534950484
3	18	-1.06290468838084
3	19	-1.1308643785016699
3	20	-1.1861107949176173
3	21	-1.372649235336155
3	22	-1.3507906835627068
3	23	-0.9651407636925313
3	24	-0.12438636301357775
3	25	0.10264312780412155
3	26	0.9343653299712713
3	27	0.8799164617612547
3	28	0.15144653170887068
4	1	-0.9111650190639864
4	2	-0.7814857114072922
4	3	-0.8693525187369957
4	4	-0.8896988198824403
4	5	-0.906369122754711
4	6	-0.8275638797670837
4	7	-0.8960011097201743
4	8	-0.9928553519744199
4	9	-0.9663817478482883
4	10	-0.89832956605607
4	11	-0.8878981991973376
4	12	-0.8822954169577457
4	13	-0.7940360193916476
4	14	-0.9053020897056214
4	15	-0.2926114291943662
4	16	-0.8679448463564086
4	17	-0.7783394723805657
4	18	-0.8248662498140718
4	19	-0.8661194008903479
4	20	-0.9956962728382095
4	21	-1.2085637818229742
4	22	-1.283214799816534
4	23	-1.4141963755252718
4	24	-1.7949467615191779
4	25	-1.1495425184383095
4	26	-0.5764655985532698
4	27	0.1900384256932881
4	28	-0.21629540377499978
5	1	-0.7252240750857126
5	2	-0.5961325273290967
5	3	-0.5921269508653424
5	4	-0.5915250346896315
5	5	-0.6453549794800608
5	6	-0.4983953095492666
5	7	-0.4796665102029394
5	8	-0.6442695609398825
5	9	-0.5841388490060524
5	10	-0.4828205396337779
5	11	-0.41978642759986684
5	12	-0.43423544518676493
5	13	-0.28529968970035213
5	14	-0.36314130716706927
5	15	0.23300947468537458
5	16	-0.46237636500892876
5	17	-0.3242085375240009
5	18	-0.25910442188465055
5	19	-0.2734981970325876
5	20	-0.2869244215478517
5	21	-0.30448362777949
5	22	-0.4542985460310476
5	23	-0.4687338882217773
5	24	-0.4281114583047767
5	25	-0.6596722703162996
5	26	-0.4192531899272822
5	27	-0.6744230025369475
5	28	-0.37727101353110015
6	1	-1.007181329643025
6	2	-0.804566285817657
6	3	-1.0231219824903235
6	4	-0.9553359757548421
6	5	-0.9371656901627432
6	6	-0.8993986300878163
6	7	-0.939695129912046
6	8	-0.9415739697004852
6	9	-0.980363501578907
6	10	-0.839523196631319
6	11	-0.8757474078312626
6	12	-0.8638181463270769
6	13	-0.984955237749972
6	14	-0.8350699362325784
6	15	-0.3534999050177632
6	16	-0.8505098258853607
6	17	-0.859899706505999
6	18	-0.8469532421699242
6	19	-0.8841717570704475
6	20	-0.9428765789694111
6	21	-1.0942688682162114
6	22	-1.0513070972112288
6	23	-1.0590429083028425
6	24	-0.9191368639826649
6	25	-1.2547809659684717
6	26	-0.4787254450271874
6	27	-1.2310800103148978
6	28	0.40592681844722023
7	1	-0.5766789723071142
7	2	-0.47494563571590476
7	3	-0.6457510669491597
7	4	-0.5433655173275156
7	5	-0.5641939652781147
7	6	-0.5882334942415639
7	7	-0.6274647151003734
7	8	-0.628743699591972
7	9	-0.7266832453729108
7	10	-0.5895925386413197
7	11	-0.8347803773921854
7	12	-0.8465644749533752
7	13	-1.0823062535598496
7	14	-0.8437376509290146
7	15	-1.2095212795613648
7	16	-0.9391040460929716
7	17	-0.8608082196480851
7	18	-0.8703611737465167
7	19	-0.866660082978882
7	20	-0.8497057384045021
7	21	-0.8224077264095868
7	22	-0.8181814106530254
7	23	-0.7188912915042351
7	24	-0.8620264263117932
7	25	-0.5586492524134883
7	26	-0.4252032148254514
7	27	-0.46505591392935486
7	28	0.4694188819392835
8	1	-0.6259175547625304
8	2	-0.49902094748210146
8	3	-0.6152628315617079
8	4	-0.5911817656615881
8	5	-0.5617234858880025
8	6	-0.530927862220878
8	7	-0.618369104816054
8	8	-0.6612759669969321
8	9	-0.6985693019668062
8	10	-0.5851743138047354
8	11	-0.8089838068203719
8	12	-0.7886949070629115
8	13	-0.7177074343842449
8	14	-0.750810400341976
8	15	-1.2479009977025015
8	16	-0.8601511402416051
8	17	-0.8075558952843096
8	18	-0.8123974474080455
8	19	-0.938902117873738
8	20	-0.9498419478717111
8	21	-0.9320303929409306
8	22	-0.8705208980494206
8	23	-0.7652551691448934
8	24	-0.46906706907232376
8	25	-0.631253191446028
8	26	-0.5461851114204066
8	27	-0.7221987710722075
8	28	-0.5255977293563987
9	1	-0.5132780836925548
9	2	-0.33669671232671305
9	3	-0.544449891392425
9	4	-0.5459491220614083
9	5	-0.504405923941242
9	6	-0.4584450550715573
9	7	-0.48508912686489936
9	8	-0.5246830589721228
9	9	-0.6016366054655435
9	10	-0.46646343435458704
9	11	-0.4978956800839285
9	12	-0.47340493040400133
9	13	-0.4178884994323795
9	14	-0.48148767549219684
9	15	0.09094651594678282
9	16	-0.47755105220775107
9	17	-0.43015535738936705
9	18	-0.4870700323555397
9	19	-0.4886898286574777
9	20	-0.6269099753862761
9	21	-0.7019642316261283
9	22	-0.825842375212865
9	23	-0.6635953456879662
9	24	-0.4979800317984697
9	25	-1.2529489402520042
9	26	-0.6390965764799574
9	27	-0.4707701996436384
9	28	-0.2994414711907325
10	1	-0.35291070600991503
10	2	-0.20691972219864851
10	3	-0.3458207582920707
10	4	-0.35591755821297255
10	5	-0.35194107609627423
10	6	-0.3712539294523012
10	7	-0.4070154763103204
10	8	-0.4844121137714126
10	9	-0.4519005730539263
10	10	-0.3492163476374017
10	11	-0.3707692017578381
10	12	-0.4009743666851264
10	13	-0.2826023307937575
10	14	-0.43049779896157503
10	15	0.09914897218751406
10	16	-0.3789288931248649
10	17	-0.3688964583915748
10	18	-0.40349930234361153
10	19	-0.4581584909023064
10	20	-0.45748254056944404
10	21	-0.735337304283938
10	22	-0.687842170979124
10	23	-0.6758313533871103
10	24	-0.9826063835699443
10	25	-1.2107532871849145
10	26	-0.7803354107880978
10	27	-2.0079506507714555
10	28	-1.3779392393914378
11	1	-0.4132805535029789
11	2	-0.24334713998982238
11	3	-0.4481314525596005
11	4	-0.42030932538855126
11	5	-0.3938997362943084
11	6	-0.3217320177141332
11	7	-0.37853957552140116
11	8	-0.425611707692525
11	9	-0.44394769969962056
11	10	-0.36205690664562695
11	11	-0.3286076183757132
11	12	-0.3494514739814889
11	13	-0.1760223569829762
11	14	-0.30828820588398287
11	15	0.21802860472720198
11	16	-0.30399839970853293
11	17	-0.2695109375401188
11	18	-0.30956985961630323
11	19	-0.38641167789798914
11	20	-0.459115501252775
11	21	-0.5645141740742972
11	22	-0.5858892927488384
11	23	-0.5188928132291437
11	24	-0.23784602441843816
11	25	-0.9619734098228818
11	26	-0.5743488645953647
11	27	-0.8132912080469978
11	28	-2.1092246967042954
12	1	-0.2662226965583585
12	2	-0.0525884167123678
12	3	-0.2438374481740766
12	4	-0.28585681173392175
12	5	-0.24674085042710914
12	6	-0.1580392965924844
12	7	-0.20315965566839367
12	8	-0.2932258448229774
12	9	-0.28474459382681516
12	10	-0.19910566705613064
12	11	-0.2420645136193329
12	12	-0.25828714120086715
12	13	-0.14467838927449606
12	14	-0.2558173214760089
12	15	0.29621657827571113
12	16	-0.2513838734005205
12	17	-0.22027360762839976
12	18	-0.2205712943526521
12	19	-0.23034103682055473
12	20	-0.21887888995376414
12	21	-0.4937086442682741
12	22	-0.522217595378244
12	23	-0.3344342468633883
12	24	-0.45348517226097584
12	25	-0.43518835842608894
12	26	-0.6151809706336593
12	27	-0.9191735609881775
12	28	-0.5716145527111749
13	1	-0.16905439356673213
13	2	0.04719913389902075
13	3	-0.18791165486258166
13	4	-0.130893242921168
13	5	-0.1409943545250627
13	6	-0.0913543924050444
13	7	-0.19891506665496195
13	8	-0.23683711546684805
13	9	-0.24535206882166705
13	10	-0.13491771166295763
13	11	-0.20344343760880435
13	12	-0.19357657326804656
13	13	-0.034985953425525906
13	14	-0.14524414746945524
13	15	0.3869630665799022
13	16	-0.1691759358588456
13	17	-0.11029765177743656
13	18	-0.0737135137351217
13	19	-0.13741173414270236
13	20	-0.1632982801491636
13	21	-0.38310697762447177
13	22	-0.2782348699503032
13	23	-0.6060533039413372
13	24	-0.5982487468901283
13	25	-1.1021687640049365
13	26	-0.5558952563479451
13	27	-0.05495282114584654
13	28	0.8690978546519617
14	1	-0.17848451904824003
14	2	-7.590915102113627E-4
14	3	-0.18440071212376807
14	4	-0.13723709353044455
14	5	-0.15874668553671256
14	6	-0.09894052322790259
14	7	-0.15056868034298532
14	8	-0.16829806887047027
14	9	-0.20466378381692607
14	10	-0.11834359073682066
14	11	-0.09472370728875745
14	12	-0.12480256221513741
14	13	-0.030641055578627174
14	14	-0.1549270572506387
14	15	0.37430516447548
14	16	-0.12233278544066906
14	17	-0.09801988825854835
14	18	-0.17005833705765383
14	19	-0.1760290640966531
14	20	-0.24258372844933263
14	21	-0.2657194349780383
14	22	-0.38682961171120667
14	23	-0.3723423788994893
14	24	-0.8403334806965077
14	25	-0.4971253711770345
14	26	-0.4071452563479454
14	27	-0.35005591392935287
14	28	-0.34641588570271153
15	1	-0.3332738812511167
15	2	-0.08917488076052393
15	3	-0.3238508816911505
15	4	-0.2586498463864686
15	5	-0.2948296211551238
15	6	-0.19369685933784098
15	7	-0.20963561605399406
15	8	-0.2566120019463298
15	9	-0.3210747811972112
15	10	-0.17446499249383862
15	11	-0.20791774715927858
15	12	-0.2242556640057245
15	13	-0.14658463343108252
15	14	-0.22097654237539643
15	15	0.35294681207626866
15	16	-0.19542230698672114
15	17	-0.17386782161991476
15	18	-0.20479534667262556
15	19	-0.19867916330032642
15	20	-0.247609251483901
15	21	-0.40940096334615106
15	22	-0.3799634023060108
15	23	-0.1445602925862488
15	24	-0.7814578180302334
15	25	-0.40576883529347896
15	26	-0.08145081190350112
15	27	-0.6412049822523329
15	28	-0.04706463454423471
16	1	0.012891425268875878
16	2	0.18304060820077694
16	3	0.012461629434810106
16	4	-0.014527353896880868
16	5	0.05771174085420938
16	6	0.07731243200287707
16	7	0.0785379250413456
16	8	-0.004139608665724381
16	9	-0.01759868455317104
16	10	0.07287685173723446
16	11	0.07436955346313567
16	12	0.0324561385826172
16	13	0.176839731072846
16	14	0.08714332281395798
16	15	0.6029843659126399
16	16	0.05513844150018343
16	17	0.12137442684454669
16	18	0.048512155774069754
16	19	-0.027229403236596283
16	20	-0.07506016762119572
16	21	-0.18403486394002755
16	22	-0.08293757015130154
16	23	0.1590098300338738
16	24	-0.3997391155981376
16	25	-0.2757350722486649
16	26	0.2258157702680208
16	27	0.6523634409093546
16	28	2.1475600179117436
17	1	-0.1454628286967079
17	2	9.617350840187555E-4
17	3	-0.11045198468607254
17	4	-0.13881830778439053
17	5	-0.13521724098761467
17	6	-0.08711098292869934
17	7	-0.19384544048953956
17	8	-0.23697535759324495
17	9	-0.24680202065518841
17	10	-0.14541991326417758
17	11	-0.1421600791736708
17	12	-0.12365439701667924
17	13	0.0026729010852619695
17	14	-0.1716742959359081
17	15	0.38478077160802826
17	16	-0.12137974311778521
17	17	-0.03595074977536683
17	18	-0.029744278601889107
17	19	-0.05870836741350871
17	20	-0.2047019324926893
17	21	-0.3694000335930454
17	22	-0.3493364256427398
17	23	-0.5680683251718719
17	24	-0.5903552927963815
17	25	-0.2095734560870497
17	26	-0.3833579429151115
17	27	-0.6667737053403968
17	28	-0.3747369622165593
18	1	-0.14217427548285855
18	2	0.044635934103659736
18	3	-0.16101393278817255
18	4	-0.12040259395663355
18	5	-0.11738333106851684
18	6	-0.05545754675188164
18	7	-0.11390927259114392
18	8	-0.14563666184923818
18	9	-0.15271577048468288
18	10	-0.06457584580508069
18	11	-0.04671079982434634
18	12	-0.032314406328758594
18	13	0.016586728035861142
18	14	-0.08004337451713184
18	15	0.4598873454914809
18	16	-0.09566434416283442
18	17	-0.06053514472289834
18	18	-0.001189692126793318
18	19	-0.1209543076303703
18	20	-0.12699761528087095
18	21	-0.3561993850282974
18	22	-0.27867510394104045
18	23	-0.324188730194912
18	24	-0.3499467615191776
18	25	0.11037603886244796
18	26	0.17410474365205175
18	27	0.5555892473609703
18	28	0.7303712628916657
19	1	0.1044109046510826
19	2	0.2508390338124826
19	3	0.055191862191549035
19	4	0.0690077897586292
19	5	0.07868496091032995
19	6	0.09733294232932366
19	7	0.10729985833863509
19	8	0.06535341572448772
19	9	0.03035733910679994
19	10	0.12659147160503892
19	11	0.13533088997795772
19	12	0.1178912737705673
19	13	0.27795701554614993
19	14	0.11620798968760937
19	15	0.6352120667224099
19	16	0.06215805368566407
19	17	0.12314653641919193
19	18	0.20979579534671444
19	19	0.07992802809913258
19	20	0.06556974218571554
19	21	-0.202171602051763
19	22	-0.13629899725199834
19	23	-0.01110418469723129
19	24	0.11148089533101313
19	25	0.5926481986626939
19	26	0.7048440432629519
19	27	1.4714958102085802
19	28	1.3837045962250016
20	1	0.030704509913761058
20	2	0.2546941414003925
20	3	0.05635214681704781
20	4	0.06756998888497634
20	5	0.1236628712592136
20	6	0.16657053307737613
20	7	0.03492667740657396
20	8	0.051951924626578716
20	9	0.03451993416246779
20	10	0.10806592775600166
20	11	0.07298547553738644
20	12	0.04547664454472766
20	13	0.19341746699062412
20	14	0.06268868315265053
20	15	0.6339994513960292
20	16	0.14187702295519955
20	17	0.10336909948474471
20	18	0.16041626689554533
20	19	0.08912038381446052
20	20	0.15490651775724018
20	21	-0.15973932487204934
20	22	-0.08898147697259162
20	23	0.03923295376612401
20	24	-0.4433844900105228
20	25	-0.08831677159506768
20	26	-0.19398864156195117
20	27	0.41188676122988
20	28	-0.2210573085369063
21	1	-0.06203020205265375
21	2	0.18993418779195537
21	3	-0.06443790800759075
21	4	0.055829321187964354
21	5	0.024773587530802388
21	6	0.06412829419882371
21	7	0.0390675225366337
21	8	-0.044801742219682694
21	9	-0.014381284089893143
21	10	0.0658998139872935
21	11	-0.0034494709769177234
21	12	-0.021274513476456036
21	13	0.09353932270676779
21	14	0.0644240501703024
21	15	0.569971920355421
21	16	0.08233374082793432
21	17	0.06931631488036061
21	18	0.07175356562831325
21	19	0.05064427812170891
21	20	0.027999872603068354
21	21	-0.1727243203159361
21	22	-0.14090679703694775
21	23	-0.18787598311491394
21	24	-0.408876220038799
21	25	-0.022528675941380527
21	26	0.3942660339746382
21	27	0.3763933614329673
21	28	1.0891100016304023
22	1	0.2503598285158688
22	2	0.47007288725126983
22	3	0.28860638220120194
22	4	0.288676890212372
22	5	0.32081007240412873
22	6	0.44743016839833416
22	7	0.3751978184875071
22	8	0.3298807764503522
22	9	0.31999092020077313
22	10	0.39647342076825254
22	11	0.45410902218878846
22	12	0.44620650593529376
22	13	0.44125418582859766
22	14	0.4672951552874238
22	15	0.9437250329432842
22	16	0.4072217209330091
22	17	0.5016687998970752
22	18	0.4115881324978403
22	19	0.3821360574081183
22	20	0.39998826626627704
22	21	0.20955223710714677
22	22	0.10897166730233465
22	23	0.06583009713551746
22	24	0.1596107339654722
22	25	0.6007221226511561
22	26	0.3266594881776044
22	27	-0.048185165630030724
22	28	-1.5205207558876808
23	1	-0.07171741385554498
23	2	0.14706966474366823
23	3	-0.037201535351357506
23	4	-0.03288370555912934
23	5	0.03649734034234342
23	6	0.02749561123104627
23	7	-0.02265411902947534
23	8	-0.051038762421860895
23	9	-0.07895786440321473
23	10	0.03571808870950122
23	11	0.1054761445817789
23	12	0.06176774031485621
23	13	0.17098292559236938
23	14	0.11825044849150146
23	15	0.5987291582881085
23	16	0.09713365586164002
23	17	0.10498008452683649
23	18	0.15785659155945098
23	19	0.08634586026306579
23	20	0.07623440726425912
23	21	-0.0016474661501177934
23	22	0.049267261562889075
23	23	0.24856070795812002
23	24	0.523215453624168
23	25	0.4275477560341656
23	26	1.0919470673035079
23	27	0.7617861913338047
23	28	0.915411913298172
24	1	0.18335326642385041
24	2	0.4801161273371477
24	3	0.228693087331024
24	4	0.2608757974427647
24	5	0.254124994696312
24	6	0.34717304476411215
24	7	0.26137637819914517
24	8	0.21191945356423503
24	9	0.19338134645625615
24	10	0.3226703522624277
24	11	0.26100324826474974
24	12	0.27863186710242616
24	13	0.3999681348780584
24	14	0.2831900717073239
24	15	0.8010604798230148
24	16	0.2802547380616218
24	17	0.3098406911601401
24	18	0.2557660990021233
24	19	0.2586354682518959
24	20	0.2402643822850763
24	21	0.08150998081760008
24	22	0.13875199670880534
24	23	0.3740641444425634
24	24	0.04235221247270715
24	25	-0.24846590166963267
24	26	0.09929558334670929
24	27	0.09259114489417897
24	28	1.116137028657434
25	1	0.26276811461583804
25	2	0.5084822095383004
25	3	0.3266656070581604
25	4	0.40028938333626485
25	5	0.38944651093810023
25	6	0.41042577077240594
25	7	0.33534865249517765
25	8	0.26503188920050746
25	9	0.2785821567904634
25	10	0.35555314867117715
25	11	0.3531515601368227
25	12	0.34360384554823753
25	13	0.45624274378200624
25	14	0.36771154573319365
25	15	0.8572111384241623
25	16	0.331955042566193
25	17	0.4307438269429156
25	18	0.4523347390363881
25	19	0.3467264725374548
25	20	0.28973920802307873
25	21	0.1598394781555399
25	22	0.009299529983252341
25	23	-0.06410536821548618
25	24	0.028949342376925813
25	25	-0.7074983572728186
25	26	-0.9592285896812811
25	27	-0.28179350258183433
25	28	-0.18552617300576912
26	1	0.2624007128995487
26	2	0.46406756684616823
26	3	0.46470728831344843
26	4	0.33592535946254287
26	5	0.406015843272165
26	6	0.49587835585970197
26	7	0.4985476342604116
26	8	0.28235677346270904
26	9	0.4415089671139114
26	10	0.5358948316414214
26	11	0.5201841159346259
26	12	0.6238267050451896
26	13	0.7264177296461156
26	14	0.596599028300389
26	15	1.234889446864102
26	16	0.5007947829389892
26	17	0.6219079471046811
26	18	0.6852350155394902
26	19	0.7142443521610247
26	20	0.6802535566293457
26	21	0.7093048777909843
26	22	0.733777973680759
26	23	0.7697659816866391
26	24	0.8184416682328859
26	25	0.5665321950186026
26	26	0.5084920954307108
26	27	1.09926841039497
26	28	1.4073888067513138
27	1	0.39738054083696994
27	2	0.6847419073077887
27	3	0.42112279829415655
27	4	0.5024160414692744
27	5	0.5046018521774016
27	6	0.5931620226915584
27	7	0.49200332364926425
27	8	0.45174932620069796
27	9	0.46399824479256324
27	10	0.5324311398788026
27	11	0.5291976585218663
27	12	0.5229579253738308
27	13	0.6325422074809595
27	14	0.4958454799891001
27	15	1.0022075528954275
27	16	0.4263114511087167
27	17	0.48350324943675105
27	18	0.46408610406449213
27	19	0.49692349593836127
27	20	0.44384546771654243
27	21	0.34757279918039075
27	22	0.4410204580261663
27	23	0.3000994762244531
27	24	0.009119444014416445
27	25	-0.4775920397133646
27	26	-1.0888582193109073
27	27	-1.131888212066002
27	28	-2.474190140617104
28	1	0.3894926445692448
28	2	0.6048045115162068
28	3	0.38549986793225344
28	4	0.4273123792715907
28	5	0.40410739431830933
28	6	0.5056293057757486
28	7	0.4420711808009159
28	8	0.37487643504017854
28	9	0.38536220915944597
28	10	0.4463067058851564
28	11	0.4129136970721916
28	12	0.3946571795142262
28	13	0.4683785710329076
28	14	0.38360210614563783
28	15	0.9302739771580093
28	16	0.40213294403243083
28	17	0.4426545465218439
28	18	0.4631982870748885
28	19	0.4312395276165475
28	20	0.42208546041816675
28	21	0.26447456174837924
28	22	0.2559123658916178
28	23	0.14598927985446863
28	24	0.43881245224003607
28	25	0.2468130345173165
28	26	0.5454194846879119
28	27	1.1894177702811746
28	28	1.5708013704185504
29	1	0.37282190756214817
29	2	0.6483160351766912
29	3	0.43376487747588754
29	4	0.4783767550600757
29	5	0.4245645063565533
29	6	0.49420811201945725
29	7	0.44218486874257934
29	8	0.4296693071285347
29	9	0.38483984173544883
29	10	0.4702007323030628
29	11	0.5067170375943988
29	12	0.5600836009820256
29	13	0.6282154541119169
29	14	0.49547830102888923
29	15	1.0341068773932136
29	16	0.5258184017620167
29	17	0.574943392671166
29	18	0.5974260907577786
29	19	0.5741659444014857
29	20	0.5338225656667106
29	21	0.3573722687137675
29	22	0.3426692557634752
29	23	0.36440914304375127
29	24	0.46711970686308035
29	25	1.0884308249504713
29	26	0.9964069019254325
29	27	1.327885262541237
29	28	1.6779574697882182
30	1	0.685799314053078
30	2	0.9619367752501304
30	3	0.711397431239746
30	4	0.8333153702351694
30	5	0.7513094477720301
30	6	0.8359064748027123
30	7	0.7183833889290128
30	8	0.726364240027408
30	9	0.7521047793097679
30	10	0.8323317236214223
30	11	0.773665147711398
30	12	0.8032038017391514
30	13	0.856071059680616
30	14	0.807559165386607
30	15	1.31614489496652
30	16	0.8229731660716482
30	17	0.8517596122592437
30	18	0.8563536602189572
30	19	0.8458259169557181
30	20	0.7756472077213488
30	21	0.583022761875327
30	22	0.7398924562702831
30	23	0.8170013607486055
30	24	0.9830412532710824
30	25	0.8272070710780923
30	26	0.5360480634901137
30	27	1.5640597323291487
30	28	0.8034229060841511
31	1	0.6903363125478634
31	2	0.8889865407679025
31	3	0.6710376507564462
31	4	0.7417787344710689
31	5	0.7085111052786601
31	6	0.8121201883704146
31	7	0.6635580890682675
31	8	0.6667257883947997
31	9	0.6961524708130113
31	10	0.7078970709411223
31	11	0.758948490966084
31	12	0.7843347486339383
31	13	0.8378882320960628
31	14	0.7553146967849642
31	15	1.2339487315265458
31	16	0.6912561935528814
31	17	0.7632011973511013
31	18	0.7906003441370757
31	19	0.7541404753524574
31	20	0.6937709223197714
31	21	0.5458775182915048
31	22	0.5231636400984456
31	23	0.31226700067072244
31	24	0.05088711683268343
31	25	-0.044954291467881546
31	26	-0.8295151658502107
31	27	-1.0595882880300707
31	28	-1.0849521201929093
32	1	0.5042524671489517
32	2	0.7925579267146361
32	3	0.6117867948499409
32	4	0.6404367131779125
32	5	0.6240966439173192
32	6	0.6864329155178197
32	7	0.5690292099962946
32	8	0.5923563598025652
32	9	0.5497836831752139
32	10	0.6652743427506422
32	11	0.6892067731446474
32	12	0.7101898235827377
32	13	0.8212860575260947
32	14	0.6881784276552878
32	15	1.2321313050941782
32	16	0.6456313396055364
32	17	0.7083409781709591
32	18	0.7137036786445989
32	19	0.7127910704061762
32	20	0.6744626738322452
32	21	0.535878370412469
32	22	0.6124061244168146
32	23	0.6636548794434347
32	24	0.854648171849341
32	25	1.020012223719867
32	26	0.8081472968435435
32	27	1.0720455353460068
32	28	1.8655227780431787
33	1	0.4198000516179192
33	2	0.6328364514981644
33	3	0.4280752867076103
33	4	0.41704663660659236
33	5	0.4727623767108753
33	6	0.49444835585308056
33	7	0.4798719100271782
33	8	0.42076786579635694
33	9	0.3848168691710967
33	10	0.5268069624032137
33	11	0.5180007007084555
33	12	0.5832875306336476
33	13	0.5973601255366532
33	14	0.5160837493292334
33	15	1.0820629514779014
33	16	0.5535783996897763
33	17	0.6131820371468351
33	18	0.5831180555527311
33	19	0.6249775594724909
33	20	0.5465315400879973
33	21	0.3622892628723733
33	22	0.4619571361741279
33	23	0.2907616947370215
33	24	0.4359142828606437
33	25	0.544620693611833
33	26	0.46621000680995195
33	27	0.1722043600432528
33	28	-0.506436248845425
34	1	0.6958507701711483
34	2	0.9113595607093785
34	3	0.7180364311079757
34	4	0.7553009678344083
34	5	0.7706596057433259
34	6	0.812110693304021
34	7	0.7955579446281646
34	8	0.761012570978238
34	9	0.71940477346552
34	10	0.7891630783552586
34	11	0.7950837644435964
34	12	0.7710890770624559
34	13	0.9594002113631532
34	14	0.776001910847242
34	15	1.3115286031079307
34	16	0.8045652986417977
34	17	0.8521975735086613
34	18	0.8927679450992798
34	19	0.873107479877909
34	20	0.8393147266083432
34	21	0.647619739663071
34	22	0.7085299822666542
34	23	0.8887440677743399
34	24	0.6097789324684584
34	25	0.14946334044974918
34	26	0.11819923184103232
34	27	0.6592978275672436
34	28	0.9305400392629721
35	1	0.7456938617607634
35	2	0.9782250336221168
35	3	0.8097874504574918
35	4	0.8456985374723942
35	5	0.8296902789216745
35	6	0.8928152247651866
35	7	0.7805464256684118
35	8	0.7599494907343995
35	9	0.7572110377025894
35	10	0.8281657716563657
35	11	0.730773049374271
35	12	0.8149454225378605
35	13	0.9294502110487031
35	14	0.8217138975426366
35	15	1.3244523077140258
35	16	0.7712216932937537
35	17	0.8458459918493588
35	18	0.8784540909697967
35	19	0.7627915158874998
35	20	0.7660027996354088
35	21	0.5934890802539456
35	22	0.5693669642239954
35	23	0.5507730689952979
35	24	1.0575010038052994
35	25	0.971172684564749
35	26	0.7907714103187189
35	27	0.842511653638212
35	28	1.6958997181762214
36	1	0.7122416056557839
36	2	0.9574473338912171
36	3	0.8502684431028484
36	4	0.8558658862721131
36	5	0.8124101713732443
36	6	0.9038707516307412
36	7	0.7924000595485907
36	8	0.7926814619691314
36	9	0.7825999215927837
36	10	0.8852818572686658
36	11	0.7787246087281687
36	12	0.7993483299141957
36	13	0.9157247627349321
36	14	0.7982264485135886
36	15	1.3277704949967841
36	16	0.8211716202161696
36	17	0.8485979129240562
36	18	0.8971982656110171
36	19	0.7621935925867405
36	20	0.7351920534491185
36	21	0.5545640956402806
36	22	0.6569033486864555
36	23	0.5034186826838436
36	24	0.3507875042150843
36	25	0.4938016571717867
36	26	0.5463736512150774
36	27	0.33291510056339746
36	28	0.9614823740027774
37	1	0.71977004222002
37	2	0.966822016156236
37	3	0.776495196369261
37	4	0.8832937255519155
37	5	0.8361097418146599
37	6	0.9512638722718023
37	7	0.822849697072698
37	8	0.7747207108875855
37	9	0.7916883843632263
37	10	0.8460705127632906
37	11	0.8785450717401844
37	12	0.8826128222606542
37	13	1.0128175593149749
37	14	0.8664220081361549
37	15	1.388847835418332
37	16	0.8378210288564176
37	17	0.8505338697831988
37	18	0.9192996769534219
37	19	0.8724030888882339
37	20	0.804583985532112
37	21	0.701166704225102
37	22	0.6784899465334462
37	23	0.6015956736646473
37	24	0.5227485009648163
37	25	1.3121643707299313
37	26	0.6831956527429668
37	27	0.7035155146420777
37	28	1.5837045962249974
38	1	-0.09185846394392883
38	2	0.6147135743366547
38	3	0.38551207288167433
38	4	0.5019097895223581
38	5	0.40148609664903034
38	6	0.5587528940699329
38	7	0.5980214679264222
38	8	0.5376502652852793
38	9	0.5024102777831558
38	10	0.6199492876843493
38	11	0.801693898626354
38	12	0.8005506186975566
38	13	0.8747992097868007
38	14	0.7358213782055643
38	15	1.3414161955209352
38	16	0.799773559153202
38	17	0.860008107741649
38	18	0.8638549971841769
38	19	0.9652810520108162
38	20	0.9054368709971072
38	21	0.8660349188858447
38	22	0.8586192520997926
38	23	1.0351555545958888
38	24	1.049853013666997
38	25	1.1073457358321406
38	26	0.9887836427346244
38	27	0.8903287014552603
38	28	0.5987989358476398
39	1	0.6745107431375743
39	2	0.9684420885333154
39	3	0.7698348858557793
39	4	0.809301300667812
39	5	0.8414597957509642
39	6	0.9660410534018666
39	7	0.8294496311311121
39	8	0.8018753569812276
39	9	0.8303104734889075
39	10	0.9208985827864424
39	11	0.9168522116089193
39	12	0.9325293335819111
39	13	1.0496646973310035
39	14	0.9254188466266271
39	15	1.4526173889312375
39	16	0.9378354142031071
39	17	0.934524577292585
39	18	0.9786826186610114
39	19	0.9756204725109896
39	20	0.9617631524790227
39	21	0.791862123528702
39	22	0.914502438264428
39	23	0.8676855616330457
39	24	0.9864023988745672
39	25	1.6333834986190254
39	26	1.277950897498208
39	27	1.3223893415450974
39	28	1.1212045962249988
40	1	1.0170746503287873
40	2	1.3366215395915333
40	3	1.172602286026482
40	4	1.141102603865555
40	5	1.1267641689156065
40	6	1.261586771149986
40	7	1.168125258143668
40	8	1.1385287042148065
40	9	1.1568504529535488
40	10	1.1929787671518142
40	11	1.1445601271717862
40	12	1.1928546014226171
40	13	1.31100048978805
40	14	1.1543777355516127
40	15	1.7277941199899303
40	16	1.1709090038247751
40	17	1.183329716841456
40	18	1.1813878890375165
40	19	1.1336363968684608
40	20	1.049239741442591
40	21	0.8160552992408441
40	22	0.8472633830884249
40	23	0.618335965551374
40	24	0.6721865929312472
40	25	0.8248579364904103
40	26	-3.8409490197888054
40	27	-4.514212540435377
40	28	-23.23168001915962
41	1	0.8692520221325708
41	2	1.1291473761340995
41	3	0.9214883391045205
41	4	0.9616276411667002
41	5	0.9842810872671137
41	6	1.0199584147275047
41	7	0.8943390118458296
41	8	0.8867543614556368
41	9	0.9458647020447088
41	10	0.9380022038346638
41	11	0.9485299427441518
41	12	0.9587606069799577
41	13	1.1073705193065564
41	14	0.9308579463289277
41	15	1.543391227613597
41	16	0.9023816806797598
41	17	1.0162222698692887
41	18	1.0226571939437008
41	19	1.0214947085805974
41	20	0.9439449104492397
41	21	0.8620910494786997
41	22	0.7008855465470063
41	23	0.6572587907992045
41	24	0.4456881591157398
41	25	1.2005377175690128
41	26	0.4404947851458303
41	27	0.05783882291274978
41	28	-5.262078536305122
42	1	0.9343185608993352
42	2	1.2072843441299526
42	3	1.032464068831473
42	4	1.0701427756228128
42	5	1.0663144810189493
42	6	1.1786222278839773
42	7	1.058143223165601
42	8	1.0028766378523457
42	9	1.0628258897107798
42	10	1.1194978274141363
42	11	1.072845731187492
42	12	1.1784465165937021
42	13	1.3071113319984562
42	14	1.1483192687274908
42	15	1.6915249934508338
42	16	1.0782273820388681
42	17	1.137033718083977
42	18	1.1362145203823033
42	19	1.1610222349834274
42	20	1.1678222991828804
42	21	1.0111052421748852
42	22	1.0015332485286166
42	23	0.774111360260207
42	24	1.164447177874763
42	25	1.6834516222828597
42	26	1.2981553765634501
42	27	1.2450933398019899
42	28	0.535817272281335
43	1	0.5585644433315338
43	2	0.7662028380659933
43	3	0.5901616293743288
43	4	0.6912728838949036
43	5	0.6282564907162111
43	6	0.7032260170402225
43	7	0.6146348167703977
43	8	0.5471444730309045
43	9	0.6259985672504627
43	10	0.6856635041547108
43	11	-2.819925266707365
43	12	-2.7322883130071602
43	13	-2.629981217725195
43	14	-2.5947188282798166
43	15	-23.028742788532185
43	16	-3.7902972081387354
43	17	-3.4176989835287657
43	18	-3.4452956135212602
43	19	-3.939403468148196
43	20	-3.2511457917762208
43	21	0.571500174351101
43	22	0.604451163861107
43	23	0.5494176011055529
43	24	0.7377487062783317
43	25	1.46240130827902
43	26	0.8605912301385388
43	27	0.7341277595400371
43	28	0.41343432595472507
44	1	0.8536899895754857
44	2	1.1373895086624302
44	3	0.9614805294104585
44	4	0.9760940406728551
44	5	0.9757872321595684
44	6	1.0993478980632645
44	7	0.9929750810404059
44	8	0.9190637610597676
44	9	1.0070278700252686
44	10	1.111851241523091
44	11	0.5968236886135116
44	12	0.678198535762057
44	13	0.703811372951634
44	14	0.6213157035682784
44	15	-0.8473552853106909
44	16	0.40708701509971235
44	17	0.506772950630058
44	18	0.5336875894441278
44	19	0.4604467273445323
44	20	0.5065949472516635
44	21	0.9893059118636813
44	22	1.023336313921149
44	23	1.1272397164726158
44	24	1.125629133174364
44	25	1.280746409232819
44	26	0.9050781949794882
44	27	0.04417485530141363
44	28	0.4694188819392835
45	1	0.8421959482606312
45	2	1.1296327853524915
45	3	1.0927030682128347
45	4	1.0411397910098614
45	5	1.0659664544173921
45	6	1.1846976181542033
45	7	1.16467765809643
45	8	0.9550737588690268
45	9	1.1184924998880845
45	10	1.2213848876197346
45	11	1.1274904322655033
45	12	1.2235087015146675
45	13	1.271261712725817
45	14	1.1699107387234093
45	15	1.7662497311866119
45	16	1.1001234421523307
45	17	1.2046360241663976
45	18	1.200882233954971
45	19	1.2131511715045278
45	20	1.1883977216572248
45	21	1.1382867638909033
45	22	1.1372408957375555
45	23	1.3605072353045102
45	24	1.5226361577771854
45	25	1.5945030229894286
45	26	1.9593581998732503
45	27	1.9491865103130692
45	28	3.0200682325886348
46	1	1.0628096307718948
46	2	1.3813921715094182
46	3	1.1996504859593813
46	4	1.3007445890726146
46	5	1.2246671315521027
46	6	1.3145843341998074
46	7	1.2494951870776276
46	8	1.2453931473245419
46	9	1.3206011435545761
46	10	1.3463242590174858
46	11	1.2919006029551738
46	12	1.304948120342054
46	13	1.4226247180706864
46	14	1.3372242161146843
46	15	1.8488364614082897
46	16	1.3292428121007802
46	17	1.3903786741037507
46	18	1.4158006738655402
46	19	1.430865416799449
46	20	1.4761949181634009
46	21	1.2464537402546085
46	22	1.3001541927093498
46	23	1.555933392509452
46	24	1.177137995828737
46	25	1.3510202661516217
46	26	0.812460908035618
46	27	0.7223125071232772
46	28	1.6837045962249988
47	1	0.9864397104767022
47	2	1.2190274838987918
47	3	1.073151841518488
47	4	1.0651315537662995
47	5	1.0145068531635957
47	6	1.1177164901118317
47	7	1.0278959801064715
47	8	1.004934604687044
47	9	1.007378334462615
47	10	1.096214696283802
47	11	1.056522269716318
47	12	1.087515478387452
47	13	1.1927845682123817
47	14	1.0401059222359237
47	15	1.5794246610323839
47	16	1.0511242407391563
47	17	1.071222518643836
47	18	1.0506471885443815
47	19	1.0701468947078823
47	20	0.9584164990646897
47	21	0.9144115700366555
47	22	0.8772568450040836
47	23	0.8466279179542653
47	24	0.72658493611236
47	25	0.8830178649785907
47	26	0.8862015178456062
47	27	0.04206737374187952
47	28	1.7670379295583345
48	1	0.9346571338194352
48	2	1.2543503173831638
48	3	1.076578674534936
48	4	1.074753711532452
48	5	1.0814990556971296
48	6	1.1810569102840205
48	7	1.129834949263433
48	8	1.094051304190785
48	9	1.1072023985073756
48	10	1.1392902306405404
48	11	1.1566155552901165
48	12	1.1561870410403543
48	13	1.2930533053041486
48	14	1.165530814094275
48	15	1.7029872728454407
48	16	1.1878408720269462
48	17	1.2448822915288815
48	18	1.2639312759342047
48	19	1.3069388904378272
48	20	1.2678127767818097
48	21	1.0452306921992687
48	22	1.0597037776275826
48	23	0.8926840090015418
48	24	1.0091697660756083
48	25	0.9363807669948301
48	26	0.5218879948835848
48	27	0.6389440860706443
48	28	-0.010325254521269756
49	1	1.0753124056145893
49	2	1.285682766760658
49	3	1.1328481017773484
49	4	1.2024122662085261
49	5	1.1774103540956773
49	6	1.2869588769982627
49	7	1.1957605742278474
49	8	1.1763511430022078
49	9	1.1955376663993107
49	10	1.2348393367622208
49	11	1.20230643349403
49	12	1.253086498636769
49	13	1.3945918338272492
49	14	1.2661180476006422
49	15	1.748635154153007
49	16	1.2442284502145426
49	17	1.2573217462413382
49	18	1.2575769301811235
49	19	1.2666437780219724
49	20	1.2365051291131763
49	21	1.1308043689344842
49	22	1.0329891551339756
49	23	0.91373788533582
49	24	0.80380938634692
49	25	0.7590758024558255
49	26	0.864203753553042
49	27	1.4245167356432944
49	28	1.1837045962249988
50	1	1.0371222676374217
50	2	1.3161080432574366
50	3	1.104992667510082
50	4	1.2197854827518313
50	5	1.154800003890962
50	6	1.2639873514280495
50	7	1.1923004233646637
50	8	1.156583401931961
50	9	1.1548644137112163
50	10	1.219747294741218
50	11	1.1912283445632994
50	12	1.2493105124099557
50	13	1.3714278176880228
50	14	1.2076607470698448
50	15	1.7602680447898322
50	16	1.2740660784908542
50	17	1.253164731361636
50	18	1.3317383989852019
50	19	1.276003409390448
50	20	1.2857338524781454
50	21	1.1818183131325526
50	22	1.1429308303952155
50	23	1.3816898503178479
50	24	1.1056382685926636
50	25	1.0430434065455856
50	26	0.8893885864468132
50	27	0.5806994817541025
50	28	-1.073871161350759
51	1	1.033625371061646
51	2	1.3616912777926231
51	3	1.217595684921804
51	4	1.198558618953797
51	5	1.1940412805955205
51	6	1.3424797614054995
51	7	1.247051568260872
51	8	1.2408620824536172
51	9	1.1756521952859416
51	10	1.279465452678778
51	11	1.1854564404323753
51	12	1.256695546233793
51	13	1.3563677716597127
51	14	1.2522795721855005
51	15	1.7656213237260658
51	16	1.2595349861320244
51	17	1.2746625113091028
51	18	1.3117887235887977
51	19	1.315532120846008
51	20	1.2425021901766016
51	21	1.0977245868812489
51	22	1.0942184404149984
51	23	1.2738790221309628
51	24	1.76665717594463
51	25	1.5293700328564412
51	26	1.8970405234685686
51	27	1.6210979322244938
51	28	0.6248810668132307
52	1	0.793667938412419
52	2	1.182427852202295
52	3	0.9799770798284584
52	4	0.9632409324691054
52	5	1.0105147502743037
52	6	1.1210953599271676
52	7	1.0273007690832188
52	8	0.9814133427181488
52	9	0.9729686696350157
52	10	1.0719892854040651
52	11	1.0932227834667572
52	12	1.0890743742650173
52	13	1.2709987952012867
52	14	1.1259121049547502
52	15	1.6426091191841223
52	16	1.0682272819406435
52	17	1.094925497203171
52	18	1.1553121931945114
52	19	1.0960379203489055
52	20	1.0707953295808466
52	21	0.8870225482308243
52	22	0.9969818911813135
52	23	1.1473857822417344
52	24	1.0061459997094033
52	25	1.4541470826334901
52	26	1.5245472215281595
52	27	0.9657837807271363
52	28	1.5285321824318956
53	1	1.1433974791336183
53	2	1.4672481970490594
53	3	1.215233097020807
53	4	1.3037715751734282
53	5	1.3015588727348728
53	6	1.3830853560281682
53	7	1.3600339343349646
53	8	1.298412530763649
53	9	1.2553349040097785
53	10	1.3608824705514877
53	11	1.3634352844968944
53	12	1.417141420706983
53	13	1.5066898385420728
53	14	1.3622601593462846
53	15	1.8663697328522488
53	16	1.2536653840594099
53	17	1.3518985098286649
53	18	1.4121899889931626
53	19	1.3939330682385673
53	20	1.4306160884524246
53	21	1.2079883064156434
53	22	1.1963686480034568
53	23	0.9471361916896512
53	24	1.3620033851083875
53	25	1.6951960701613515
53	26	1.3138032361143672
53	27	1.6952980683715353
53	28	1.676458219413405
54	1	1.3384713804060908
54	2	1.5850749298325013
54	3	1.4825033483291534
54	4	1.4817303351524345
54	5	1.4423753685488947
54	6	1.520960374092752
54	7	1.44659205282327
54	8	1.4109488798140504
54	9	1.448022312332327
54	10	1.4941026088851288
54	11	1.4586643783929745
54	12	1.525531055120645
54	13	1.6335920864807676
54	14	1.4835211308772784
54	15	1.9592894514655796
54	16	1.4854476107647443
54	17	1.455354192827329
54	18	1.4881966585826163
54	19	1.4541219525528675
54	20	1.3808370524000253
54	21	1.1321293112960333
54	22	1.129618743658753
54	23	1.3554325462775623
54	24	1.0121887444842557
54	25	1.1362507024533741
54	26	0.8190588720924197
54	27	0.9088023537871806
54	28	-0.38151279507935243
55	1	1.179168058875888
55	2	1.4997131378397413
55	3	1.3153253490057466
55	4	1.3839830196241678
55	5	1.3395139191032044
55	6	1.464218266664055
55	7	1.3422158829483948
55	8	1.3576431176482942
55	9	1.3649416465987585
55	10	1.4403615202991915
55	11	1.4218308301727234
55	12	1.5155047566003077
55	13	1.5568291158097196
55	14	1.474448477482916
55	15	1.9403349328198445
55	16	1.4171700205008761
55	17	1.4158660283477928
55	18	1.5222763632944023
55	19	1.507369583335148
55	20	1.4532007597748233
55	21	1.3109589433642128
55	22	1.3134666429158415
55	23	1.3274779806529011
55	24	2.1141680710167066
55	25	2.0371471052308294
55	26	1.9108019913584755
55	27	1.8925911448941761
55	28	2.481001893522297
56	1	1.119474011459495
56	2	1.445637090661144
56	3	1.2647000339253367
56	4	1.2983490592704001
56	5	1.2973776667249908
56	6	1.4562975045520972
56	7	1.35681029888854
56	8	1.2382404199106887
56	9	1.2785214789867183
56	10	1.3251065275584537
56	11	1.3263551688443016
56	12	1.3979390436549153
56	13	1.479623406407427
56	14	1.3112274900061962
56	15	1.850762306283272
56	16	1.3619393585239123
56	17	1.3503673009985278
56	18	1.3991488191272126
56	19	1.371160493789894
56	20	1.29934364036027
56	21	1.1473550338724934
56	22	1.1738867597117988
56	23	0.9795243684232631
56	24	0.6975433570578957
56	25	0.2936083620947656
56	26	-0.2797414101940987
56	27	-0.20905591392935463
56	28	1.1837045962249988
57	1	1.1113823785723227
57	2	1.4127245113108557
57	3	1.1979343035463188
57	4	1.2305137512497026
57	5	1.29298360056017
57	6	1.3524839830931938
57	7	1.271498576262438
57	8	1.2147534967189912
57	9	1.2431960566574958
57	10	1.3701410208884894
57	11	1.2599996636418354
57	12	1.3357286815732436
57	13	1.4084390494565753
57	14	1.3514335656075218
57	15	1.8656009025390858
57	16	1.3358268716555628
57	17	1.3792469696076637
57	18	1.3288010421472052
57	19	1.370973734062602
57	20	1.291060735778622
57	21	1.1963166967242387
57	22	1.2360046564030043
57	23	1.343378633735128
57	24	1.3643660995328162
57	25	0.9271368674876825
57	26	0.00639173916774638
57	27	0.4629440860706495
57	28	0.4880524223119522
58	1	0.23754671659714433
58	2	-1.8953124323236281
58	3	0.3221897982040218
58	4	0.30454773594613016
58	5	0.29434600481020823
58	6	0.7779034566812868
58	7	0.7003733590103138
58	8	0.6103614641009116
58	9	0.6457085890529441
58	10	0.7571592444175863
58	11	1.305815085003239
58	12	1.3172748190510077
58	13	1.4436302005491513
58	14	1.3328949568008852
58	15	1.8517756645620764
58	16	1.2246193294414454
58	17	1.3287856871686117
58	18	1.335840423073222
58	19	1.2860903921615687
58	20	1.3419559997129227
58	21	1.1620422103614203
58	22	1.1549597850471187
58	23	1.2022057408768418
58	24	1.3893818033170007
58	25	1.0478029394472443
58	26	0.8637954653015356
58	27	1.029330050982928
58	28	1.7670379295583345
59	1	-7.892505683069405
59	2	-26.614760936659593
59	3	-9.331705532379413
59	4	-9.047821075425901
59	5	-9.203973741419503
59	6	-6.616329873404137
59	7	-5.792793031583731
59	8	-6.0560112664197305
59	9	-5.80894350530976
59	10	-6.534758323544999
59	11	-3.155745320769384
59	12	-3.484279848741604
59	13	-2.8001061988142624
59	14	-4.370472046566121
59	15	-3.6315571274523855
59	16	-3.9071907325936976
59	17	-4.222931376284787
59	18	-4.353351261719329
59	19	-4.761693806776162
59	20	-4.381444723212255
59	21	-4.321496809237054
59	22	-4.648642386626868
59	23	-3.705987822390835
59	24	-6.754679288186907
59	25	-7.79756046907406
59	26	-7.133432944790158
59	27	-7.355490696538048
59	28	-7.428540301734184
60	1	1.2238983649831923
60	2	1.48509548902841
60	3	1.3789380880970796
60	4	1.4192529860826895
60	5	1.3731149834625
60	6	1.5289079994014827
60	7	1.3948054094221405
60	8	1.3789577651256408
60	9	1.3619488789689598
60	10	1.416383387251102
60	11	1.409105387623427
60	12	1.4680464867098308
60	13	1.5662164467555044
60	14	1.4669530453940993
60	15	1.9311254613213933
60	16	1.45392193554477
60	17	1.516310684651252
60	18	1.5386725779403108
60	19	1.5391243734222115
60	20	1.4525278542100253
60	21	1.2672906196138456
60	22	1.2820863590725793
60	23	1.3552815091663817
60	24	0.7872096866837808
60	25	1.2277221619639676
60	26	1.5856432051905145
60	27	1.0171315860706471
60	28	0.022990310510714096
61	1	0.8153321480197278
61	2	1.0396256734155358
61	3	0.7623100206450744
61	4	0.8819499762902083
61	5	0.7705941465732948
61	6	0.5618551455022711
61	7	0.7305531046479601
61	8	0.8389329507392134
61	9	0.8432099751093531
61	10	0.1424592423039499
61	11	0.5913897469707692
61	12	-0.14196428340227385
61	13	0.7358619437609946
61	14	0.6792964400302779
61	15	1.0303410270801905
61	16	0.7616367636735433
61	17	0.8060645779766276
61	18	0.753006890880016
61	19	0.7780511898921461
61	20	0.9157816577376181
61	21	0.8986309346326635
61	22	0.8516629690097517
61	23	0.8533984457608241
61	24	1.0452463197358526
61	25	1.141391226712166
61	26	0.960311640203777
61	27	0.7749440860706471
61	28	0.9925281256367668
62	1	0.5826392107784173
62	2	0.5995689733188527
62	3	0.5041151570814435
62	4	0.5286377950078673
62	5	0.4965189117509752
62	6	0.3108904469542608
62	7	0.49690351547683775
62	8	0.5994665240371404
62	9	0.6203229387684033
62	10	0.3921606570559888
62	11	0.6397757194796867
62	12	0.494165131042287
62	13	0.7708569895547868
62	14	0.7169953752109279
62	15	0.941964419960378
62	16	0.6004632127171519
62	17	0.5917690449428292
62	18	0.6080764877477804
62	19	0.5597458769492647
62	20	0.738261502486445
62	21	0.604803532078904
62	22	0.6228811486096717
62	23	0.6667063665924218
62	24	0.42096002983449665
62	25	-0.3425321039373941
62	26	-0.7808952563479465
62	27	-0.18901987789331542
62	28	0.1837045962249988
63	1	0.38053179664137815
63	2	0.5141054161111427
63	3	0.34267505973026147
63	4	0.3441145490794497
63	5	0.3293371228674573
63	6	0.1670265996933722
63	7	0.2609666770564587
63	8	0.3509527965204242
63	9	0.3851602144911723
63	10	0.178192901856427
63	11	0.37047840386071584
63	12	0.3061419656841906
63	13	0.615101656632639
63	14	0.35723094617671336
63	15	0.8002986145627204
63	16	0.42517274279766326
63	17	0.357680184207247
63	18	0.33464411405466166
63	19	0.5201313230021896
63	20	0.5805762044482847
63	21	0.5255652001081472
63	22	0.4316276942739279
63	23	0.45350845850080646
63	24	0.2977805112080958
63	25	-0.2183502484004265
63	26	0.005972875520185994
63	27	-0.05114287045109478
63	28	0.35351591697971685
64	1	0.4960849168297301
64	2	0.6571702650955871
64	3	0.5287553814192663
64	4	0.5580242705390077
64	5	0.5301647764951696
64	6	0.34151325398399024
64	7	0.4843565780966017
64	8	0.4526301124973031
64	9	0.5514355537408377
64	10	0.3802578293489347
64	11	0.607534717518952
64	12	0.5454782660048849
64	13	0.7704750705381826
64	14	0.6267840301984293
64	15	0.9261972121352358
64	16	0.6265287270307738
64	17	0.57624057124319
64	18	0.580637707050883
64	19	0.6169060581314696
64	20	0.6854951825046811
64	21	0.4889883763566445
64	22	0.6065983146201503
64	23	0.402009580024945
64	24	0.02488914264885267
64	25	0.46703827879161963
64	26	0.8086597174740433
64	27	0.6003409114674696
64	28	0.7837045962250002
65	1	0.7023332744962332
65	2	0.8239369390093643
65	3	0.6366758251703857
65	4	0.6413746997852314
65	5	0.5985528862909177
65	6	0.49772523411608915
65	7	0.6164938413937193
65	8	0.5876643395006056
65	9	0.6347044868923888
65	10	0.5548475043797296
65	11	0.6973324536529404
65	12	0.737405611205574
65	13	0.9187371934485071
65	14	0.7701437723538973
65	15	1.1155533609748787
65	16	0.8022454029819599
65	17	0.7911425987759557
65	18	0.7702809878520043
65	19	0.8666918751511687
65	20	0.9171110956530768
65	21	0.8832919358374269
65	22	0.9105051963302344
65	23	1.0555338942049985
65	24	0.9623435404459926
65	25	0.728077771012849
65	26	1.2246202075695791
65	27	1.1030690860706471
65	28	1.897990310510714
66	1	0.4756694417050369
66	2	0.6171177327129627
66	3	0.38454781638167645
66	4	0.4205712284723546
66	5	0.3962748199093866
66	6	0.2713344511185909
66	7	0.3020535110793361
66	8	0.38965329840728913
66	9	0.367232847320885
66	10	0.10744544791573674
66	11	0.4591615832608653
66	12	0.39845077617575697
66	13	0.628509434461634
66	14	0.5298641599946237
66	15	0.8120932155298775
66	16	0.4992375719607267
66	17	0.4656903249489375
66	18	0.4864280929482234
66	19	0.5744185802295689
66	20	0.6511993594229466
66	21	0.5304119376932448
66	22	0.3571501863553692
66	23	0.26534917852227125
66	24	0.6645776213826906
66	25	0.7759674367119089
66	26	0.8764521614924305
66	27	0.7401614773749969
66	28	2.036163612618438
67	1	0.48172221127529724
67	2	0.5815037871521795
67	3	0.31958959497022477
67	4	0.4256356418659877
67	5	0.45735641063095755
67	6	0.3488721140236777
67	7	0.4350778249373519
67	8	0.4323843706780437
67	9	0.4778424813139921
67	10	0.3043367150957934
67	11	0.5085837803215583
67	12	0.49484669683529603
67	13	0.6913331787380343
67	14	0.5385406414212568
67	15	0.8985635690213272
67	16	0.6189427632996924
67	17	0.5632373628041307
67	18	0.48822814813574666
67	19	0.5270705574246222
67	20	0.5815145899682292
67	21	0.44481476314975765
67	22	0.49719706777656825
67	23	0.6545931027130223
67	24	0.8454883589159436
67	25	0.9483014181162375
67	26	1.086299865603273
67	27	0.4645992584844407
67	28	-0.161122989981898
68	1	0.7059346268969549
68	2	0.8910298311573044
68	3	0.6809758330846591
68	4	0.6727352975744196
68	5	0.6772785024799433
68	6	0.5463812839835853
68	7	0.6089706122754137
68	8	0.6345760065356671
68	9	0.6492942467334473
68	10	0.4767794611416818
68	11	0.6269878288697157
68	12	0.6385697691233361
68	13	0.8101111545874815
68	14	0.6696589509934938
68	15	1.0397536031259662
68	16	0.7653885853477789
68	17	0.6483025525068129
68	18	0.6629859138838086
68	19	0.7913407005400472
68	20	0.9231123490746427
68	21	0.771617574568225
68	22	0.6797100090237578
68	23	0.7415076326967238
68	24	1.1360065213091062
68	25	0.3791650525952832
68	26	0.42385598743315
68	27	-0.7081067613869791
68	28	-1.0587196461992434
69	1	0.4591821704135626
69	2	0.641808104638983
69	3	0.42541844394035166
69	4	0.3958988749958223
69	5	0.35292547251656714
69	6	0.1500848724265964
69	7	0.329363188346548
69	8	0.4257817716681842
69	9	0.4823077659798045
69	10	0.23157543046228568
69	11	0.5048801617565246
69	12	0.4778495028563938
69	13	0.6547487170267772
69	14	0.4665793352913923
69	15	0.8695335624367715
69	16	0.5974661763714906
69	17	0.4838595261978327
69	18	0.5407270059331992
69	19	0.5018097169706408
69	20	0.5829000660997536
69	21	0.4747920320193302
69	22	0.5250727221489768
69	23	0.40301148703470346
69	24	0.6005107842353965
69	25	0.46119135930234023
69	26	0.4510278205751348
69	27	0.20351551464207773
69	28	0.2012484558741221
70	1	0.5986221430940475
70	2	0.7480620677311052
70	3	0.47945036547482545
70	4	0.5755616033011961
70	5	0.4885784631279506
70	6	0.4347414094961266
70	7	0.4754631645822087
70	8	0.5379257282298511
70	9	0.539931627650887
70	10	0.34644444043686207
70	11	0.6765783114354775
70	12	0.5847317238329097
70	13	0.7952535746927794
70	14	0.5837263107201238
70	15	1.0576260743198915
70	16	0.6869597988489957
70	17	0.594049197465381
70	18	0.6030157134310343
70	19	0.6916565644167036
70	20	0.7979138534677332
70	21	0.6990137098949134
70	22	0.4364155457629053
70	23	0.36200252136328004
70	24	0.6958996334651459
70	25	0.64556706585158
70	26	0.5732572860249334
70	27	0.4530262778514711
70	28	1.394972201858799
71	1	0.40370003669264065
71	2	0.619306783776068
71	3	0.4437504049256873
71	4	0.33594134099666206
71	5	0.31871730069406823
71	6	0.12409424789723289
71	7	0.2988531557551042
71	8	0.45694441854605117
71	9	0.4281257249118866
71	10	0.3228609426416398
71	11	0.4430817529551305
71	12	0.47126306328600265
71	13	0.6333383763153861
71	14	0.46120041593626127
71	15	0.868721986395677
71	16	0.5504771421142536
71	17	0.4523800635580528
71	18	0.4524077760016141
71	19	0.46187068918887064
71	20	0.5686233966832006
71	21	0.48816640888993135
71	22	0.42620533450875797
71	23	0.2698069175985438
71	24	0.2938542049562045
71	25	0.3664754949619038
71	26	0.35018129867597736
71	27	0.4465858771154245
71	28	-0.0839010375778173
72	1	0.43667455768288477
72	2	0.5426323978079779
72	3	0.39528185028482454
72	4	0.40791952878632287
72	5	0.34641116398723426
72	6	0.2906737246474975
72	7	0.3554344081284242
72	8	0.458352269122841
72	9	0.49789289781485024
72	10	0.3559863030074908
72	11	0.5702124268040833
72	12	0.4954836838603569
72	13	0.6795452753787004
72	14	0.6235686935444917
72	15	0.9574566325220744
72	16	0.6181307920728045
72	17	0.5435650498186249
72	18	0.6235303423658749
72	19	0.5974359826909463
72	20	0.7329378319171553
72	21	0.5743920454917131
72	22	0.6322627021678215
72	23	0.5679464816175823
72	24	0.885084586443206
72	25	0.01103204542251035
72	26	0.8633520554800143
72	27	1.2924879457197704
72	28	1.1260122885326922
73	1	0.3781054853745829
73	2	0.49352314252232077
73	3	0.2359410052361639
73	4	0.2676707885179752
73	5	0.31002746778294465
73	6	0.12207585571366764
73	7	0.15889724580313924
73	8	0.2988516037682132
73	9	0.24033045201373682
73	10	0.17354451912316904
73	11	0.4213173596988682
73	12	0.3872971180365994
73	13	0.5823468142889112
73	14	0.41106833141388677
73	15	0.792995936729163
73	16	0.5243475605545029
73	17	0.43396472612214865
73	18	0.38223614378756565
73	19	0.5216275343956198
73	20	0.5726005030130565
73	21	0.40746151963120525
73	22	0.5251729645974379
73	23	0.24019922887033118
73	24	0.26427135824501846
73	25	-0.11184618335977348
73	26	0.00201172039623998
73	27	0.4812377923643538
73	28	1.9970379295583314
74	1	0.5563493501907715
74	2	0.7139970149279407
74	3	0.5754971018328661
74	4	0.5007274940229891
74	5	0.5123294682920658
74	6	0.3373966430233466
74	7	0.43905809335421253
74	8	0.5688747086270141
74	9	0.6007307908597141
74	10	0.33932124104903494
74	11	0.5639072607802973
74	12	0.6031422206740373
74	13	0.7266496462695571
74	14	0.5904971616699726
74	15	0.9429408766276097
74	16	0.5787611147729379
74	17	0.5220103082067382
74	18	0.5462087716626698
74	19	0.639513143341965
74	20	0.7397747887568329
74	21	0.7198755741674248
74	22	0.7157614653170725
74	23	0.6138451622250045
74	24	0.8688077407139261
74	25	0.43897889914847354
74	26	-0.5385590118064627
74	27	0.4249440860706457
74	28	0.9122760247964266
75	1	0.598618335485746
75	2	0.7184520330927171
75	3	0.5530002480956568
75	4	0.49257784094319135
75	5	0.5012196985859916
75	6	0.4347962101371081
75	7	0.40022026989860393
75	8	0.508498386493514
75	9	0.47490143729336154
75	10	0.3542131904074921
75	11	0.5576982254317286
75	12	0.5630350800829902
75	13	0.754098148724438
75	14	0.6561943024103769
75	15	1.0251303786644286
75	16	0.6774586834969014
75	17	0.6647608454813962
75	18	0.6777641767482692
75	19	0.7479797959594592
75	20	0.7849719938539295
75	21	0.5823594309052211
75	22	0.5661232195040213
75	23	0.6623643610354648
75	24	0.575525965753549
75	25	1.6314162279877422
75	26	1.5788666484139569
75	27	1.4624440860706471
75	28	1.831852744373144
76	1	0.20668902219924234
76	2	0.047781743664778276
76	3	-0.023078475424888723
76	4	-0.03119056847849322
76	5	-0.01927137740376139
76	6	-0.001021863729931738
76	7	0.11372816631070748
76	8	0.10739124460602056
76	9	0.16570645675217577
76	10	0.07803777120532374
76	11	0.3258722042460249
76	12	0.3784501507841682
76	13	0.5470493354011339
76	14	0.4858292291013555
76	15	1.0151025443833461
76	16	0.4338241699528922
76	17	0.5060696077337994
76	18	0.5027797768610469
76	19	0.6363744618446461
76	20	0.7622196394027654
76	21	0.665518066408211
76	22	0.5493467828397556
76	23	0.4822372729617612
76	24	-0.5686417761819342
76	25	-1.2670185971528767
76	26	-0.9023929522004792
76	27	-0.29062968442115533
76	28	1.1498062911402513
77	1	0.35800338841758617
77	2	0.445860145728048
77	3	0.2606999707516451
77	4	0.27478685759212595
77	5	0.28666366767216545
77	6	0.18443578225110713
77	7	0.23920222517493528
77	8	0.22766870590377408
77	9	0.2126133582029368
77	10	0.22802384696588263
77	11	0.3338909396870662
77	12	0.32760313916661943
77	13	0.5117550909650106
77	14	0.4120297021816839
77	15	0.7489889067214079
77	16	0.3842300093002322
77	17	0.35024275651079506
77	18	0.3665005150503333
77	19	0.4767350124329113
77	20	0.5239607538520659
77	21	0.35663952060156134
77	22	0.4065283934403894
77	23	0.3736093859646985
77	24	0.2850362461273832
77	25	0.3277642062506132
77	26	0.6863410305718887
77	27	-0.22505591392935287
77	28	0.07259348511388453
78	1	0.3880056232346618
78	2	0.5240199043543896
78	3	0.3422315457113072
78	4	0.3160596553597017
78	5	0.34294422490444987
78	6	0.1884846857650473
78	7	0.26922847874059386
78	8	0.3139234537159723
78	9	0.40288431585258877
78	10	0.2817621739714795
78	11	0.2890199589445288
78	12	0.33314375456855316
78	13	0.47921673124560726
78	14	0.3248258783432405
78	15	0.4356403798523161
78	16	0.3187966986639452
78	17	0.2627523178848392
78	18	0.24855817627171461
78	19	0.3300601177299356
78	20	0.3706774186616073
78	21	0.41968807960934384
78	22	0.4075566401272397
78	23	0.24815103066197253
78	24	0.6910052110365683
78	25	0.6648204833068903
78	26	1.0192660339746382
78	27	1.0531395747924535
78	28	1.6099341044217184
79	1	0.3006259731770058
79	2	0.45371693017892767
79	3	0.2746610428396252
79	4	0.21003066603240228
79	5	0.231866644420883
79	6	0.1626920695522358
79	7	0.25943617228482196
79	8	0.23297205371112994
79	9	0.24303649257187487
79	10	0.2118851157213939
79	11	0.413147044024619
79	12	0.3182117635860706
79	13	0.5797266892153488
79	14	0.40665067973693425
79	15	0.7456883743832776
79	16	0.37513540874883944
79	17	0.3765491772941232
79	18	0.4394798698909099
79	19	0.439819264460489
79	20	0.525161336992447
79	21	0.37902335292691447
79	22	0.4113520753141273
79	23	0.277270581011237
79	24	0.44151515494273497
79	25	0.08598663397768291
79	26	-0.012992030541497002
79	27	0.6072021505867795
79	28	-0.09261119324868616
80	1	0.4185712249731992
80	2	0.4969445082912358
80	3	0.33626884641290644
80	4	0.2722041548895717
80	5	0.4685531990493885
80	6	0.1893522779244563
80	7	0.27147098056946817
80	8	0.3088803942502949
80	9	0.3029662696607005
80	10	0.2825373242255864
80	11	0.32610795250868563
80	12	0.33296738169823925
80	13	0.5148640844937518
80	14	0.3506023739805997
80	15	0.7978974890734705
80	16	0.4518908483876203
80	17	0.42421644315854934
80	18	0.3868683850360739
80	19	0.45074481690063095
80	20	0.5698275816898573
80	21	0.3695302044649935
80	22	0.42570796846974446
80	23	0.3143485602019851
80	24	0.40142235129571446
80	25	0.6768997973476161
80	26	0.5068481064839148
80	27	1.5355074663523354
80	28	1.5366457726955858
81	1	0.3477247047987788
81	2	0.5931767074985217
81	3	0.36497518556114983
81	4	0.3277058473451149
81	5	0.2935858439353538
81	6	0.1814113180378456
81	7	0.24975183970129677
81	8	0.26033858378838914
81	9	0.31293671420825575
81	10	0.2655081204222327
81	11	0.29455956536227035
81	12	0.3475396586684525
81	13	0.5129323228856819
81	14	0.36806556047542216
81	15	0.7295367509643285
81	16	0.33040570421533744
81	17	0.3219319551927171
81	18	0.300584215694947
81	19	0.3647339987802809
81	20	0.4805266139939022
81	21	0.2706173764030311
81	22	0.15300865596517355
81	23	0.18305181197187892
81	24	0.08007716192580006
81	25	0.5590147437925381
81	26	-0.0489721794248652
81	27	-0.45582514469858637
81	28	0.6705467014881563
82	1	0.2727583896675938
82	2	0.4514046907334688
82	3	0.2550430606507703
82	4	0.2306796964322757
82	5	0.25965472130643263
82	6	0.09572497106947964
82	7	0.17549089067131263
82	8	0.23571684501957435
82	9	0.29401265071498983
82	10	0.2414182435701946
82	11	0.4177446936953544
82	12	0.4230976567586424
82	13	0.5173047336147221
82	14	0.4146278087864417
82	15	0.7617151865419487
82	16	0.42468688838139457
82	17	0.3960371294707201
82	18	0.4273370547790307
82	19	0.42788462610418776
82	20	0.428340999299202
82	21	0.31780678180847133
82	22	0.3572111978307575
82	23	0.08612077567795495
82	24	0.4779357218511109
82	25	0.9875268573925737
82	26	0.8741047436520546
82	27	0.6560629671895271
82	28	1.1700059660880129
83	1	0.24822444533980814
83	2	0.38968466549374625
83	3	0.2526774570179029
83	4	0.2503386498111908
83	5	0.20489382633058284
83	6	0.1304039403783861
83	7	0.06248467383723977
83	8	0.23293261364162987
83	9	0.17481287414862834
83	10	0.11571054855711083
83	11	0.21125322244692057
83	12	0.15909757400544322
83	13	0.3231449371875925
83	14	0.17229323760317783
83	15	0.653002412551281
83	16	0.2788371681906483
83	17	0.23711126599280874
83	18	0.23687533286804552
83	19	0.23452560128515643
83	20	0.28144731701200953
83	21	0.19383209522187173
83	22	0.07815786854217777
83	23	0.2873752434775412
83	24	0.32587839141864805
83	25	0.8209407018861228
83	26	0.6930702608934354
83	27	0.06065837178493183
83	28	-0.25291512208485756
84	1	0.21545401253969487
84	2	0.3936823464848871
84	3	0.2695390324109681
84	4	0.19222211880056506
84	5	0.2203682365081292
84	6	0.10174012653837394
84	7	0.07947834467171333
84	8	0.1605714647048302
84	9	0.13122358007645119
84	10	0.0937924085913906
84	11	0.18526686904758094
84	12	0.2763800609222855
84	13	0.3695600136806405
84	14	0.26505204274283045
84	15	0.6022337312388757
84	16	0.31589556579140776
84	17	0.23806341319605906
84	18	0.2293364753921665
84	19	0.3381734500844189
84	20	0.33111271162513845
84	21	0.007140581110832045
84	22	-0.07299184855546059
84	23	-0.20027574466111986
84	24	-0.6377992080990253
84	25	-1.1868461833597763
84	26	-0.525895256347944
84	27	0.41130772243428027
84	28	1.0237045962250022
85	1	0.23805131127484458
85	2	0.368955732789523
85	3	0.1526510056429018
85	4	0.22401414830930833
85	5	0.2095280181833985
85	6	0.07334409469898873
85	7	0.13672927154360082
85	8	0.17957685094547315
85	9	0.1339843369400242
85	10	0.2144326253563591
85	11	0.24669379468710417
85	12	0.28186053042320935
85	13	0.35560688626738113
85	14	0.23706221206292355
85	15	0.662339221734257
85	16	0.3384477399977328
85	17	0.3016668687259454
85	18	0.3022930638527157
85	19	0.29361400730542897
85	20	0.40184504211602246
85	21	0.34670263321570616
85	22	0.267244910182022
85	23	0.11663110484349204
85	24	0.36463365806124415
85	25	0.11123073971714348
85	26	-0.5393151697678604
85	27	-0.663012118308913
85	28	-0.7990540244646596
86	1	0.21305400377862327
86	2	0.4114892957256089
86	3	0.15884207043813348
86	4	0.15597558235848652
86	5	0.08637969065171802
86	6	0.012752359972573402
86	7	0.04264726091177806
86	8	0.11689571753019834
86	9	0.08789399030074208
86	10	0.004003528100291476
86	11	0.20560230683590675
86	12	0.20915965880833198
86	13	0.35030899607946253
86	14	0.12009517989067575
86	15	0.5998499907645467
86	16	0.2520365091488799
86	17	0.1549538150973362
86	18	0.19689746373449424
86	19	0.37703416997386796
86	20	0.369239590283577
86	21	0.35582328033243016
86	22	0.3623944784081985
86	23	-0.07813980468394277
86	24	0.33743234873227124
86	25	0.5722368616229261
86	26	0.5741047436520574
86	27	0.46542027654683693
86	28	1.4644063506109646
87	1	0.15223819335385969
87	2	0.20288884358560466
87	3	0.149829923965207
87	4	0.04494115245083208
87	5	0.05253922539880307
87	6	-0.01131792182729896
87	7	-0.03583798493402668
87	8	0.04920116322018231
87	9	0.03018313000008277
87	10	-0.04402272326741041
87	11	0.1553336624469992
87	12	0.0852217833554505
87	13	0.3263491948167072
87	14	0.034768655621149946
87	15	0.5313492904158679
87	16	0.17415709684573244
87	17	0.10129305633659413
87	18	0.15108956860562017
87	19	0.23486676937730522
87	20	0.2961550122770902
87	21	0.13165157555577167
87	22	0.17114197115291319
87	23	0.14173170439081417
87	24	0.4780857342050666
87	25	-0.04965106140855369
87	26	-0.810105782663733
87	27	0.0073384522678310304
87	28	0.4493295962249988
88	1	0.2644556802873055
88	2	0.33430027344812885
88	3	0.24973232347704766
88	4	0.20421898184671505
88	5	0.1616352834918473
88	6	0.00974818290647761
88	7	0.044135221042196804
88	8	0.14144586301414108
88	9	0.18554009033663021
88	10	0.020524571854174667
88	11	0.3014207474431956
88	12	0.2420610799249019
88	13	0.5000381013300412
88	14	0.21337668437563195
88	15	0.6468084776574088
88	16	0.3570052135789936
88	17	0.1850070892118154
88	18	0.27762314741405447
88	19	0.30691092794610597
88	20	0.29703623445386285
88	21	0.25406894785947287
88	22	0.24646069642236057
88	23	0.2396549913241941
88	24	0.6939803232129265
88	25	0.47746199274084944
88	26	0.5907714103187232
88	27	-0.16167563223920922
88	28	1.986521497633447
89	1	0.051816728304075355
89	2	0.15015594217820905
89	3	-0.0887759621022326
89	4	0.0032941404339652536
89	5	-0.035847115467511514
89	6	-0.057154927902999475
89	7	-0.09680514613950209
89	8	0.03608431875657914
89	9	-0.009040577070749123
89	10	-0.057398231687379564
89	11	0.010035496741252814
89	12	-0.00844017800901753
89	13	0.18649373795042123
89	14	0.007743940875570843
89	15	0.4655027075810878
89	16	0.10633496923513519
89	17	0.04390891016011267
89	18	-0.014503566223289965
89	19	0.06647773448078453
89	20	0.004490508276234095
89	21	-0.1354852307412031
89	22	-0.24909780289540606
89	23	-0.027064014708699347
89	24	-0.20746159115085305
89	25	-0.4785128500264406
89	26	-0.9258952563479426
89	27	-0.5679130567864945
89	28	0.6062398074926065
90	1	0.03146012502284634
90	2	0.2710660620837899
90	3	0.11811673287453317
90	4	0.026253227540316004
90	5	-0.002020948134287437
90	6	-0.06259538370771622
90	7	-0.00803759138981519
90	8	-0.003592448739183851
90	9	-0.05968912145306149
90	10	-0.05901825803606897
90	11	0.08786767297956999
90	12	0.07813789314588604
90	13	0.23972927351611162
90	14	0.15614444694364238
90	15	0.5326056881040415
90	16	0.14617913192504517
90	17	0.12218486658808558
90	18	0.04123324311074583
90	19	0.12628376704083166
90	20	0.1791113164068534
90	21	0.08155562343238643
90	22	0.12581727600402104
90	23	0.022906958818786904
90	24	0.5685652819928677
90	25	0.831658348362275
90	26	1.2816677688621354
90	27	1.6082774194039828
90	28	1.5385433059024152
91	1	0.02462649817757523
91	2	0.13998412112350422
91	3	-0.13397580421548838
91	4	-0.1610302836075519
91	5	-0.12398618380726845
91	6	-0.18190904188691803
91	7	-0.165057482790246
91	8	-0.11554992495018723
91	9	-0.1544137565065853
91	10	-0.23688409802592503
91	11	-0.1529566010227441
91	12	-0.06082461259649108
91	13	0.0964124219952609
91	14	-0.09436677192609721
91	15	0.31923148638233556
91	16	-0.03547505450619326
91	17	-0.11916285810573157
91	18	-0.05769938968398236
91	19	0.02457262248886849
91	20	0.0126631909886612
91	21	-0.0950251631056318
91	22	-0.2550309183982691
91	23	-0.3578285437337101
91	24	-0.10260361171123833
91	25	-0.1309345024480919
91	26	-0.3847885369803592
91	27	-0.12951451265546865
91	28	-0.23420585153619555
92	1	0.04459047950836492
92	2	0.15322758386832902
92	3	0.08399255950081397
92	4	0.029894197560828673
92	5	0.005182598122125626
92	6	-0.1741647219570197
92	7	-0.18442761805194152
92	8	-0.14627303811757741
92	9	-0.08680664884715839
92	10	-0.13974834228282873
92	11	0.0767416350976049
92	12	0.006721411786799081
92	13	0.2261403703394862
92	14	-0.1085438145853459
92	15	0.511821242896211
92	16	0.12499315668301136
92	17	0.04057521506769035
92	18	0.025022477763599227
92	19	0.09729154353730962
92	20	0.12549382204184667
92	21	-0.01099986114910223
92	22	0.045796872071349526
92	23	0.011882223144532134
92	24	0.031475485643809975
92	25	-0.37756046907406215
92	26	-0.20027542163720113
92	27	0.1190999302264899
92	28	-0.2968148842944842
93	1	0.014564442094311403
93	2	0.12805730155880468
93	3	-0.00313685347837378
93	4	-0.07772706611359581
93	5	-0.02491885684747075
93	6	-0.22744501310209841
93	7	-0.20489799507130613
93	8	-0.1298098746772638
93	9	-0.1252438839074017
93	10	-0.19197593974958238
93	11	-0.033175879122573804
93	12	0.014714526455911425
93	13	0.19149554046096995
93	14	0.00915127161077578
93	15	0.37636155238865854
93	16	0.1267498430645091
93	17	0.0770610141622683
93	18	0.016909355952492433
93	19	0.0436897378827652
93	20	0.08888031667100194
93	21	-0.06591705061160269
93	22	-0.0547385941730667
93	23	-0.33860908219994457
93	24	-0.5933713636233051
93	25	0.31241417166980767
93	26	0.7238989823351787
93	27	0.19637265749921795
93	28	-0.40533649966540963
94	1	-0.10323855289318828
94	2	0.06540435259660171
94	3	-0.09544246884362195
94	4	-0.08090079032379549
94	5	-0.09603504711717648
94	6	-0.18356062245306504
94	7	-0.2469121447937539
94	8	-0.2249342626154558
94	9	-0.12033884397782657
94	10	-0.19089763877521904
94	11	-0.037723107292627844
94	12	0.00653304207128258
94	13	0.10176970306164179
94	14	-0.015498064319409366
94	15	0.35001618139364865
94	16	-0.032889276474058704
94	17	-0.10026750816637531
94	18	-0.13620256729819147
94	19	-0.037722324687003095
94	20	-0.11420594215216084
94	21	-0.2774792641791137
94	22	-0.21226042643538534
94	23	-0.37778544234759437
94	24	0.11458491892159373
94	25	-0.03745593945733816
94	26	-0.14798360976160296
94	27	-0.5771685899856891
94	28	0.4144738269942323
95	1	-0.19301544267007387
95	2	-0.30539454547501776
95	3	-0.33620978233820864
95	4	-0.4431425889292342
95	5	-0.3940057632697105
95	6	-0.33523924685896134
95	7	-0.1943788195331564
95	8	-0.3946776505406646
95	9	-0.2326326108170491
95	10	-0.19213276728307704
95	11	-0.15013796516203115
95	12	0.041274058630484944
95	13	0.18638811495278418
95	14	0.02736412399732302
95	15	0.7016302239167871
95	16	0.04192278015617745
95	17	0.15163008918576537
95	18	0.1138159489994024
95	19	0.2976407139480344
95	20	0.2791351199160914
95	21	0.3951502689772681
95	22	0.22187615277891126
95	23	-0.005817501257709523
95	24	0.1220738649132116
95	25	-0.42262462647354937
95	26	-0.27244698048587424
95	27	0.1675366786632395
95	28	0.8200682325886319
96	1	-0.3012482474391689
96	2	-0.35562680519252154
96	3	-0.46770839018766
96	4	-0.584546279794715
96	5	-0.48256642874607536
96	6	-0.5336389548398301
96	7	-0.37019364972291413
96	8	-0.332791969108996
96	9	-0.4112175154384019
96	10	-0.4386003783249208
96	11	-0.12302874508680617
96	12	-0.09395771375358208
96	13	0.04093019087394367
96	14	-0.28872807302848
96	15	0.2321262084466582
96	16	-0.013160157203216727
96	17	-0.06638427178926776
96	18	-0.1827735186754822
96	19	-0.04090554329128082
96	20	-0.12063233421928743
96	21	-0.17259672018246874
96	22	-0.14596761271989322
96	23	-0.2023925470625514
96	24	-0.3350866216590376
96	25	-0.767524853719884
96	26	-0.2486058790585659
96	27	0.15531218423015503
96	28	0.28247002832376467
97	1	-0.30541399650839196
97	2	-0.23927007149748647
97	3	-0.39016448553160643
97	4	-0.35907669835638956
97	5	-0.4194196405697781
97	6	-0.5863510795112887
97	7	-0.4994708634880709
97	8	-0.5550759489687564
97	9	-0.586350154422334
97	10	-0.5325991443860758
97	11	-0.456172624264255
97	12	-0.40172803846522953
97	13	-0.27365739809675915
97	14	-0.4754923069837389
97	15	-0.06215449817401009
97	16	-0.44001522394783166
97	17	-0.5092915698155736
97	18	-0.6430552978035138
97	19	-0.4886543072707994
97	20	-2.4073599136635124
97	21	-0.7463272752202172
97	22	-0.677964698798533
97	23	-0.6859816741331315
97	24	-0.7163350029074209
97	25	-0.32061811318433797
97	26	-0.5246294335631347
97	27	-1.309562956182873
97	28	-0.10962873710833776
98	1	-0.13577427299609468
98	2	0.0265649182909371
98	3	-0.16702444559035712
98	4	-0.24268401501891645
98	5	-0.18766368282152968
98	6	-0.32385759275705084
98	7	-0.28903306689831254
98	8	-0.16062812913428104
98	9	-0.1977782971008466
98	10	-0.23300557757631424
98	11	-0.05402546583616186
98	12	-0.08443002228509755
98	13	0.09603516339394247
98	14	-0.13458576299345992
98	15	0.3302897041887931
98	16	-0.01309424068229248
98	17	-0.0779022504073339
98	18	-0.064805866625953
98	19	0.028819695921001198
98	20	0.06974878837956311
98	21	-0.1376701004416674
98	22	-0.03864078311284658
98	23	0.0540458361832421
98	24	-0.019122698100176194
98	25	0.2899502238258549
98	26	0.949003529077153
98	27	0.8357548968814612
98	28	1.790847453367853
99	1	-0.2971462669174727
99	2	-0.22578698392784702
99	3	-0.37673441596572843
99	4	-0.4380313236058697
99	5	-0.41183111770965297
99	6	-0.592775412627951
99	7	-0.5241477311040583
99	8	-0.49013381746124907
99	9	-0.4780022820265941
99	10	-0.5184031293180311
99	11	-0.36333936749967677
99	12	-0.31815770203174765
99	13	-0.22378838384996413
99	14	-0.4030928310123727
99	15	0.04076367202780773
99	16	-0.3160980219996503
99	17	-0.41642523442691015
99	18	-0.4727040787907839
99	19	-0.34651499762144056
99	20	-0.35558466957215273
99	21	-0.3586523438989033
99	22	-0.38507547966638356
99	23	-0.20579430988490088
99	24	-0.02624546281788298
99	25	0.4477692012556105
99	26	-0.0845729422983581
99	27	0.16596972709628943
99	28	-0.211644240984306
100	1	-0.29536993045662285
100	2	-0.19193882355479275
100	3	-0.415264409047829
100	4	-0.38482607409167713
100	5	-0.40462598147103535
100	6	-0.5295534774404587
100	7	-0.44994761630015034
100	8	-0.38740623580056877
100	9	-0.3877560289986093
100	10	-0.5216106937895972
100	11	-0.4300598101015467
100	12	-0.399693534649991
100	13	-0.2066756795886846
100	14	-0.3993614793424811
100	15	2.876538623581837E-4
100	16	-0.27503551050914865
100	17	-0.3778218594438201
100	18	-0.3905917314143892
100	19	-0.2923353038426768
100	20	-0.29627900455500367
100	21	-0.5120086356794431
100	22	-0.4172168837264749
100	23	-0.4327154470334733
100	24	-0.260290236105682
100	25	0.5898632183496275
100	26	0.5267764993772488
100	27	-0.2368902334559806
100	28	0.449527381035125
101	1	-0.4773547173912007
101	2	-0.3510667515242858
101	3	-0.510576508438433
101	4	-0.5850314078910657
101	5	-0.5441238828877459
101	6	-0.7582347367501256
101	7	-0.6904039639046786
101	8	-0.6161666743783059
101	9	-0.6300419278141547
101	10	-0.6609708632021736
101	11	-0.4719871177668935
101	12	-0.5071881517905084
101	13	-0.28843792176812855
101	14	-0.4669544029781747
101	15	-0.1449280109462876
101	16	-0.4189561396139396
101	17	-0.39535796031066894
101	18	-0.4392905193121308
101	19	-0.4101059925777264
101	20	-0.45863706260831805
101	21	-0.5953688372777322
101	22	-0.5234506309310305
101	23	-0.5795194504868988
101	24	-0.5364615179491921
101	25	-0.586913934037284
101	26	-0.801925218894759
101	27	-1.0693672911748635
101	28	-0.3932184806980814
102	1	-0.44568668479173823
102	2	-0.27809204099555984
102	3	-0.44492420037927616
102	4	-0.4092324295438985
102	5	-0.43778093608569435
102	6	-0.606005963566453
102	7	-0.5666237839396047
102	8	-0.4610214732127602
102	9	-0.5004061515536051
102	10	-0.5269237755969982
102	11	-0.45083953263831233
102	12	-0.44180414208437213
102	13	-0.2835656531002968
102	14	-0.45748030812867313
102	15	0.02388513123136704
102	16	-0.4079388949301901
102	17	-0.4109141000859893
102	18	-0.48221603255196044
102	19	-0.4629967648165163
102	20	-0.5095387573532904
102	21	-0.6895781173952997
102	22	-0.5793348430636271
102	23	-0.7400620653909584
102	24	-0.5810073675797867
102	25	0.01336871635368908
102	26	-0.29657798727163964
102	27	-0.41710889406180485
102	28	-1.4084006669328986
103	1	-0.38867085445196636
103	2	-0.21378220524608338
103	3	-0.3646766514374846
103	4	-0.3996716724938878
103	5	-0.373659627192346
103	6	-0.4986248730904421
103	7	-0.512733429350213
103	8	-0.4867748024006602
103	9	-0.47522788115935555
103	10	-0.5032789333699554
103	11	-0.472541648435282
103	12	-0.4130980514728506
103	13	-0.2826948179246216
103	14	-0.45207398729849757
103	15	0.015149274036623694
103	16	-0.3651491992478171
103	17	-0.4028004605017017
103	18	-0.37172256385990465
103	19	-0.34485957365269115
103	20	-0.4235602864728065
103	21	-0.5675966423607761
103	22	-0.4529130497601628
103	23	-0.3097960649151119
103	24	-0.2629869503583038
103	25	0.6665399837871959
103	26	0.45981902936634356
103	27	0.36030993972918424
103	28	0.042528125636764
104	1	-0.6626048272407914
104	2	-0.5060103931242921
104	3	-0.6547232737049242
104	4	-0.723212629095535
104	5	-0.6558996473533298
104	6	-0.8061786331440359
104	7	-0.8624380218125864
104	8	-0.7844777721499696
104	9	-0.7841118971283265
104	10	-0.9061766133205396
104	11	-0.697645603491047
104	12	-0.7141074834925476
104	13	-0.5071719078591883
104	14	-0.69498727971569
104	15	-0.2861926297623043
104	16	-0.542134179931999
104	17	-0.6884319202365958
104	18	-0.6838859599632556
104	19	-0.647182281403154
104	20	-0.7620719610085018
104	21	-0.800757903413043
104	22	-0.8392236835639295
104	23	-0.7739938813901972
104	24	-0.45600736757978666
104	25	-0.8646166319085893
104	26	0.29232035703495285
104	27	0.9593016279700919
104	28	0.25347203808546226
105	1	-0.8060315437318337
105	2	-0.5923829719908795
105	3	-0.7734897475116469
105	4	-0.8019334176439656
105	5	-0.753207636908904
105	6	-0.8258479617768515
105	7	-0.8282133137000471
105	8	-0.8240417919392442
105	9	-0.8579919931247701
105	10	-0.8515162107874659
105	11	-0.7247310666273776
105	12	-0.7334024996263722
105	13	-0.5874732615117182
105	14	-0.7568260417306902
105	15	-0.340706625368405
105	16	-0.7480531007688427
105	17	-0.820033825149352
105	18	-0.8349691271466995
105	19	-0.8373970134042068
105	20	-0.798311069311147
105	21	-0.987893718568273
105	22	-0.9980057545535956
105	23	-1.2525210367297888
105	24	-1.3786102621976042
105	25	-2.160549353388596
105	26	-1.7676275398125156
105	27	-1.7732486850136908
105	28	-1.7797100379213404
106	1	-0.681673526048499
106	2	-0.5577241440511145
106	3	-0.6898196438510524
106	4	-0.7596538618503388
106	5	-0.7469989725572574
106	6	-0.916826674445403
106	7	-0.8116393899037746
106	8	-0.8153560756737974
106	9	-0.8756938887570556
106	10	-0.8047000273342491
106	11	-0.6902925474218762
106	12	-0.6842786265988252
106	13	-0.537296614770554
106	14	-0.700861849006742
106	15	-0.3225444354995872
106	16	-0.6912711007031049
106	17	-0.7672701053785076
106	18	-0.7847758826366871
106	19	-0.7464285260819779
106	20	-0.654938974464848
106	21	-0.9235620890651148
106	22	-0.9272479498290238
106	23	-0.9505446426427682
106	24	-1.0950022785212568
106	25	-1.0864575823235043
106	26	-0.9181487774747055
106	27	-0.8791099679834105
106	28	0.007880420400823596
107	1	-0.6654734560371764
107	2	-0.49128811318676924
107	3	-0.6299979806718596
107	4	-0.680216457821281
107	5	-0.717345554791315
107	6	-0.8236410807153405
107	7	-0.751667490458189
107	8	-0.7723893327978004
107	9	-0.8238785702448226
107	10	-0.811213350000024
107	11	-0.6041339691580347
107	12	-0.6158815803433342
107	13	-0.5022466509547101
107	14	-0.6501016761957459
107	15	-0.2522401481354066
107	16	-0.6030060284089913
107	17	-0.7062406595940729
107	18	-0.6057402765518489
107	19	-0.6550530238239816
107	20	-0.6047236406805965
107	21	-0.8284131438828268
107	22	-0.7578335747482612
107	23	-0.9311532014708632
107	24	-1.3094717870554362
107	25	-0.8593395870537108
107	26	-1.3992765513119707
107	27	-0.9891008577495768
107	28	-2.3675774550570523
108	1	-0.6830881646607878
108	2	-0.6218700095846899
108	3	-0.6035118247791758
108	4	-0.7349113650681147
108	5	-0.6750128166425569
108	6	-0.8513399144675873
108	7	-0.7851351471009167
108	8	-0.6878135623763271
108	9	-0.7949901238192822
108	10	-0.7480278136987621
108	11	-0.5656072436580146
108	12	-0.569286193095131
108	13	-0.41495977912778415
108	14	-0.5748795239112852
108	15	-0.19936977419678215
108	16	-0.5407224893302001
108	17	-0.6853306409392488
108	18	-0.6341805650977861
108	19	-0.6448510039031632
108	20	-0.6292359401430616
108	21	-0.8279826276232427
108	22	-0.7673619808218888
108	23	-0.8155226982092074
108	24	-0.5148830455105298
108	25	-0.904489235130896
108	26	-1.57738779366138
108	27	-1.4750559139293529
108	28	-1.4689269827223725
109	1	-0.7453031613988017
109	2	-0.6566371455570774
109	3	-0.7813437586133816
109	4	-0.8165437632975241
109	5	-0.8013804324432172
109	6	-0.9425495166450588
109	7	-0.9427393028065936
109	8	-0.9074834349131748
109	9	-0.9770966681437727
109	10	-0.9117624069320627
109	11	-0.780313699593087
109	12	-0.8321486072486621
109	13	-0.6985265727665464
109	14	-0.7754974781872974
109	15	-0.39751815617937325
109	16	-0.6983577216330303
109	17	-0.7790636207149078
109	18	-0.8146621463450927
109	19	-0.7084920745672108
109	20	-0.6874407323305505
109	21	-0.916235587841264
109	22	-0.9579762490742851
109	23	-1.2722133064023282
109	24	-1.7636838864631983
109	25	-2.0658144373280294
109	26	-1.3386980245140379
109	27	-1.032284829592001
109	28	-1.2814116828447695
110	1	-1.1501937594044236
110	2	-1.0478632142595927
110	3	-1.211984445157448
110	4	-1.2021545320047053
110	5	-1.2581787746386865
110	6	-1.4377601745444153
110	7	-1.445665163025616
110	8	-1.3125434931425772
110	9	-1.3435618597503591
110	10	-1.4356550820315093
110	11	-3.6319035624462828
110	12	-3.531575713088106
110	13	-3.4705919001735417
110	14	-3.5695258126997587
110	15	-18.28733692677095
110	16	-4.4517198738483685
110	17	-4.302958009907492
110	18	-4.465251239279159
110	19	-4.721814328179217
110	20	-4.2135572558953065
110	21	-1.485050698230964
110	22	-1.5867464444183597
110	23	-1.4107823816411411
110	24	-1.685023431836811
110	25	-1.3619747180641468
110	26	-0.884888062103343
110	27	-0.7191735609881746
110	28	-0.9093186595889549
111	1	-1.0110041687599391
111	2	-0.936485921767158
111	3	-1.074811791747159
111	4	-1.1188291281136102
111	5	-1.1259011501271843
111	6	-1.1836748363522176
111	7	-1.2020146534085825
111	8	-1.1623047467623024
111	9	-1.2472039352068052
111	10	-1.2832726044252212
111	11	-4.04118729038607
111	12	-3.9614906367817504
111	13	-3.8180628973572084
111	14	-3.851960225239363
111	15	-19.764093925779576
111	16	-4.835304251169006
111	17	-4.618711832155974
111	18	-4.608223528636017
111	19	-4.988892355564591
111	20	-4.451534486693344
111	21	-1.2616463820627786
111	22	-1.2874056064586128
111	23	-1.33490152208212
111	24	-0.9244294821883372
111	25	-1.0636799241910708
111	26	-0.9898408345792404
111	27	-1.1204047511386577
111	28	-1.5762954037749992
112	1	-1.5298160703797947
112	2	-1.3654969873956446
112	3	-1.5394216400955187
112	4	-1.6463496739544965
112	5	-1.5843726718184357
112	6	-1.8335645906388507
112	7	-1.7492547380454369
112	8	-1.5991684095768761
112	9	-1.8171258134920691
112	10	-1.788506827293503
112	11	-5.144012259036327
112	12	-5.058951023412778
112	13	-21.88876828747635
112	14	-4.931923708017781
112	15	-4.574095469990727
112	16	-5.168044593447558
112	17	-5.050699004052415
112	18	-5.165485761601534
112	19	-5.441996696459682
112	20	-5.011223149922547
112	21	-1.6152243712158167
112	22	-1.680346411696945
112	23	-1.2348557161846117
112	24	-1.8605381119163553
112	25	-1.7427103808906423
112	26	-1.7038613580428574
112	27	-2.394547439353083
112	28	-2.5305811180607165
113	1	-1.0480202374310394
113	2	-0.9081642829595822
113	3	-1.0491657449985112
113	4	-1.071485697633598
113	5	-1.0326832100108163
113	6	-1.1310688659451245
113	7	-1.105155789598662
113	8	-1.0672556362393024
113	9	-1.1112307655068534
113	10	-1.0895963099248007
113	11	-1.0206283099669307
113	12	-1.0448766778023568
113	13	-0.913685492960262
113	14	-1.1316226524683586
113	15	-0.6302123346426356
113	16	-0.9708654515626662
113	17	-1.0592386191080365
113	18	-1.163839318699793
113	19	-1.0937214484873863
113	20	-1.0969394385175306
113	21	-1.290580461622838
113	22	-1.1750261632822898
113	23	-1.0849826093487565
113	24	-0.5620948380289548
113	25	-1.1706248093139777
113	26	-0.8187523992050885
113	27	-0.29062968442115533
113	28	-0.1727310473393544
114	1	-1.032660007548884
114	2	-0.8930280517521396
114	3	-1.0434312673091313
114	4	-1.1711939983802253
114	5	-1.1203928443925193
114	6	-1.216249193314404
114	7	-1.2759699186807438
114	8	-1.1467134003281103
114	9	-1.2092459223222107
114	10	-1.1950680048129314
114	11	-1.0213099880706764
114	12	-1.0983274027597432
114	13	-0.9484935683804991
114	14	-1.102946201701208
114	15	-0.6411095281802588
114	16	-1.0165938484907642
114	17	-1.0801171800935165
114	18	-1.0501344237177577
114	19	-1.0254133585792289
114	20	-1.0145531805040022
114	21	-1.1461516336061806
114	22	-1.1324122080782786
114	23	-1.1609682422323075
114	24	-1.2320082379018018
114	25	-0.7172515887651798
114	26	-0.7433194987721876
114	27	-1.4121526881229016
114	28	-0.18471645640658352
115	1	-1.2343625796936095
115	2	-1.2771401200943941
115	3	-1.301019175813373
115	4	-1.4386810562404762
115	5	-1.3871320364393185
115	6	-1.5318127383762175
115	7	-1.492869849708221
115	8	-1.4549507176860814
115	9	-1.4960497168768114
115	10	-1.4634808496001028
115	11	-1.2903044955669287
115	12	-1.3570247017361723
115	13	-1.1645881350896161
115	14	-1.311089152166197
115	15	-0.9392890054453318
115	16	-1.2362428886606125
115	17	-1.3306531265150525
115	18	-1.196923400135553
115	19	-1.2239611644589061
115	20	-1.280294928353932
115	21	-1.4175782910431494
115	22	-1.3292985460310476
115	23	-0.9240072477649903
115	24	-0.8260439402025668
115	25	-1.013285032280642
115	26	-0.7334221380683772
115	27	0.14591182800612756
115	28	1.0869304026766144
116	1	-1.3160395260247384
116	2	-1.3731846066535098
116	3	-1.2827822181668438
116	4	-1.484488020357304
116	5	-1.3762516165899399
116	6	-1.3337878057381047
116	7	-1.20535131810896
116	8	-1.4073129491263714
116	9	-1.2439122402784974
116	10	-1.2534714286217365
116	11	-1.1656612848175811
116	12	-1.0616577203343525
116	13	-0.9703922947201917
116	14	-1.1330490165811042
116	15	-0.45355673788174755
116	16	-0.9919128057455211
116	17	-0.9339884245319183
116	18	-0.905992211690851
116	19	-0.8421754145145357
116	20	-0.9542524478320331
116	21	-0.9064335226473403
116	22	-1.0103448067673213
116	23	-0.9688139016750839
116	24	-0.9940855175000394
116	25	-1.3523867239003167
116	26	-0.6866095420622287
116	27	-1.0662323845175905
116	28	-2.291905159872563
117	1	-1.4709831767027666
117	2	-1.2471904718969995
117	3	-1.4545699641538619
117	4	-1.5248133431544062
117	5	-1.4912930618252744
117	6	-1.6048386623772188
117	7	-1.5695407207236372
117	8	-1.5214221740813585
117	9	-1.4962846743887113
117	10	-1.5819966810309793
117	11	-1.3718127308120316
117	12	-1.383103668038558
117	13	-1.2470798039793323
117	14	-1.4673040261750145
117	15	-0.9877631556018116
117	16	-1.3088344079052945
117	17	-1.4126993485864787
117	18	-1.418102853229307
117	19	-1.4470560254947742
117	20	-1.4824438487235554
117	21	-1.649677455108737
117	22	-1.7135631594028453
117	23	-1.6144426882283298
117	24	-1.411320693363102
117	25	-1.6016845205422214
117	26	-1.3878000182527046
117	27	-1.2250559139293529
117	28	-1.6271062145858153
118	1	-1.6470079761500713
118	2	-1.565101523573695
118	3	-1.6860881597875519
118	4	-1.818858709768513
118	5	-1.8177152472023224
118	6	-1.9155922419253173
118	7	-1.891486527907844
118	8	-1.812866575279898
118	9	-1.8337877353787775
118	10	-1.8407618582848642
118	11	-1.634735506138675
118	12	-1.7250529094417644
118	13	-1.6080397260673465
118	14	-1.7600907937790353
118	15	-1.3053980068825695
118	16	-1.6677587456525984
118	17	-1.7452636500143868
118	18	-1.7878355687638674
118	19	-1.7626106787762836
118	20	-1.8799825663297938
118	21	-1.976706580516833
118	22	-1.929930964893856
118	23	-2.1089945679870183
118	24	-1.71858312515554
118	25	-2.1059638304186024
118	26	-1.137992030541497
118	27	-1.992797849413222
118	28	-1.679309102405135
119	1	-1.403608742650725
119	2	-1.3575244412709253
119	3	-1.4398474588909025
119	4	-1.5694698091398536
119	5	-1.511097515391107
119	6	-1.7083764258854686
119	7	-1.6335253548160509
119	8	-1.5744456098540738
119	9	-1.6397775706003443
119	10	-1.6164776911339303
119	11	-1.3715168037147834
119	12	-1.4651322129635318
119	13	-1.2865302216513257
119	14	-1.5061267823295523
119	15	-1.044291719752195
119	16	-1.4068262178813598
119	17	-1.5198190940420702
119	18	-1.4619010152386593
119	19	-1.4784818065099685
119	20	-1.4951547440194446
119	21	-1.5344473868596182
119	22	-1.5787646299717224
119	23	-1.3999848306698155
119	24	-1.7133490914546883
119	25	-1.0763089932771308
119	26	-0.7171361322603573
119	27	-0.3287144505147168
119	28	0.4364518489722542
120	1	-1.793726303302293
120	2	-1.658716959117875
120	3	-1.8006717167103474
120	4	-1.8654507833073808
120	5	-1.8461581201758648
120	6	-2.051217810228806
120	7	-1.9937421613579076
120	8	-1.9049975788663431
120	9	-2.0429656723209533
120	10	-2.0146427064313173
120	11	-1.800852840989883
120	12	-1.8461103334901026
120	13	-1.702519616398753
120	14	-1.871258260328446
120	15	-1.5507681748751807
120	16	-1.7794732739530659
120	17	-1.8525644837745787
120	18	-1.86885367693462
120	19	-1.7476242418132557
120	20	-1.7747188780989234
120	21	-1.829438298203911
120	22	-1.7604763701945032
120	23	-1.7640405306247402
120	24	-1.5338079942934542
120	25	-1.7265128500264453
120	26	-1.317924241855195
120	27	-1.352223543987158
120	28	-1.8286410827873496
>>END_MODULE
>>Per sequence quality scores	pass
#Quality	Count
2	408800.0
3	8601.0
4	3924.0
5	4812.0
6	6051.0
7	10034.0
8	9806.0
9	6371.0
10	6322.0
11	7859.0
12	9763.0
13	11506.0
14	13501.0
15	15081.0
16	15886.0
17	18004.0
18	22439.0
19	30015.0
20	38797.0
21	46887.0
22	53100.0
23	59399.0
24	63782.0
25	67683.0
26	68322.0
27	72516.0
28	80420.0
29	88494.0
30	100439.0
31	115426.0
32	136585.0
33	168094.0
34	216208.0
35	314187.0
36	510702.0
37	849625.0
38	1418042.0
39	3389740.0
40	534092.0
>>END_MODULE
>>Per base sequence content	fail
#Base	G	A	T	C
1	6.806147619967475	34.23589522327814	47.878361288675876	11.079595868078515
2	23.18774684939783	38.27283304447229	20.96141288807025	17.57800721805963
3	15.596872165654288	21.258813658925526	17.926903644217898	45.21741053120229
4	24.407885322817318	46.611735773560824	13.968227093315416	15.012151810306444
5	21.817366381408217	28.15102155674879	37.445945373957194	12.5856666878858
6	24.545758036464672	15.966778187409284	44.00915866181774	15.478305114308299
7	19.29243671619091	22.888733479497162	18.738406555042236	39.08042324926969
8	18.794964957897818	43.5231074570771	20.99316599852355	16.688761586501528
9	17.220528333915656	40.49931593328308	31.105077424798488	11.175078308002776
10	26.291058584217975	19.107819246410106	21.74416737998837	32.85695478938355
11	41.00280903401337	7.622441832110086	18.49471993814237	32.88002919573418
12	16.766672425084558	14.270170525084392	29.30146317510275	39.66169387472831
13	18.295451511267757	20.931625814375735	43.416272829221406	17.356649845135106
14	39.92259757180877	28.04882600984661	21.171872673938825	10.856703744405788
15	40.96721118880807	17.610390593811058	30.024860677201502	11.397537540179364
16	14.637650165559144	14.787828222876323	28.431756915517344	42.142764696047195
17	35.22185369582111	20.05362549805223	32.48899744092946	12.235523365197196
18	41.331284926280944	15.43461143261885	22.30447412627335	20.929629514826857
19	28.38061682115562	13.373413216588217	42.65483816680421	15.591131795451957
20	58.503526185569	14.674508369604853	17.845834201301958	8.976131243524192
21	17.060655089048772	31.132674418684946	24.012114859139903	27.79455563312638
22	42.78897406815713	10.525597792196535	36.27593024091107	10.409497898735262
23	13.255978582292553	23.91495459603941	43.62548406981785	19.203582751850185
24	19.843173770522878	19.420129152406236	41.28671431397706	19.44998276309383
25	22.65864895740487	17.794795184352914	21.775864016972772	37.770691841269446
26	13.456911392751653	18.22764967810608	26.89636761278266	41.4190713163596
27	14.30704408562622	18.86491530695925	29.446596725390943	37.38144388202358
28	15.914660681157097	28.896498018826872	19.94113739950986	35.247703900506174
>>END_MODULE
>>Per sequence GC content	warn
#GC Content	Count
0	6.0
1	6.0
2	9.5
3	12.0
4	11.0
5	11.0
6	12.0
7	19.0
8	33.5
9	52.0
10	64.0
11	87.5
12	132.5
13	194.5
14	269.5
15	427.0
16	687.0
17	1009.5
18	1540.5
19	2146.0
20	4830.5
21	8672.0
22	10159.0
23	11444.0
24	14509.0
25	30420.5
26	53006.0
27	61812.5
28	73402.0
29	88353.0
30	161959.5
31	304349.0
32	384480.5
33	490000.5
34	705485.0
35	823584.5
36	890326.5
37	906037.5
38	884373.0
39	1030460.0
40	1144552.0
41	1163825.5
42	1182309.5
43	1449248.0
44	1758507.0
45	1943014.5
46	2455308.5
47	2823852.0
48	2704575.5
49	2583016.0
50	2122797.5
51	1662579.0
52	1289323.0
53	884154.0
54	782899.0
55	662139.5
56	600241.0
57	609194.5
58	631408.5
59	600306.5
60	566241.0
61	501365.5
62	471527.0
63	480448.5
64	421435.5
65	384891.5
66	343471.0
67	293257.0
68	237403.5
69	180354.0
70	159900.0
71	132364.5
72	109415.0
73	104291.5
74	80687.0
75	54339.0
76	42004.0
77	34306.0
78	32569.5
79	33048.5
80	32329.0
81	30778.5
82	31049.0
83	29134.5
84	26937.5
85	24634.0
86	22061.5
87	21139.5
88	20855.0
89	20618.5
90	20330.0
91	14623.0
92	6830.0
93	3530.5
94	2365.0
95	2135.0
96	2123.0
97	1496.5
98	608.5
99	347.0
100	347.0
>>END_MODULE
>>Per base N content	pass
#Base	N-Count
1	1.0225839224602182
2	0.11393890781513591
3	0.013575794203402502
4	0.0020774742357088935
5	4.443795156596564E-5
6	0.0
7	0.0
8	0.0
9	0.0
10	0.0
11	0.0
12	0.0
13	0.14259027708729224
14	5.221459309000963E-4
15	0.23629880745202228
16	0.0
17	0.0
18	0.0
19	0.0
20	0.0
21	0.0
22	0.0
23	0.012389713957853085
24	0.017766849191430695
25	5.021504593421327E-4
26	0.0
27	0.0
28	0.05837043480251337
>>END_MODULE
>>Sequence Length Distribution	warn
#Length	Count
17	355247.0
18	255824.0
19	291833.0
20	857716.0
21	1310457.0
22	3371664.0
23	1714305.0
24	445982.0
25	106110.0
26	115362.0
27	89442.0
28	87373.0
>>END_MODULE
>>Sequence Duplication Levels	fail
#Total Deduplicated Percentage	6.129226628744191
#Duplication Level	Percentage of deduplicated	Percentage of total
1	80.88163866431279	4.957418934777716
2	7.402053881204758	0.9073773151215898
3	2.8334982677263634	0.5210145910514689
4	1.576099101612458	0.38641074332571496
5	1.0138905552048376	0.3107182494796861
6	0.7233032386559844	0.2659973682616305
7	0.5666247391058683	0.24310800076030423
8	0.4502920024297241	0.2207953385602247
9	0.3649689976322528	0.20132799290583117
>10	2.924012274249241	3.7360587074613565
>50	0.5090716879256874	2.210571633762117
>100	0.5259955586931016	6.857073153020756
>500	0.0962320131566343	4.130157582771138
>1k	0.09440943714987986	12.007810780678744
>5k	0.01950156327227248	8.314114611933416
>10k+	0.01840801766821982	54.7300449961283
>>END_MODULE
>>Overrepresented sequences	fail
#Sequence	Count	Percentage	Possible Source
AACATTCAACGCTGTCGGTGAGT	607551	6.749580477963497	No Hit
AACATTCAACGCTGTCGGTGAG	578603	6.427983022480604	No Hit
TTCAAGTAATCCAGGATAGGCT	315827	3.5086762323060574	No Hit
TTCACAGTGGCTAAGTTCTG	295920	3.287519656850138	No Hit
AAGCTGCCAGTTGAAGAACTGT	238295	2.6473354171029455	No Hit
TGAGGTAGTAGGTTGTATAGTT	140581	1.5617829172737538	No Hit
AACATTCAACGCTGTCGGTGA	139253	1.5470295173538533	No Hit
TCGGATCCGTCTGAGCTTGGCT	126277	1.4028728024738608	No Hit
TCTTTGGTTATCTAGCTGTATGA	113301	1.2587160875938683	No Hit
TGAGGTAGTAGATTGTATAGTT	88610	0.9844117220650539	No Hit
CCTGTCTGAGCGTCGCT	81500	0.9054232631565499	No Hit
TGAGATGAAGCACTGTAGCT	75731	0.841332627510536	No Hit
TTCACAGTGGCTAAGTTCTGC	72194	0.8020383688383308	No Hit
TGTAAACATCCTCGACTGGAAGCT	59808	0.6644362518143182	No Hit
TCTTTGGTTATCTAGCTGTATG	56839	0.6314521822644802	No Hit
TGAGATGAAGCACTGTAGCTCT	52256	0.580537399257775	No Hit
AGCAGCATTGTACAGGGCTATGA	49602	0.5510528183937569	No Hit
CAACGGAATCCCAAAAGCAGCTG	46300	0.5143692893760523	No Hit
AACATTCATTGCTGTCGGTGGG	46166	0.5128806179985924	No Hit
TGAGATGAAGCACTGTAGCTC	45255	0.5027598745294437	No Hit
TGTAAACATCCTCGACTGGA	45015	0.5000935974354858	No Hit
CATTATTACTTTTGGTACGCG	42196	0.46877595106937153	No Hit
TGAGGTAGTAGGTTGTATAGT	41762	0.4639544333244643	No Hit
TCTTTGGTTATCTAGCTGTAT	41586	0.46199916345556175	No Hit
TGAGGTAGTAGGTTGTATGGTT	40299	0.4477012525392123	No Hit
TGAGGTAGTAGTTTGTACAGTT	37901	0.4210607005754159	No Hit
AATATAACACAGATGGCCTGT	35303	0.39219825103332123	No Hit
TGAGACCTCTGGGTTCTGAGCT	35190	0.3909428789015827	No Hit
AGCTGGTGTTGTGAATCAGGCCG	34727	0.3857991860078222	No Hit
TATTGCACTCGTCCCGGCCTCC	34651	0.38495486492806885	No Hit
TGTAAACATCCTTGACTGGAAGCT	33965	0.37733375623450577	No Hit
AACATTCAACGCTGTCGGTGAGA	33483	0.37197898307080685	No Hit
TTCAAGTAATCCAGGATAGGCA	32810	0.36450229771983317	No Hit
TGAGATGAAGCACTGTAGCTCA	31237	0.34702707326651716	No Hit
TTCAAGTAATCCAGGATAGGCC	29408	0.32670781991297937	No Hit
TGAGGTAGTAGATTGTATAGT	29225	0.32467478362883645	No Hit
CGCCTGTCTGAGCGTCGCT	29175	0.32411930923426185	No Hit
AACATTCATTGCTGTCGGTGGGT	26837	0.2981453265439549	No Hit
TGAGGTAGTAGGTTGTGTGGTT	26235	0.29145741483327714	No Hit
TATTGCACTTGTCCCGGCCTGT	26174	0.29077973607189617	No Hit
TGAGGTAGTAGTTTGTGCTGTT	25790	0.28651369272156346	No Hit
TCACAGTGAACCGGTCTCTTT	25120	0.2790703358342642	No Hit
TCGAGGAGCTCACAGTCTAGT	25106	0.27891480300378335	No Hit
AACATTCAACGCTGTCGGTGAGTT	25029	0.27805937243613854	No Hit
GTACAGTACTGTGATAACTGA	24752	0.2749820442901954	No Hit
TGTAAACATCCCCGACTGGAAGCT	23889	0.2653945562398383	No Hit
AACATTCAACGCTGTCGGTGAGC	22231	0.24697502531574553	No Hit
AACATTCAACGCTGTCGGTG	22025	0.2446864708100983	No Hit
TATACAAGGGCAAGCTCTCTGT	21738	0.24149804778524028	No Hit
TGAGGTAGTAAGTTGTATTGTT	21738	0.24149804778524028	No Hit
GCTAAATTTGACTGGCTT	21604	0.24000937640778044	No Hit
AACATTCAACCTGTCGGTGAGT	21423	0.23799855909942047	No Hit
AACATTCAACGCTGTCGGTGAGG	21032	0.23365474933384733	No Hit
AACATTCAACCTGTCGGTGAGTT	21008	0.23338812162445152	No Hit
TAGCAGCACGTAAATATTGGCG	19498	0.21661279490829952	No Hit
CCTGTCTGAGCGTCGCC	19458	0.21616841539263987	No Hit
TCCCTGAGACCCTAACTTGTGA	19135	0.21258005080368814	No Hit
TTCAAGTAATCCAGGATAGGC	18626	0.206925321466919	No Hit
TCGGATCCGTCTGAGCTTGG	18590	0.20652537990282532	No Hit
TCGGATCCGTCTGAGCTTGGC	18514	0.20568105882307197	No Hit
TAGTAGACCGTATAGCGTACG	18173	0.20189272345207337	No Hit
TCCAGCATCAGTGATTTTGTT	18144	0.20157054830322016	No Hit
TCGGATCCGTCTGAGCTTGGCC	17679	0.19640463643367662	No Hit
TCGGATCCGTCTGAGCTTGGCTT	16896	0.18770590741463886	No Hit
ATAGGCGATAGAAATTGAAACCT	16695	0.1854729003484491	No Hit
ATAGTAGACCGTATAGCGTACG	16577	0.1841619807772531	No Hit
TCGGATCCGTCTGAGCTTGGCA	16538	0.18372871074948494	No Hit
TTCACAGTGGCTAAGTTCTGCT	16256	0.18059583516408434	No Hit
TGTAAACATCCTCGACTGGAA	16108	0.17895163095614364	No Hit
AACATTCAACGCTGTCGGTGG	15654	0.17390792345340653	No Hit
TCCAGCATCAGTGATTTTGTTG	14933	0.16589798268364123	No Hit
TACAGTACTGTGATAACTGACT	14931	0.16587576370785825	No Hit
GTCAGGATGGCCGAGCGGTCTAAGGC	14718	0.16350944278697058	No Hit
TATTGCACTTGTCCCGGCCTGTAA	14649	0.16274288812245766	No Hit
CGCGACCTCAGATCAGA	14164	0.15735478649508433	No Hit
TGTAAACATCCTACACTCTCAGCT	14151	0.15721036315249493	No Hit
TAGCACCATCTGAAATCGGTT	13969	0.1551884363562435	No Hit
AGCAGCATTGTACAGGGCTATG	13378	0.14862272901237208	No Hit
TTCAAGTAATCCAGGATAGGCG	13326	0.14804503564201452	No Hit
TTATAAAGCAATGAGACTGATT	13242	0.14711183865912925	No Hit
CTAGACTGAAGCTCCTTGAGGA	13099	0.14552318189064598	No Hit
TTCAAGTAATTCAGGATAGGTT	13073	0.1452343352054672	No Hit
GTACAGTACTGTGATAACTGAA	12776	0.14193481730169424	No Hit
CATCATCGTCTCAAATGAGTCT	12676	0.1408238685125451	No Hit
TGTAAACATCCTACACTCAGCT	12249	0.13608011718287827	No Hit
AACATTCAACGCTGTCGGTGT	11897	0.1321695774450733	No Hit
TACAGTACTGTGATAACTGAAG	11671	0.12965883318159624	No Hit
TTCAAGTAATCCAGGATAGGCTT	11592	0.12878118363816843	No Hit
TAGCTTATCAGACTGATGTTGA	10982	0.12200439602435866	No Hit
AACATTCATTGCTGTCGGTGGGTT	10883	0.12090455672310102	No Hit
GTACAGTACTGTGATAACT	10782	0.11978249844606038	No Hit
TGAGGTAGGAGGTTGTATAGTT	10724	0.11913814814835388	No Hit
AACATTCAACGCTGTCGGT	10691	0.11877153504793467	No Hit
CCTCGACACAAGGGTTTGT	10574	0.11747172496463017	No Hit
TTCCCTTTGTCATCCTATGCCT	10542	0.11711622135210244	No Hit
AGCAGCATTGTACAGGGCTATGT	10541	0.11710511186421096	No Hit
TCGACACAAGGGTTTGT	10397	0.11550534560783618	No Hit
TACAGTACTGTGATAACTGAA	10327	0.11472768145543179	No Hit
TATTGCACTCGTCCCGGCCTCA	10196	0.11327233854164641	No Hit
TCTTTGGTTATCTAGCTGTATGT	10051	0.11166146279738015	No Hit
CCTGTCTGAGCGTCGCTT	10047	0.11161702484581419	No Hit
AGCTGGTGTTGTGAATCAGGCCA	9950	0.11053940452033953	No Hit
CTCCCCGGGGGAGCGCC	9920	0.11020611988359479	No Hit
CCTGTCTGAGCGTCGCA	9590	0.10653998887940264	No Hit
GGTTAGGATTCGGCGCTC	9457	0.10506242698983426	No Hit
TGAGATGAAGCACTGTAGCTCC	9438	0.10485134671989593	No Hit
TTAATATCGGACAACCATTGT	9319	0.10352931766080846	No Hit
CACCCGTAGAACCGACCTTGCG	9313	0.1034626607334595	No Hit
AACATTCATTGCTGTCGGTGGGA	9263	0.10290718633888492	No Hit
AACATTCATTGCTGTCGGTGGA	9197	0.1021739601380465	No Hit
AGCTACATTGTCTGCTGGGTTT	9132	0.10145184342509955	No Hit
TACGCCTGTCTGAGCGTCGCT	9080	0.100874150054742	No Hit
>>END_MODULE
>>Adapter Content	pass
#Position	Illumina Universal Adapter	Illumina Small RNA 3' Adapter	Illumina Small RNA 5' Adapter	Nextera Transposase Sequence	SOLID Small RNA Adapter
1	0.0	0.0	0.0	0.0	0.0
2	0.0	0.0	0.0	0.0	0.0
3	0.0	0.0	0.0	0.0	0.0
4	0.0	0.0	0.0	0.0	0.0
5	0.0	0.0	0.0	0.0	0.0
6	0.0	0.0	0.0	0.0	0.0
7	0.0	0.0	0.0	0.0	0.0
8	0.0	0.0	0.0	0.0	0.0
9	0.0	0.0	0.0	0.0	0.0
10	0.0	0.0	0.0	0.0	0.0
11	0.0	0.0	0.0	0.0	0.0
12	0.0	0.0	0.0	0.0	0.0
13	0.0	0.0	0.0	0.0	0.0
14	0.0	0.0	0.0	0.0	0.0
15	0.0	0.0	0.0	0.0	0.0
16	0.0	0.0	0.0	0.0	0.0
>>END_MODULE
>>Kmer Content	warn
#Sequence	Count	PValue	Obs/Exp Max	Max Obs/Exp Position
AAAAACG	5	0.003141212	1614.1084	22
GCCACGA	5	0.003141212	1614.1084	22
GCACCCA	195	0.0	1283.0094	22
TAGTCTT	215	0.0	1051.0474	22
GCGACCA	105	0.0	999.2101	22
GGAATAA	130	0.0	807.05426	22
TATGAAC	40	4.0381565E-10	807.0542	22
TAGTCTA	85	0.0	759.5805	22
TCTGATA	265	0.0	730.9171	22
GCGACCC	475	0.0	713.6059	22
GGCGACC	370	0.0	695.6093	21
CCTGACC	405	0.0	677.52704	22
ATGGCCA	170	0.0	664.63293	22
AGCCTTA	25	8.084048E-5	645.64343	22
GCCCATT	90	0.0	627.70886	22
CGTCGAT	40	4.0891246E-7	605.29065	22
ATCATTA	495	0.0	603.2527	22
AGCACCC	265	0.0	576.6667	21
ATTAACC	130	0.0	556.82184	21
AATACCA	870	0.0	554.6884	21
>>END_MODULE
