id	pc1	pc2	pc3	pc4	pc5	pc6	pc7	pt1	pt2	pt3	pt4	pt5	pt6	pt7	cc1	cc2	cc3	cc4	cc5	cc6	cc7	ct1	ct2	ct3	ct4	ct5	ct6	ct7
C:38	252066	81847	222696	170653	146781	102053	156605	75653	151053	190624	199579	99376	126608	204906	189172	75757	134642	123653	94712	85853	157451	46554	104903	79795	89259	88720	96365
C:39	132250	50839	96085	101568	81084	49867	82705	35588	59190	94027	100479	39286	58862	103871	98828	44601	59704	62437	45306	37744	54995	15132	49670	37931	44671	42573	42543
C:40	122931	29992	89245	98595	59232	39309	64169	35252	43668	77593	97636	31547	65660	95917	94253	21929	54815	57838	29542	27289	47062	18619	53146	38035	37830	40737	36154
C:41	68476	18135	46606	46203	34642	20173	35044	13254	22631	36446	44675	15642	27382	44847	38971	14246	25842	28036	18493	13639	22249	7385	23515	17706	21267	20680	20910
C:42	33704	7340	21760	27039	16338	11968	20642	9289	8865	16649	22039	9482	18623	25533	20083	5427	12089	17461	8839	8258	15290	2294	11287	9738	12880	11833	9176
C:50	472	317	215	172	248	134	258	45	148	233	48	114	146	319	347	335	156	115	178	127	246	0	146	120	184	57	238
C:56	7408	4194	5043	6787	5452	2872	4262	3327	2871	4572	4050	2039	3999	4675	5277	3071	3190	5748	4737	2695	5402	1494	5176	2584	5300	4664	5923
C:57	155626	118286	145371	150062	179340	92162	133707	71323	118672	179786	126946	74868	87808	149661	119902	111207	88544	114334	126200	83869	135043	28568	97704	66232	99277	102041	88907
C:58	1667	911	1429	1744	1422	882	1241	619	901	1517	1317	702	1023	1427	1120	627	833	1180	856	668	1015	305	780	667	782	803	788
C:59	321979	617379	268819	438144	583997	195237	365944	165065	352714	612756	271739	146488	210109	309625	242075	648514	166597	363276	493326	200094	414473	99492	276190	152631	252821	325830	385915
C:60	6355	3290	5247	3987	3819	2562	4127	2094	4475	4074	4688	2790	1799	3840	4814	6366	3419	5005	5468	3264	5302	1536	6010	2739	4514	4971	4984
C:61	7078	4572	7158	9165	7968	3242	4177	2105	5103	7291	5789	2451	3847	6198	5664	5305	4509	8354	6737	3043	4853	7128	4678	2038	3955	3813	7188
C:84	160180	46376	158185	100955	76636	59007	56151	26597	133126	121849	130134	28240	58546	111365	136679	48678	118637	101426	76796	68745	71967	68729	112908	45850	42971	59955	97240
C:85	110296	134896	82371	129864	165020	42197	69877	30134	94396	164458	67552	28923	34874	64393	76857	100006	48581	110359	128421	39634	77226	44149	76404	37245	52211	84384	110310
C:106	2092	505	1546	1086	1311	713	921	519	1088	1206	1849	472	812	1512	1522	552	916	831	823	683	805	320	960	752	544	666	796
C:110	466424	125243	374202	339663	244925	195852	315451	176259	141385	285057	344243	168599	320562	385915	321635	104047	215753	239035	147019	156667	258864	100966	164276	130225	238829	200017	152517
C:111	331	83	205	230	161	105	191	52	68	130	240	82	197	205	219	51	167	197	115	129	154	46	100	89	136	118	101
C:113	29673	18976	23871	33848	28678	11926	25894	8981	14811	29283	22482	11253	18514	25477	18007	10982	12337	11883	8085	4696	10031	8012	7280	7483	6825	8654	10102
C:125	677	58	386	754	190	245	346	133	36	264	349	228	540	373	508	60	247	607	109	238	431	94	464	194	254	310	287
C:126	7601	1003	5287	6275	2543	3895	5138	2998	607	3075	5945	3024	5282	6463	4778	839	2829	4111	1532	2753	3253	352	3251	2310	4696	3739	2499
C:130	1906	538	1969	1962	1013	847	1462	375	1299	1652	2334	1680	808	1966	1539	472	1103	1226	502	682	978	427	1185	2872	1087	556	1050
C:141	4139	718	3220	2129	2013	1647	2905	1215	839	2000	3659	1566	1829	3633	2297	611	1629	1105	850	828	1426	250	1290	949	1519	1473	562
C:142	1147571	1934758	1019986	1455134	2127456	800471	1034477	531416	1122833	2613132	714017	339857	631639	1054629	860393	1984726	602952	1228158	1762556	819586	1504584	326324	672079	445565	796679	1020224	1516360
C:143	91996	161382	76491	126018	190094	56592	95261	35368	85471	218465	52777	26830	45101	70395	69889	180855	45471	116688	169221	61541	136232	38514	59593	28138	70960	92712	116738
C:144	80056	17524	80004	75145	42560	37833	56040	31090	24877	56791	76385	32189	60082	77268	63861	17181	48460	54092	29097	34029	59176	6042	49839	33659	45465	35011	32725
C:145	3036	3483	2766	3722	4121	1790	2438	1218	3414	3943	2171	858	1295	2500	2444	3327	1770	3299	3915	2036	4837	1235	2024	1133	2014	2596	3243
C:146	7078	1532	6654	7916	4154	3091	5577	2729	2022	4750	6242	2932	6075	6758	4907	1485	3625	5629	2653	2567	5536	1870	4348	2432	4727	3380	3486
C:147	159	325	86	148	220	73	171	46	103	269	61	23	66	103	150	323	47	173	425	155	785	58	133	81	142	186	231
C:148	85041	30238	61189	69867	57909	34611	56207	26507	28847	51124	61956	29123	40215	59139	59740	31216	39569	47543	34486	25664	35295	9951	41016	30913	40286	41700	34146
C:149	31512	11388	24906	23705	22544	14741	24732	10499	11916	18720	23776	11627	16329	25868	19978	10655	14363	15585	12862	9520	14048	2469	12151	10828	15154	14451	10179
C:150	19276	4284	12906	11193	10968	7696	11947	5019	4681	7476	12041	6311	8769	15980	12394	3613	7229	6689	5595	5438	7848	2012	4558	3947	7353	6656	4428
C:151	1310	175	853	1166	665	478	895	299	287	424	870	305	956	1205	883	563	503	945	442	386	674	45	429	192	441	481	509
C:165	12922	6445	7722	7448	9060	6206	8479	5097	3969	10545	10942	3369	10959	11445	11569	4289	6319	5472	5178	7665	9225	18599	6322	5767	7339	5414	8654
C:176	2546	798	2479	3568	1795	1457	2299	1558	736	1355	1837	1099	2048	2013	2282	1022	1693	3184	1660	1529	2744	251	1607	1389	3655	2308	2238
C:179	128969	42466	86599	109595	66865	59641	75261	39554	35956	74439	88107	45136	82348	98466	91959	40745	49454	93714	52296	57292	94639	21362	66914	46786	74349	57437	67805
C:180	8296	1304	5366	7276	2763	3295	4634	2376	1609	3538	5576	2946	5394	6064	5905	1198	3133	5377	1856	2931	4823	946	3836	2967	4408	3014	3114
C:181	12913	4507	14186	5093	6159	4590	6065	5921	6994	12443	11866	4673	3064	12917	15403	9817	13663	7665	9776	7689	10180	1696	10899	5671	14297	8334	4710
C:182	243	14	133	123	51	35	55	21	74	138	175	0	67	112	188	12	101	128	55	39	79	35	184	62	60	98	53
C:183	15235	1595	11436	23220	7658	6256	9972	4210	2634	4312	7066	4869	11361	11741	10984	1969	6869	16019	5388	4995	9415	1894	4721	3825	7221	5256	4666
C:184	6460	2126	5019	5788	3032	3062	5029	2683	2546	4316	5601	3453	4445	5208	3708	2166	2678	3924	1848	1942	3486	719	3302	3339	4077	3202	2801
C:193	1073	4419	1599	2021	3963	33562	1466	690	55744	2958	1840	906	1220	12427	871	5118	994	1493	3071	34365	1596	4617	1490	297	715	798	1606
C:194	225	726	247	291	726	5479	310	151	6278	416	274	158	256	1857	148	542	117	182	438	4275	238	631	167	48	85	109	223
C:197	430	277	502	785	643	572	368	248	1137	471	513	242	539	379	359	469	350	924	876	674	616	138	390	429	713	504	447
C:216	14006	11415	10206	15986	14165	6820	10245	4405	9191	15762	8655	4615	9040	10802	9816	11261	6211	12249	11063	6286	11042	4096	9703	4837	7514	7673	10073
C:217	18547	3773	9604	13481	5366	5763	7560	6207	1908	7359	11772	6129	11799	11543	12577	3715	5670	11921	4657	5396	8947	1584	9961	6644	12094	9654	6753
C:218	974	369	1027	1347	803	592	903	901	385	952	875	441	920	1167	758	503	665	1391	901	554	1117	21	1008	510	1273	1193	786
C:219	4854	1103	4911	4756	3853	3192	4117	3118	1973	3705	4473	3937	6686	4739	3576	1362	3009	3980	2748	3348	3964	775	3755	2201	5228	3212	3735
C:222	14768	3321	11401	13928	5183	5561	9271	6287	5244	8989	10924	6964	10839	11855	11409	2899	6970	10591	3601	4865	11056	2273	9408	5463	7713	6508	6799
C:223	109785	46931	75084	93499	62153	35414	55242	33424	45847	68066	79666	29903	54131	68278	73035	47585	47929	69537	45321	33162	46706	33749	57745	43267	49169	43466	52633
C:224	3647	1719	3384	3628	2485	1481	1902	922	1622	2755	2453	987	1710	2732	2787	1521	2183	2617	1743	1163	2046	1069	1968	1121	1382	1735	2070
C:225	466166	324264	363756	478308	457595	210442	327620	147299	316660	481856	404465	147120	290159	501628	312089	241209	199514	255122	239761	149583	213887	202673	219822	151662	172832	187948	227487
C:226	342558	209087	267374	332315	252202	136352	209092	95703	161284	301868	276612	96486	198973	328569	249016	108858	153370	169807	126119	95217	132105	223070	146637	105036	108472	115018	141765
C:227	104400	69917	75737	95764	91427	41840	64762	28919	64307	93299	68213	27781	51446	88277	67387	65635	40771	65038	61243	34899	56408	21563	45599	27507	41728	43832	61893
C:228	107033	33147	85595	98506	62287	59835	74173	35538	49059	68618	82800	33084	63337	126523	70996	28603	45906	59542	36569	46272	56620	36681	51840	38997	49047	46933	48951
C:229	117511	51683	87308	102544	77834	45058	71846	29710	44374	97387	94148	32372	68659	109236	92533	44573	53799	64169	46155	38581	51209	40331	60282	38566	45870	48217	54651
C:230	55736	30216	46094	54153	44373	28936	44001	25227	26473	51319	39847	27383	51348	50268	39941	28318	26239	38989	30645	25883	42698	33394	29371	18139	33529	32134	41530
C:231	48450	15224	36137	36793	24885	16311	25842	10350	15085	28904	40070	11727	27803	44470	34948	10648	20558	20432	13556	11712	17668	11077	22569	14494	15134	14351	16618
C:232	67826	25770	50764	70095	45799	29648	45309	29259	28453	48190	56546	21409	50707	69819	45782	19258	27585	37967	24450	22805	32001	17249	27265	18312	27797	28350	23529
C:233	20561	9574	15270	17638	13034	7749	12105	5087	7904	17189	15367	5121	11770	18456	13456	7831	8172	10031	7266	5437	8037	3830	9319	6465	6798	7361	8991
C:234	1902	1211	1440	1820	2179	919	1648	747	1076	1889	1317	623	1115	1648	1286	1196	918	1094	1161	605	1169	961	699	540	950	880	864
C:235	1286	470	828	1170	655	404	583	296	402	811	906	278	641	1039	864	306	440	704	398	295	514	669	547	311	383	410	484
C:236	45698	89481	38482	62932	59039	17980	26430	13665	34637	45943	28234	12053	14717	20043	17671	58689	15906	27320	33456	16056	19613	19242	22683	15600	13797	17323	28259
C:243	23193	5457	20655	23526	12691	8023	15091	4880	14275	10839	22648	10593	9527	20802	14379	3164	11810	12569	5610	4572	9491	5463	6942	14689	6042	6075	6163
C:244	9255	5245	7582	7948	7435	4346	6650	3340	4227	8189	6662	3302	5685	7778	6217	4057	4343	4103	3339	2444	3701	5979	3545	3197	3438	3785	3694
C:245	5591	1493	3003	3822	2154	1526	2326	1739	1168	2369	2714	1150	2356	2599	3355	1086	1826	2588	1406	1157	1670	334	1981	2104	2770	2574	1836
C:246	1059	329	3235	2053	1249	2373	1911	380	594	698	1377	463	892	2205	609	317	1720	1179	562	1529	1160	234	280	371	651	591	1171
C:254	641151	443672	570169	814395	1168382	393857	579940	785426	567627	976027	748516	371789	763100	955500	417010	410158	343604	517588	668597	298366	423491	141460	341808	288573	638950	637754	379265
C:255	35549	33125	34508	41526	54518	22312	36290	13763	31865	42220	32051	17632	21661	36101	25438	29102	20512	23215	26216	14837	22218	17778	15690	13094	15943	19576	18927
C:256	727	403	454	451	323	155	265	75	218	510	333	124	193	328	417	323	293	408	365	195	758	76	253	142	186	159	260
C:262	1621	1511	1293	2106	2237	810	1233	533	1336	1999	1215	641	807	1222	1143	1848	771	1760	1722	784	1128	277	1052	512	1031	1091	1230
C:263	224	350	144	405	555	208	227	148	192	347	151	113	138	216	112	354	73	262	425	123	191	12	91	60	157	204	215
C:264	1069	1297	768	1386	1710	820	1122	526	787	1117	644	581	521	733	635	762	458	776	907	492	606	481	396	274	550	634	740
C:265	2363	1791	1646	2355	2813	1104	1646	658	1701	2685	1817	699	1017	1884	1681	1874	965	1897	2187	1005	1301	334	1380	669	976	1335	1439
C:266	5578	5005	3598	6523	6628	3689	4586	2464	3645	5501	3507	2566	2849	4597	3116	3299	1990	4036	4202	2455	3154	1540	1948	1413	2702	2839	3286
C:269	32114	37823	22770	38484	43795	20924	27305	14212	23986	36799	23707	15172	19334	21723	18079	30144	13033	33021	35557	19561	27006	6281	20901	13085	22545	23103	32527
C:270	7402	2181	5884	7060	4302	4567	4551	2579	3968	4587	4952	3750	6014	6534	4542	1430	3355	5726	3168	3919	4117	1551	2390	2753	4929	3139	4366
C:271	5940	7511	4573	6365	9320	3483	5277	2237	4797	8002	4155	2529	3137	4524	4021	6884	2712	4886	6507	2827	4279	693	3702	2481	3751	4391	4731
C:272	1073	899	787	1114	1090	654	826	333	565	930	831	477	735	744	675	606	428	916	847	578	797	141	432	401	536	719	750
C:280	277	464	219	452	744	155	450	102	180	437	152	107	173	280	184	254	107	196	266	72	199	129	73	35	133	183	362
C:282	9543	3349	10604	8990	6249	4724	5619	3086	2700	4605	5180	2998	6533	5608	4266	2958	5088	6046	3653	2805	4541	2660	2822	2913	4825	4173	4242
C:283	2050	1222	1509	1479	1347	554	747	377	1272	1612	1390	387	595	1007	1936	1457	1156	1256	1065	542	734	1056	1349	769	781	871	1140
C:284	1475	134	820	1274	268	314	527	321	99	376	842	282	563	716	1090	133	623	1388	264	420	617	269	951	455	545	555	600
C:285	295	11	136	221	51	82	174	45	26	74	127	47	172	213	188	0	70	127	23	38	87	0	70	54	39	45	55
C:286	3951	321	3127	3030	1018	1438	2149	1009	524	1328	2434	788	2104	2879	3312	322	2235	2431	763	1399	2631	364	2158	1432	1598	1825	1500
C:287	4538	336	2832	2895	1021	1183	1956	1020	561	1086	2127	781	1976	2518	3305	406	1847	2707	829	1035	2319	503	1960	1095	1734	1852	1462
C:288	393830	49995	249453	319285	116380	141149	207138	109276	71662	134437	251384	98490	210707	264127	307860	60352	174844	271755	97845	141253	259243	125986	186780	120020	172970	175720	188518
C:289	7281	897	6979	8888	2286	3519	5590	3335	1599	3139	6116	2596	7601	8180	5462	879	3956	7020	1708	3287	5521	1823	3321	2081	3870	3547	2835
C:290	36249	6318	32284	30447	16318	17791	29244	12691	8712	18956	33392	14546	23948	35263	28764	5104	19910	19816	9421	12975	19886	3901	20040	13350	16025	15831	9908
C:292	1838	240	993	1074	412	453	851	521	235	602	1094	281	834	1303	1411	185	741	1068	435	478	1020	429	865	528	965	950	642
C:313	75091	11393	48942	57841	24835	26013	47353	21776	15282	31200	51182	20359	39314	64635	50565	10042	28360	50919	21036	24415	56015	8286	50606	24132	37084	32543	29453
C:314	2192	193	1362	1510	515	624	1072	434	289	682	1735	472	1113	2165	1712	165	753	1253	420	781	1155	1464	1182	644	894	901	695
C:315	1254	133	1069	1532	595	663	876	381	210	478	996	467	793	1928	998	172	593	1202	349	690	884	91	651	379	735	450	533
C:316	10074	1223	6103	7744	2693	2375	4344	3631	1617	3600	5480	1765	4397	5888	6746	932	3541	6905	2243	2104	4692	1495	5578	3226	4446	4756	2452
C:317	2054	237	1503	1386	488	706	940	473	299	594	1436	444	1060	1642	1394	195	867	883	338	504	708	137	867	672	620	709	541
C:318	2160	248	1495	2010	704	858	1622	628	266	639	1400	617	1563	2117	1362	149	734	1189	347	568	1086	144	782	445	730	907	654
C:319	2983	410	2194	2737	1245	1278	2090	827	496	1055	2053	1066	2466	2894	1778	224	1214	1521	560	704	1272	90	776	795	971	886	871
C:320	11265	1544	7464	9113	2790	3884	6103	3622	2198	4417	6787	3241	6820	8258	8688	1826	4903	7531	2515	3731	6047	1502	8234	3369	4394	3960	4768
C:321	6592	777	5132	4400	1961	2193	4407	1586	928	2118	4659	2124	3252	4985	3301	460	2257	2385	848	956	2142	66	1717	1326	1753	1704	893
C:322	2442	208	1666	1467	632	772	1431	620	318	891	1984	607	1222	2011	1571	136	929	831	334	481	799	70	1034	746	661	860	393
C:323	34492	5369	27132	33643	11124	13898	29250	12141	6187	18822	25015	14630	26331	34480	27173	5546	16228	23460	6364	11157	29699	1167	18140	8746	12477	11355	12944
C:324	14835	2149	11074	12072	4598	4735	9526	4017	2804	6113	9526	3968	8681	10897	9843	1562	6100	8312	2868	3422	6403	861	6959	4287	5582	5688	3865
C:325	7073	905	6508	5335	2916	3180	5507	2112	1855	3047	7413	2722	3877	7538	5193	572	3452	2539	1081	1739	2725	433	2684	1844	1915	1834	1100
C:326	15100	2795	9436	12250	4170	6316	12382	4385	3262	7931	8889	4053	8706	13221	10832	1961	5688	7147	2001	4120	10298	1066	4329	3430	5443	4227	2643
C:327	2770	393	2238	1984	1144	1210	1884	732	924	801	2115	897	1517	2266	1839	213	1391	1158	581	776	1211	419	973	717	670	892	567
C:328	2414	285	1535	1933	777	873	1367	757	469	744	1658	612	1627	2147	1738	203	831	1499	529	743	1425	1029	879	592	1036	1152	719
C:329	3133	363	3243	4213	1524	1905	2457	1453	657	1451	2946	1278	3258	3982	2912	480	2260	4287	1305	2303	3627	679	2049	1082	2533	2513	2059
C:330	645	74	582	521	185	227	373	159	151	226	346	199	420	461	654	99	480	538	217	286	372	101	629	344	294	403	367
C:331	6379	607	4964	5678	2256	2144	3684	2081	948	2086	4877	1590	4071	5957	4515	417	2971	4321	1436	1825	3322	485	2919	2020	2843	2961	2141
C:332	2686	234	1404	1800	728	871	1424	726	293	674	1408	719	1575	2134	1612	173	713	839	295	395	757	136	620	509	550	720	506
C:333	22318	2121	18591	12999	5654	5707	9410	5744	3161	7109	10481	3486	10003	14244	18046	1817	12165	12425	5276	6098	12229	5088	10747	7570	7556	10241	7920
C:334	4013	528	3316	2910	1612	1583	2880	1327	737	1388	2939	1441	2302	3230	2218	289	1705	1659	746	879	1659	433	1371	1135	1316	1450	893
C:335	64692	10462	46736	30491	19959	25027	43552	14745	15799	25832	43304	18062	44234	50583	44951	10823	28136	21297	12250	19489	40592	4631	30856	18949	20486	20425	19363
C:341	504903	128273	358243	287859	182847	180807	239244	124863	194415	223247	420282	235978	199939	351359	419501	101425	227386	206200	121685	156517	249247	109179	234780	161999	146867	163360	181677
C:378	3740	1575	2490	2110	2565	1451	1936	991	1601	2811	2905	940	1474	3284	2251	1227	1194	1020	1118	787	933	469	1581	1084	999	929	646
C:379	71	70	120	44	67	41	60	86	124	87	132	31	118	165	56	33	53	27	38	61	31	2513	58	17	14	26	46
C:381	11529	559	6153	6471	1752	3068	4257	1036	766	1618	8380	1642	4650	9455	8461	403	3720	3726	885	2529	2799	6151	1826	1629	1785	1666	1648
C:390	3285	742	2513	3174	1616	1579	2401	1254	1025	2060	3577	1295	2604	3104	2259	768	1456	2241	1002	1225	1594	395	2555	1305	1764	1980	1192
C:397	1213	934	699	1095	1190	444	665	331	539	1095	848	237	435	634	927	1033	460	928	820	308	637	108	392	350	568	618	685
C:398	769	376	425	625	629	285	528	161	265	442	549	163	285	534	471	227	228	191	161	74	175	611	97	169	150	154	209
C:399	319	82	211	226	176	89	175	154	59	168	216	98	196	261	218	113	134	291	212	134	326	11	352	133	360	332	145
C:400	288	58	204	158	103	62	117	81	35	139	200	49	150	207	244	78	134	220	118	81	209	11	267	123	226	240	137
C:401	3346	2045	2597	2909	2308	702	1941	1039	1237	2496	2154	955	1426	1589	2512	1812	1980	2809	2235	704	1823	1193	2038	1472	2321	1987	2283
C:406	114085	12121	59851	66908	28487	40226	53802	31799	12925	40994	53734	24834	46482	46749	56144	11223	29965	75450	33226	33967	58195	4191	56358	44585	76527	67791	43671
C:407	423	62	326	404	223	204	302	147	65	264	260	127	315	322	254	57	128	348	142	197	332	26	213	189	306	305	206
C:408	19206	15054	16582	21463	16292	9443	12981	6628	11516	19670	11726	6960	9299	13680	14453	14357	10553	18036	12253	8829	15663	4908	10562	7253	11045	11546	14705
C:415	4417	1175	3223	3265	2083	1369	2005	1063	1230	2376	2834	863	2105	2828	4185	1822	2365	3643	2302	1678	2690	977	3747	2003	3280	3019	2582
C:424	7225	1800	6261	4487	2731	2622	3360	1748	1908	3618	5005	1705	3231	4825	7117	2354	4862	4812	3223	3558	4391	1853	6534	4033	4852	4395	4709
C:427	129268	135843	89821	129157	154396	60095	88600	38361	69071	180580	74167	34261	69552	95155	89410	120973	55325	85418	94389	44603	74377	51327	54326	41177	54413	66408	94512
C:428	15812	9233	14419	13228	15025	5306	11518	4950	11301	15863	13059	6285	7610	12648	10614	5423	8591	7129	6247	3206	8376	5740	7240	5469	4492	6903	7609
C:435	17143	9460	11771	12544	10203	4076	7308	3235	7265	11829	10283	3290	5529	9290	16052	7788	8598	9689	8112	4034	6771	6741	10981	6802	6291	7167	10178
C:436	49734	35023	33306	28886	37104	14931	25584	12429	21967	43506	27028	15209	15511	24586	39147	37165	19689	23507	27544	14273	25554	7153	29433	8786	14756	19639	23444
C:438	121	571	111	409	129	46	27	56	140	339	67	40	76	163	179	918	74	466	159	79	75	10	131	22	86	261	211
C:440	808	117	616	919	346	284	580	314	202	487	816	310	666	669	507	95	321	657	230	211	529	11	400	178	331	219	409
C:441	656386	199037	419339	459255	288588	201270	345328	171104	189204	389227	459448	183695	308924	488887	462541	186145	261405	291193	165055	154446	253608	51665	314196	211677	213240	249409	209794
C:442	17195	4557	13318	27297	7651	8517	12976	6565	2000	10025	11186	4893	15111	20492	10880	4280	7861	24818	6767	8156	14007	2490	10312	5738	17459	12133	7330
C:443	1505	353	1048	2370	466	718	814	566	117	920	882	368	1311	1397	1126	419	704	2141	448	760	937	183	1019	411	1157	899	669
C:446	5431	1744	4157	3611	2637	2207	2906	2095	2937	3180	3333	1723	2272	3072	2704	1405	1915	2574	1804	1236	2603	417	2894	3011	3810	3054	1875
C:447	1200	492	1191	1689	971	704	1084	637	480	821	1029	521	1014	1294	1014	672	732	1796	1111	777	1520	133	898	676	1596	1240	997
C:448	1052	2690	1461	1167	3238	1090	1062	560	1413	2958	668	402	392	1389	1100	4791	1090	1202	4147	1381	1721	117	1322	611	1557	2051	1453
C:449	824	537	729	457	772	499	600	287	445	767	609	275	269	721	584	622	418	407	809	450	684	109	500	313	813	662	281
C:450	2712	309	1551	1630	625	630	875	434	464	1003	1881	579	1318	1601	2902	348	1383	1785	720	851	1209	321	2047	1163	1241	1142	1054
C:451	8095	7267	11306	26433	7525	9712	8972	7253	3994	11709	16454	19080	8303	4156	5012	6904	6667	16213	4139	6175	5823	2158	5743	5917	2765	13868	19004
C:452	619	671	1252	2027	638	952	661	653	428	1357	2655	1959	513	309	464	767	789	1351	429	743	448	177	1023	521	266	908	799
C:454	1062	605	1312	1074	921	621	718	393	1150	1058	870	579	614	952	765	449	781	652	465	472	557	981	480	701	441	438	759
C:455	1175	236	1003	953	91	504	496	397	592	460	1798	704	382	895	688	214	555	585	35	398	402	372	2182	170	352	324	435
C:456	5370	4170	4906	4026	5400	2695	4307	2152	2715	5312	5643	3046	2401	3813	3765	3589	3073	2044	2218	1543	2098	1007	2929	1803	1437	2362	2214
C:457	1575	1229	1569	1905	2015	925	1382	612	1317	1714	1407	586	1053	1629	1033	936	873	1083	1160	632	854	520	736	447	771	705	860
C:458	10860	6333	10451	10359	8474	5012	8130	3686	7659	9721	9216	3897	7070	9929	6908	5661	5828	5920	4643	3440	5547	1028	5114	3064	4219	4288	4762
C:459	1123	381	667	762	541	365	670	346	350	714	666	345	543	686	696	369	305	428	283	222	386	78	444	290	476	463	395
C:460	67104	147859	51867	86100	173117	40260	78658	25221	73113	140476	36406	21037	26540	58500	41020	148208	30675	54794	101683	28600	47734	24439	29644	18783	35159	49339	64627
C:467	80619	23826	61641	55641	41234	34931	49618	26480	16460	45362	52741	16359	50305	52289	57656	18050	36543	33443	20379	25335	49338	11933	29507	26856	35426	35116	27462
C:471	52538	40792	36571	54275	28419	13901	20821	13601	17189	25027	27907	10357	17034	16175	22699	32308	17744	33780	22245	16153	23133	32130	27288	16969	19395	14375	20505
C:472	58238	24068	36532	43809	41757	17268	33040	18363	24899	44264	55532	17704	30598	34276	34641	22500	23469	29993	20319	13075	19226	15115	29685	23296	23477	19925	21412
C:473	4693	310	3264	3162	955	1311	2481	1047	248	1382	2678	968	1807	3269	3424	347	2166	3831	1346	1344	3412	273	2685	1534	3271	2706	1853
C:477	5716	4469	4122	5954	6241	3521	4151	2372	3505	4933	3960	1940	4110	5169	4447	4399	2740	4646	4667	3361	4069	4161	2801	2081	4007	3603	5151
C:478	15250	21297	14633	26641	33567	12995	21875	14858	15952	28810	17974	9574	19764	25498	9673	20505	8515	19253	24010	11202	19234	3524	15839	9666	21906	19728	17322
C:479	2225	1128	2060	2124	2088	1446	1775	861	1935	1807	2083	1135	1174	2453	1322	1027	1208	1502	1247	997	1293	550	1123	851	1092	1185	1258
C:482	4539	4188	3827	4429	4983	1885	3090	1658	3129	5384	3383	1350	1880	3604	3663	5122	2569	3916	3990	1747	2895	938	3108	2043	2754	2702	3046
C:483	3263	1069	2001	2422	1559	1215	2109	640	1268	1521	1689	791	1224	1732	1519	654	1030	2017	1173	850	1616	264	1081	1247	1587	1354	1340
C:490	186279	43832	137397	115272	63552	50480	82840	40780	20326	83509	101043	37185	88889	89268	146704	16995	90794	67472	36896	35889	46498	47259	100767	90420	83142	83340	71823
C:491	17519	4027	12218	10756	6829	6129	10211	5061	1867	9644	13344	4988	12131	11208	10391	3146	7268	5808	3105	3841	6339	2839	6659	6019	6414	6908	5919
C:493	1043	443	1146	1150	540	440	537	421	640	469	606	501	789	1390	545	330	609	604	318	257	364	231	286	200	156	1240	245
C:499	19464	4172	15985	17684	8328	8370	11229	7275	7073	10471	14485	7005	11019	12398	11970	3369	8417	15688	7387	6305	12631	1371	11037	8745	15751	13167	10355
C:500	1184	183	772	654	334	261	399	173	137	380	651	157	484	616	712	159	426	526	248	246	437	116	381	267	380	327	357
C:505	286	67	292	192	313	1138	208	80	1880	119	262	107	497	435	293	75	196	222	353	1492	371	511	277	79	175	165	143
C:506	23964	2949	17229	14254	9123	9154	14436	6772	3715	9047	17952	8602	10797	16481	14825	2257	10169	7152	4161	5402	6994	2847	8572	6635	7545	6735	4261
C:516	36520	6114	25117	22687	16972	15052	17469	23503	7456	29356	36443	10877	19576	31910	32320	11165	19155	25674	22061	20171	25253	3971	37813	29520	43171	33670	19220
C:517	1516	952	1095	1736	815	495	991	337	857	1301	669	404	736	1154	1367	1463	911	1764	888	669	1453	830	1339	397	840	976	1644
C:524	14604	8066	11448	13872	9605	7311	8089	4568	9227	8453	10791	4232	6577	10676	7974	8419	6431	9185	6578	6295	7256	13264	7724	5244	6626	5590	8367
C:525	672	151	433	431	393	217	367	213	253	191	326	228	219	414	468	170	236	298	253	140	317	207	181	66	315	146	261
C:526	968	447	652	834	647	369	534	111	402	675	618	176	503	894	700	919	438	688	469	322	508	309	358	239	302	369	628
C:527	971	778	658	966	917	325	719	364	593	1057	710	291	511	738	690	839	347	724	603	286	536	206	625	315	577	544	789
C:528	1901	527	1011	1474	839	541	1056	745	303	1072	1096	562	812	1118	1615	900	727	1728	881	700	1567	180	1572	650	1287	1171	872
C:530	1404	1663	1140	1859	2594	791	1525	676	1275	1809	1033	503	953	1445	966	1867	638	1308	1787	650	1363	311	905	435	1087	1120	1331
C:531	127	10	34	50	39	10	51	0	12	61	65	0	13	66	289	143	229	119	67	55	91	46	176	153	68	84	156
C:535	2600	1034	1760	1994	1556	985	1431	872	559	1090	1439	701	1252	1313	1945	931	1090	1827	1630	837	1897	135	1023	378	1315	1839	1018
C:540	1848	384	927	1161	719	336	707	575	334	977	1144	324	849	949	1293	292	511	979	612	254	608	175	882	848	1293	957	574
C:541	285	27	328	240	97	131	213	232	63	146	298	119	266	277	245	40	195	245	115	174	272	44	253	162	332	401	155
C:543	6880	1882	4378	4707	2957	2484	3552	1569	1353	3029	3389	1999	3395	3987	4292	1850	2554	4118	2259	2035	3469	947	2720	1912	2899	2531	3048
C:544	112985	36226	75156	86704	55039	41113	58067	31893	34961	64947	72810	34605	66189	75405	70376	40735	45643	51784	27986	28495	50924	45592	43154	32428	38515	40768	45143
C:545	12952	1502	8117	8231	2946	3521	5465	5541	2932	6129	13825	5893	9681	13991	11414	1705	5483	6609	2157	3494	4897	1353	9851	5124	11606	8568	3783
C:546	1574	2673	1132	1660	2528	720	1187	475	796	2178	659	384	434	924	1208	2629	738	1760	2710	709	1224	816	1170	679	1090	1456	2463
C:549	4700	13999	3587	8117	17960	3713	9049	2703	6917	12166	2019	1582	1792	4575	2182	8752	1759	3719	6765	1490	4645	2844	1358	883	2055	2703	3882
C:551	1805	336	1367	1831	768	560	979	485	293	915	1350	679	1190	1363	1113	240	705	1037	370	375	607	289	640	496	737	570	450
C:552	744	626	731	765	735	336	584	170	485	837	548	185	297	725	768	935	697	801	791	484	765	268	348	312	425	452	699
C:557	2758	670	1173	1564	1298	997	1549	866	604	1841	1704	458	1430	1682	2752	665	1826	1357	688	846	1501	133	1423	1646	979	1007	918
C:561	4280	864	3054	3291	1868	1687	2628	1120	1385	1589	3551	2428	2075	3125	1862	497	1440	1727	936	857	1610	668	620	1121	1381	1376	1077
C:562	1226	702	758	692	1122	588	772	592	631	986	1168	558	1139	1448	1181	369	612	316	416	572	500	2666	633	595	402	525	986
C:563	4186	1101	2784	3092	1918	2392	3350	1893	631	2046	2151	1625	2513	3676	2834	977	1590	1926	1002	1753	2547	456	1782	1927	2245	2650	1633
C:568	6925	2374	4448	5949	3402	2742	4280	2817	2298	3722	4656	3086	3834	4475	5522	3216	3479	6186	3557	3118	5239	2099	4968	2478	4470	4346	4406
C:570	3343	12361	2346	4899	10841	1597	3397	1335	5289	7866	1184	517	783	2776	2331	8641	1402	4123	9006	1493	3525	3602	1638	877	2606	2966	6180
C:571	34362	35682	25904	27102	56213	16368	28717	17878	27440	57508	28907	9113	19976	46994	26364	24127	14805	14832	25495	10688	21453	6876	17968	12515	14320	23971	14774
C:576	377	73	253	157	157	71	170	48	56	168	144	16	106	172	278	82	132	182	147	42	203	0	187	74	164	146	181
C:587	12176	2123	8624	9291	4949	4342	7013	3237	1461	4940	8528	3755	6678	8408	5901	1159	4238	4003	1840	2061	2687	1563	3602	3713	3629	3235	2988
C:588	410	157	720	927	341	272	370	393	48	704	424	252	547	538	370	238	409	992	299	275	530	68	618	455	509	638	393
C:589	960	118	629	531	248	233	353	147	133	394	547	160	369	582	797	144	418	398	198	174	356	267	560	331	311	330	350
C:590	3079	689	2043	1644	1164	714	1292	907	655	1545	1843	628	1454	2185	2730	809	1521	1767	1137	723	1481	298	1827	1529	1579	1615	1373
C:591	886	513	878	507	385	234	337	183	487	677	639	178	304	564	692	669	632	500	384	364	445	94	675	240	264	352	504
C:593	6913	9697	7596	10356	12621	4596	6387	3712	8791	11165	6098	3612	4157	6435	5312	10066	4626	9597	11641	5017	9208	5260	6865	3751	5611	7625	9163
C:594	6125	7447	5751	8575	9649	3332	4963	2634	5723	8401	4390	2485	3265	4818	4886	9241	3545	7714	8350	3521	6591	1765	4495	2240	4245	5180	6464
C:595	1599	1490	1469	2192	2166	997	1424	643	1141	1819	1211	717	985	1426	1241	1756	1033	1845	1821	852	1320	368	977	594	1224	1253	1407
C:596	871	564	954	1611	523	680	1388	450	454	1161	1367	1178	554	467	580	369	589	945	335	441	1243	235	1028	291	427	933	778
C:598	7699	5843	9089	15382	3520	3295	4710	4530	4377	10461	17530	8751	5260	3057	6305	7786	6667	16591	3588	4218	7016	6152	9694	6134	2777	6566	17750
C:599	4905	1327	6163	8043	4096	4418	5500	4168	1716	3419	4018	2859	5847	6502	4201	1342	3833	8599	3922	5466	8605	990	3734	2932	7996	4792	3254
C:600	3972	303	1786	1924	671	816	1406	413	371	852	1879	505	1338	1868	2529	112	983	1356	494	684	1122	236	838	367	635	642	1076
C:603	397	35	278	472	140	185	257	247	40	158	250	101	337	473	191	31	130	325	126	107	269	16	136	92	212	266	112
C:604	2705	2144	2166	2975	2948	1318	1807	1236	1362	2567	1766	722	1850	2409	1855	1286	1190	2219	1986	1010	1688	862	1769	1068	1715	1998	2137
C:605	22577	58956	22300	34348	69613	18064	32574	11182	34579	53661	11664	7636	9479	26370	16526	51391	13799	23943	41733	13803	25672	17867	12065	5800	15614	20238	27095
C:606	316	131	420	375	299	237	228	115	404	299	564	191	282	385	187	211	242	289	189	190	290	105	365	252	304	153	181
C:610	90734	28491	56205	64192	53795	44081	75921	36854	39012	45763	58609	38208	47562	60091	58526	35130	33149	56095	44161	42496	74839	17192	54883	28462	65887	49971	43023
C:611	1363	334	1020	1169	1215	1121	770	568	364	769	1090	230	514	1492	1050	328	661	1195	1021	1201	1114	328	692	623	1128	569	1427
C:612	5806	884	4728	3077	2240	2476	2979	1823	545	2964	3722	2262	3893	4288	5290	993	3078	2640	1539	2276	3637	759	2799	3198	3661	2507	2400
C:616	45793	7746	39769	34336	16362	19468	24771	6810	25735	15270	32374	14272	25733	24144	32158	15515	25453	32770	16140	20682	25912	7753	10173	10060	12743	11636	17717
C:634	2900	1403	2426	3171	2373	1137	1652	934	1536	1608	1876	806	1227	1830	1978	1175	1470	2825	1897	1134	2052	816	1958	1076	1525	1842	2101
C:635	1603	781	1302	1623	990	421	821	364	690	885	1292	394	645	1119	960	668	663	941	554	315	796	281	737	438	438	561	710
C:636	2171	994	1946	2383	1767	1058	1657	883	1284	1508	1893	909	1355	2006	1633	1198	1108	2137	1409	1065	1677	307	1357	687	1211	1299	1250
C:638	877	912	804	995	1052	556	1268	400	441	809	1045	444	566	628	516	799	441	643	590	431	824	246	548	248	434	488	421
C:639	1932	391	1416	1687	946	824	986	627	711	871	1185	555	1131	1473	1426	562	868	1559	905	873	1227	422	1041	566	849	994	1174
C:640	1669	189	3193	2790	847	1726	1450	442	1884	1978	2741	600	1585	1791	1233	126	1987	2028	577	1441	1489	88	1036	389	447	861	604
C:641	1743	124	2541	2847	704	1313	1529	338	1306	1160	2348	462	1025	1084	1181	105	1330	2145	531	1163	1521	66	827	209	266	557	510
C:642	68549	7839	43398	61195	19615	22115	34855	19482	6042	20030	41614	19675	42241	49291	47931	6239	25623	37563	10703	15810	25903	13929	25799	15340	23213	21843	19637
C:643	65536	7262	28223	34595	12349	13818	17727	13813	3834	23027	34118	10706	24206	28568	44619	3862	18168	24299	7805	10733	16222	14029	35663	20833	15668	17710	16146
C:644	7482	6864	6320	8240	8178	3562	6541	2558	5526	7009	5814	2687	4897	6576	5267	6617	3457	5808	5009	2891	5640	1706	4512	2604	3112	3988	5123
C:645	2878	1759	2488	2980	3026	1558	2636	949	1652	2052	1740	1170	1667	2866	1700	1149	1184	1369	1140	818	1395	1371	762	571	958	1041	1082
C:646	3919	3361	3649	3000	5330	2302	3777	1673	3396	3865	3496	2094	1952	4175	2418	2039	1803	1311	2011	1232	2084	1425	1539	1200	1516	1570	1062
C:647	6499	2502	4486	6413	4458	2243	4215	1842	2308	3983	5050	2124	4167	5062	4524	2200	2645	3564	2021	1431	2327	1591	2391	1708	2177	2269	2705
C:648	4416	2147	2825	3265	2430	1429	2720	1168	1638	3082	3337	1959	1662	3113	2871	2221	1760	2416	1713	1268	2113	768	2222	1509	1793	2057	2141
C:650	2635	247	1375	1278	505	497	880	445	217	450	1026	348	670	710	1638	99	774	724	341	383	539	725	1088	779	625	661	593
C:651	398	214	218	445	381	138	205	75	148	299	187	71	114	248	206	146	96	328	234	63	174	13	83	41	100	134	174
C:652	270	13	181	121	47	49	82	39	36	69	146	28	83	227	196	21	68	99	0	27	60	0	82	46	39	75	36
