pc1	pc2	pc3	pc4	pc5	pc6	pc7	pt1	pt2	pt3	pt4	pt5	pt6	pt7	cc1	cc2	cc3	cc4	cc5	cc6	cc7	ct1	ct2	ct3	ct4	ct5	ct6	ct7
C:43	10.6521541872323	10.7717189297089	10.3068782269178	9.88371521842563	10.3893738943163	10.1449868533237	10.1236616258655	10.4267469025512	10.4705927662172	10.6652989043517	10.6016636563459	10.0788648009659	10.1926714739864	10.495394824257	10.444011385347	10.2009732414609	9.96795237431244	9.83087556406697	10.4729104829736	9.7712584569663	9.75871485251762	8.63597512946816	10.3994790559482	10.9125412970396	9.62730633629695	10.2066386411848	9.75062572349296	9.80260896523405
C:44	8.02751932043825	8.67403960716601	7.74329935323808	8.7049298437374	8.56281616690076	8.95948581100268	8.56989833347189	8.41843191359517	8.80099309657224	8.5206810101896	7.82688192366815	8.89207704347421	8.29044273887714	8.16638267508156	8.61503610107777	9.11234839239792	8.71066480739837	8.67355311787227	8.55752464654944	8.78332070781416	8.5646867807086	8.96190892387939	8.23549076433662	8.59728021058097	8.29213736148144	8.29301214869853	8.55010500319076	8.57810511212188
C:45	8.243996921482	8.4931794322632	7.89527799399694	8.46578261245832	8.37242983658234	8.8089379898089	8.40055135210393	8.84837944450979	8.57120599309487	8.33601781693724	7.91878063760083	8.81588058641544	8.43082823302128	8.17871824790658	8.29313335315413	8.76242694289747	8.21369602507931	8.62485623733241	8.55965753050059	8.66143359681033	8.41930142070403	8.26422567192006	8.50433209976705	9.22505013619746	8.52357784030278	8.47982658770314	8.36714089019811	8.41147093580252
C:51	9.5525196803461	9.92797995839723	9.43286403825094	10.1574730288993	10.0446079473023	10.0486819658193	10.0854599385021	10.3481561982864	10.0182794180959	9.69671904431718	9.54766788240778	10.3261776482912	10.157866221066	9.61412777410425	9.43948114145153	9.6070093133725	9.44344468586816	9.91268425117383	9.80213134414485	9.69518888077321	9.84407070127786	9.42890323422231	9.23093423374437	10.0575862187865	9.71853300568583	9.76545036917892	9.57484477799634	9.56278013359908
C:52	6.73371599373472	6.57928621752556	6.44901995312331	7.83868888069012	7.14986306506847	7.56184370446479	7.33098754281801	8.10428125447701	7.44014410238936	6.69773461342389	6.70038373873846	7.45942326569279	7.27678648058343	6.55451468540492	6.95309029349914	7.32342272937794	6.87645879203536	7.56989143136769	6.98482235340335	7.30986089616503	7.05262786755691	7.10168709071699	6.50131235206773	6.89100614855744	6.89507030547167	6.70182661766618	6.84998080495344	7.36809474141784
C:53	8.90776212917881	9.1613250766837	9.38875751251501	9.23541366816531	9.09331673150994	8.89805250939946	9.69898651436006	9.5513980655531	9.25321131901528	10.0948714262876	8.6377529298291	9.85377011770153	8.92168050918073	9.53994558830039	9.11989449170854	9.22050720228125	9.85536893186313	8.9488218142969	8.75636753647883	8.6677055095305	9.40248537432909	8.74711108697818	8.37473440799208	8.60621988784029	8.14470063926242	8.0541036154834	9.47603002126604	9.28480661659017
C:54	7.62345278551895	7.87494594920995	7.30008080834465	7.80300285257634	7.44445378259947	8.17990960546879	7.55616760470565	8.20620376033547	7.8770768881051	7.45496281684699	7.36898278401172	8.23147891013652	7.61300436207571	7.56861576389678	6.4613895462214	7.52669840219041	6.65183719055163	7.55676770246621	7.15760857113407	7.82205835085194	7.1254502603147	7.09446172688365	7.23329656616625	7.88191134404674	7.21818137388079	7.29467906935978	7.01341340345305	7.14966550443844
C:55	8.35864611287743	8.45954332978239	7.78125081487115	9.31298041408517	8.7961945135407	9.32745009510985	8.90560723531293	10.0198981579901	7.98956860220514	8.26790728894909	7.62195104816832	8.5885265540296	8.70225357792235	7.97107803283566	8.37968186684093	8.65556228531722	8.11626450619601	9.17142176569641	8.61836709316308	8.94058935752142	8.85946772317581	10.1096770321111	8.91765018962053	10.2905670864347	8.35722288016952	9.00438650524899	8.61266177565685	8.71855700946568
C:107	11.5713958485594	11.3652028924416	11.2222121946553	11.104503498165	11.1571005590448	11.0069289709426	11.0414057918085	10.9547090282864	11.1508044041366	11.7804084734396	11.6175381771462	10.9886587859705	11.1910539377182	11.4357506744448	11.9536777309783	11.1355974034609	11.7758571650714	11.4172700394907	11.4846882334971	11.3039586693597	11.4454000740804	10.5567640443832	11.6870541705006	11.704186613919	10.9605337705551	10.9977774172221	11.1568340994821	11.205300459029
C:108	9.79028937158899	9.67724842149792	9.56318988151277	9.35385206131214	9.59018682264316	8.9566021889387	9.23847754571184	8.72885164522878	9.27366600056617	9.90799150215409	9.74335946983157	9.07868575109109	9.31561493719764	9.6176097942821	10.5586858653664	10.2314758754344	10.6230823841402	10.2639107909245	10.48978486356	9.96118332361335	10.2240945118975	7.70568631619434	10.429538189373	10.7462601719262	10.4146727600587	10.1443947767076	10.386487967795	10.1400987936205
C:109	11.4861112799743	11.6051618391123	11.1624643208827	11.2124469933579	11.4645351297533	10.968469052465	11.0039342964499	10.9782881599643	11.4405052315779	11.6508249899113	11.3976452759471	11.1611478130553	11.1820917639523	11.3122246616081	10.9885251295017	11.1110723597112	10.886299336041	11.164885322995	11.4542725828609	10.9327932620233	10.8681077297122	11.0475219559116	11.113978764232	11.3081579720295	10.7742566331307	11.0550044856475	11.1183406681572	10.9316209732243
C:127	7.18548258186975	7.06512365575068	7.06803839738793	6.85607136902855	7.22550342072187	6.95962206062458	6.94578781434653	7.86143143777997	7.78076986159567	7.78564310800205	7.02747111164405	6.61876405889486	6.9401344712403	7.07935987684309	7.52117630958959	6.63466832510909	7.36212753015557	7.24165030790232	7.18461258422678	7.15296402734377	7.19899318481486	7.50611449752997	8.19608013096802	8.32814466270655	7.26418934300535	7.60125553690093	7.43487957491458	7.1580983375219
C:131	12.8823828274912	13.1107083722215	12.9125878117419	12.922126718817	13.1574294739252	12.894686962874	12.9019552849221	12.6272455620127	13.2698030980612	13.4652245002334	13.155288259671	13.1832222131378	12.9612796443355	13.2442106252722	11.7533872042356	11.8112781407417	11.7898999872315	11.3121356156517	11.358183357093	11.4408282460364	11.1722511000091	12.3930474978213	11.348206234641	11.8034210243636	11.1563837435759	11.1761709982296	11.4116849985488	11.5167502025505
C:132	10.0806671002944	10.4043318638843	9.67125086742525	10.0167143424756	10.1169505026678	10.160064678389	10.3179017234199	9.86329460915068	10.1389816473617	10.39145762497	10.2279337811884	9.87376305038939	9.77866141984035	9.86801123501153	10.0709915842778	9.9497244820387	10.1610425339427	9.71572984811334	9.67744995559656	9.66930067977121	9.78826342386574	9.34937245537741	9.92804667596139	10.2088693188987	9.31653853832326	9.55312034645435	9.52703007710616	9.45339749491666
C:133	8.54281268413261	8.34452168219372	8.51927435113665	8.21931178876125	8.49987651976697	8.30882350193909	8.35250701426709	7.34644428660517	8.37519813930658	8.69923369776106	8.79880952790652	7.99718234413684	8.50346967755953	8.72810569920945	9.02253459568727	8.8898349189447	9.19038682186402	8.654780840463	8.67310074703772	8.66936264177734	8.35500200180671	7.64850194245604	8.95212510856146	8.85487782889885	8.45697944033193	8.50503387032902	8.62521891126289	8.58987284979152
C:134	10.0038120717163	10.605384714204	10.0977743116438	10.1291521093988	9.89074849812526	9.7686251391275	10.1619797168754	8.88644415579754	9.80456517923535	9.61246717834083	9.68094268029353	10.0518693257349	9.83101023346111	9.3264553068449	9.84752220189653	9.91408296439897	10.0297200637644	10.1947619015703	9.9741987060888	9.89940596645104	10.1440828326518	9.68060401838635	9.11023303561103	8.75605699302727	10.0004120699876	9.47890504720013	10.0559236332565	9.71340356690938
C:135	11.7122509421208	11.2768612570003	11.2654185824299	11.2201204158716	11.3201456522943	11.1960411238192	11.1974541891235	11.2561935023806	11.1173050822437	11.722829648601	11.6722527355326	11.2988780727293	11.4004352691485	11.6696410506534	12.9967201941378	12.2881557251296	13.0490275937	12.0263876711762	11.9548844410315	12.2986213089469	12.0210050244394	12.6482578660078	12.5021537394949	12.8124069608087	12.0040072589895	11.7435649619571	12.2158250379453	12.2445994254157
C:136	8.36970270546524	8.58692106358301	8.24148710959918	8.54895783458192	8.28161338836574	8.50366903770069	8.57578344514545	7.42627128828547	8.08489911608629	8.22541687758525	8.54296990435754	8.73876526845999	8.69617181153629	7.95455639946251	8.28575813678131	8.67846324969387	8.20766184954939	8.51195231067942	8.19824117996199	8.39183438431915	8.47425160685649	7.06698484816582	7.14583360402205	7.50479872634597	8.21344832860848	7.86377888370493	8.34036231552495	8.20978055821177
C:137	6.26547400792037	6.3788863168528	6.03165319602395	6.56419503234683	6.00441987949892	6.93360763116776	6.43095858168496	6.3846799700851	6.33995592190328	5.81107568266367	6.29283330173524	6.81073837319957	6.5554832031374	6.20814443831785	7.00018815938544	7.40224219682034	7.18805548720316	7.04802529838121	6.95666935842075	7.28214300071951	6.83106971292154	7.12655956038228	7.04809605660173	7.16083822526484	7.12851364119863	6.8409626497294	6.99314308474283	7.09855308199744
C:138	8.18808529920605	7.13663992243246	7.34708043267975	7.17478824306287	7.57823305102129	6.98067543661911	7.1180203415277	7.0076413266781	6.72222996568875	7.75901771539067	7.51910877669257	6.53194487923996	7.22373497854149	7.93542701520628	8.27334513849126	6.73839480151984	7.89169946937698	6.2642119896155	6.05745617922898	6.08034059579131	6.22389846578256	7.92714665145849	6.53694243712411	7.80245843778821	5.78969068510238	6.69447172926306	6.23404054894997	6.21898502386781
C:139	10.7104948146231	10.4198754810079	10.5941144873827	10.7611053431453	10.3223478311352	10.2268762478879	10.3609456954795	10.0149272140589	10.5520653695607	10.9085503854316	10.6090965951661	10.7196165248199	10.3872344837527	10.5865259418095	10.606239060652	10.5437045303866	10.5456732550826	10.7213118830169	10.25200297026	10.1954208485036	10.3105197670729	10.0813511273001	10.6400424773239	10.3938405495155	10.4113773392827	10.1830677197687	10.4252708759347	10.3572618077112
C:140	9.44922747593637	8.50637710618242	9.56291370127687	9.29569248092482	9.08831353541981	9.3012320412231	9.4268350994581	9.45381273971558	8.75695022621195	9.34095477271746	9.52540848292395	9.23068690918575	9.54117315950034	9.55848208254642	9.33673199840137	8.31435663153896	9.26065660912823	9.25020694556878	8.91820771678261	9.24415510581638	9.43353878854706	9.37925891422411	9.5282660582206	8.95029960593784	9.37833068504882	9.39475076185191	9.01507873643418	9.25243907088808
C:157	10.4217566222987	10.8504342338006	10.4805609207063	11.0976309123083	10.7396871600222	10.7245232876669	10.7293630890859	9.9621671172225	10.2939765888462	10.3554207474181	10.3310558901406	10.8096699653671	10.5184255197719	10.199663409771	9.80509881288023	10.2971469593451	10.0582483177011	10.5075534955831	10.1443852929157	10.066440381787	10.273615219959	9.10221600976122	8.8781224294972	9.3311034980992	10.2938633140718	9.56646059216845	10.218393328308	9.99439582438169
C:187	7.00526819457252	7.36018138436302	6.76025859421637	6.86911281285848	7.18297479716605	6.3892490930389	6.99950299831376	6.9831538365037	7.05976340874661	7.35646641197994	6.97462600304178	6.61232986202276	7.08442149987302	7.06193741475628	6.97884504180321	7.12926000777413	6.85040588670885	6.75152036160927	6.79115110739391	6.42701156367681	6.70524994871338	6.89811170173316	6.78468989175962	7.18378498079834	6.42918882443485	6.7833809504651	6.84814927976221	6.73354349332965
C:188	6.69436255641919	6.25027538710897	6.16140076761008	6.23833781680724	6.42652079846132	6.25220425958048	6.53197776177699	7.38789077510405	6.19924820745199	6.56106872992243	6.43594629753988	5.83184343102986	6.43324882270301	6.61921287376711	6.42375867211829	5.85673525622752	6.05886956342678	5.98415218976638	5.81625651688529	5.49598323422257	6.01174856179209	7.75979274455992	6.40692760719928	7.95784177844396	5.94950083945169	6.46074711488765	5.83657588288974	6.03724544533034
C:191	8.91669683525328	8.3932418509764	8.44071124859486	8.64222941117186	8.50930773724661	8.49526848550477	8.5588735961873	8.14302975885689	8.3282061417624	8.77576266532686	8.76267737198407	8.26535866405336	8.62241390510618	8.92049801683409	8.60380973277594	8.33738852939155	8.45791255263319	8.33164808515894	8.28542678332362	8.24588837559819	8.0101194083449	8.27831914258611	8.32615716224569	8.71719671888392	8.19142494556148	8.10070097857469	8.05463760775398	8.24642011130482
C:192	8.4958525187275	8.43135127475841	8.36314086618364	8.42961936081081	8.44591829844375	8.09105453780912	8.27483831775912	7.85973528508824	8.102258515417	8.51506618865495	8.4295550758198	8.07257146475573	8.12085972478717	8.43207911391083	8.52150116029638	8.41560293380346	8.5481562273659	8.23016538612631	7.99221073091095	8.01827897335559	7.87298228010277	8.33742945760838	8.0694414735873	8.50022443057218	7.98543636380891	7.90181835996474	8.3857702628048	7.98927934556554
C:195	6.33898070200766	7.7227858449431	7.40661624484001	6.3260031485644	8.10558455113505	6.74437254248654	7.00021206898297	7.68129775670512	7.41236480402278	8.11720106233675	7.53576249261299	6.39245829342437	7.39801043833283	7.42019757823387	6.87973193851078	9.0296389425482	8.80293274640056	6.61639979152192	9.36174303046278	8.42792373701019	8.22405107160277	8.36599377210025	8.97479848728978	7.87262591534693	8.97944727765301	8.46746866761755	8.74454617692626	8.22544633433397
C:203	4.74492152661779	5.19612339876717	4.95335177647799	4.83846723071131	5.22744813258807	4.74831675903483	4.8423804257227	4.88225623093706	5.00351897244091	4.86035158666671	4.71364604200794	4.61348708143516	4.75548753350334	5.00347748651183	4.78155307952748	5.00494656295208	4.72590587584887	4.87560333336152	5.19290042547987	4.80161013712701	4.78305234201436	4.83871545136046	4.75034448065087	5.02296029045218	4.96735302856931	4.77972031122599	4.91032399910949	4.74137283606209
C:205	5.80451175297094	7.64122704464747	5.80464912092869	6.13529577639409	7.31438877712732	7.17376739120412	6.70894054297213	6.19699090530882	6.96870891701163	6.22167901854582	6.41071713154131	6.31146036570931	6.66651328164169	5.97131107067019	5.84750296481651	7.37534452354491	6.0712021592622	5.93988891128104	6.68866292995195	6.45334626918738	6.30422022406794	6.44942355817231	5.57551096883133	6.56316848101483	6.15253109583589	6.5258650394762	6.16258686860381	6.15203166379367
C:206	6.94861259089311	6.90022572155632	6.47670655824138	6.59560357676702	6.87100595820478	6.70784101161351	6.65062954753688	6.54939190652417	6.41421542578339	7.00524771368586	6.48340798618917	5.94115496053551	6.53344715454336	6.60476962181903	7.91080462571142	7.71274378955663	8.13446168714901	7.45505457783261	7.48089624735794	7.61235465136897	7.37270897312137	7.26328485116672	7.79216165481484	8.20170816158639	7.79891958450949	7.39466836331693	7.66155734567883	7.47022621111221
C:208	7.46260270025738	7.56531084438312	7.26154955092154	7.06313989383691	7.53919842780556	6.93788233829573	7.1574510533275	7.05273456986979	7.44739727933989	7.57346523093409	7.38043162983538	6.92104888793062	6.93181547849743	7.26804838245018	7.02599601988389	6.84008323771368	6.90148813692997	6.93581440342973	7.28811101583371	6.67379348849489	6.85770476431649	6.03544677583756	6.90643997132099	7.15537154556063	6.66069082356226	6.94854551771949	6.79613230904192	6.80772690529186
C:209	10.2503332249825	10.6089242886994	9.9161550665686	10.1697005900601	10.4770686186112	10.0213806392079	10.0947072723744	10.064296351097	10.4392823499586	10.6033170820251	10.0764025102431	9.83763879141521	10.221162171586	10.3678317723691	10.2260910752817	10.7401193344037	10.350992864462	9.88284892956607	10.2329982451193	9.89843209031594	10.0150520196077	10.3914666524781	10.1076816747807	10.3356832400372	9.93695131212851	10.1128880074055	10.2822418777538	10.1111824295835
C:210	10.7015089672836	11.1359040908781	10.8728680574552	11.573719639897	11.0872801123393	11.2072043018942	11.4516800805172	9.92056395922296	10.7226792449313	10.737216306385	10.6391193980591	11.5153886600177	11.0484426423948	10.6337527257506	10.6457129070205	10.5963162226806	10.8663754802836	10.9644985791439	10.5414438243402	10.5769322416458	10.8951286113467	10.6766093919022	9.40472016172185	9.95469741782998	10.5521341811293	10.0868272778656	10.6784963912564	10.4409963615803
C:211	12.0687485194994	12.2801805400869	11.5089667809289	11.4297815660565	12.0484360833228	11.6309925409252	11.601606181873	11.8975174069105	11.9411753262569	12.189135016556	12.0216516425136	11.5274193143889	11.7089202538346	11.7825666279138	12.5604657837379	12.2582982853194	12.5846699862439	11.3558117667438	11.6846896320507	11.3938293947205	11.4002254072947	13.3590763720782	11.5663190153358	12.5446559000978	11.1609588206159	11.4341596224167	11.4835643754353	11.3656192073244
C:212	7.22238207360587	7.37457389794231	7.1631230588824	6.66258461601253	7.02501115547168	6.93261701089789	6.82310233762237	7.01599311987578	7.06598210848477	7.24237312843755	7.27567331662391	6.96213778205428	6.92235382532057	7.10168680576986	7.29274456163031	7.22178990323764	7.33751257968494	7.00257767860668	7.37933609679627	7.17129205811397	7.08807859612393	6.08757097293192	7.49897519582308	7.30483271413352	7.01264552194932	7.19989101733952	6.92077457565767	7.1936608317776
C:213	9.13745881761274	9.35325273630381	8.99388362214139	8.96599988265995	9.42936644187792	9.09888861577456	9.06475430076982	8.82025840247634	9.37320712786696	9.47251536308646	9.22771186152598	8.77473874700009	9.02725438827806	9.27780924033425	9.72948244628793	10.1215410006868	10.0025702105922	9.22231374583262	9.40612480800543	9.27886421362741	8.91295367503108	8.97571334877627	9.05232006948488	9.38538660158105	9.05505066232159	8.93069806653065	9.13179178394367	9.4663315734884
C:214	10.537379667254	11.042970421314	10.4075764120312	10.8291719485088	10.8824092448922	11.0412702053576	10.7381495848057	10.6024551604863	10.9860404845993	10.950723235247	10.5709663975722	11.0032493583855	10.700338087499	10.7108991475444	10.2253916072447	10.0200114950484	10.4134193465575	9.80862254865404	9.79746378080641	10.1572244045536	9.79859005105109	9.97255977047386	9.61822998635078	10.619025199655	9.42851723116993	9.71533826204742	9.71586824866252	9.58205695174713
C:215	9.72347866901738	10.0891060313766	9.47844300433702	9.87721112968606	10.0295858551869	9.5008006551396	9.59469349181437	9.33754556303046	9.78448688942344	10.212586533345	9.61199755124451	9.80391100072231	9.431825954018	9.68149430534304	9.62798520583495	9.61110398481556	9.68430754480874	9.1310108935366	8.85288749870493	8.81715411847039	9.01969312376492	9.25257866597216	8.951879082083	9.72720321329903	8.81013444434129	8.78770971265989	9.08487065322288	8.89222582214536
C:220	9.54445215784043	9.92988016408739	9.06190978047625	9.65182734442701	10.0642069041451	9.61137535019882	9.6576824532669	9.24171076300106	9.58524685533292	9.72822075422793	9.14596931602937	9.31038475329976	9.14866536369467	9.39602654384856	9.72610105704074	10.1929703608163	9.89904821282037	9.55156609541548	9.71960209868725	9.46167967609264	9.552262066776	9.21585287638878	9.03874216291749	9.33244282043886	9.58382081850655	9.27984864520197	9.61749123599747	9.49805782974279
C:221	8.3684274887522	8.42733944559404	8.14790599107943	7.85355104934939	8.30881626382618	7.88138998339685	8.00976733897739	7.8565654525492	7.89816559324322	8.22568733325161	8.21871433623874	7.85975302411036	7.97421761325579	8.19001284668519	8.58256496877219	8.0110929451221	8.46726886466394	7.62564934838067	7.98241046392429	7.4968706100562	7.48194689698186	7.68805862537224	7.85580607681368	8.38456203963532	7.38158207009683	7.74321565920355	7.55355991367412	7.62629051544186
C:240	4.88687316347176	5.54166930453633	4.8875745800725	5.32970202813363	5.16407186287883	5.302006745707	5.03487161919548	5.50833655793299	5.38423924286208	4.88777499620657	4.98063479584432	5.50395836021846	4.98484210615835	4.88754150149667	4.88730220299331	5.54103186544934	5.01886390248216	5.44435069604378	5.33783803469776	5.59300292136725	5.29440712502008	5.35630305197878	5.25963028029159	5.45288447483797	5.24251032290578	5.25773732941228	5.23246129161677	5.33566745643079
C:241	6.30622809709743	6.91797799338353	6.57939431680689	6.67982893019596	7.19584957191859	6.5916057382709	6.68444098715621	6.45561113838392	6.92156265488816	6.53281156902234	6.14125338182542	6.45374752935	6.59878841615351	6.63495621197308	6.0985593070563	6.66792070694794	6.37959811551484	6.5632921418031	6.83199448063055	5.95094045106209	6.42178870108364	5.74449873496425	5.90179677048807	6.3004439377589	6.48959180811834	6.65799059701234	6.19685066551934	6.30803651467506
C:250	7.17703486364152	7.61628817673709	7.38548226479246	7.06240528428519	7.49933980982594	7.14293270614693	7.08192053676535	6.94980635175103	8.00202867299889	7.68638038146871	7.39385352908219	6.89658090826367	7.15210683640208	7.45006028012412	6.89503927624747	6.89870893241643	7.3631085870937	6.89254277107878	7.03534259107877	6.91650742039443	7.02333818933824	7.17822517776705	7.09689948755369	6.64217351441871	6.48892319983563	6.78070462760006	6.92554220220194	7.04096956659136
C:252	8.90767909775415	8.49367870133675	8.37296663518836	8.27594318654454	8.61185736130043	8.31977610691078	8.39813993844218	8.31761303081589	8.37794785663139	9.01512862296034	8.70495682607647	7.87527207378739	8.47369819365794	8.82868971728838	9.12857059787625	8.60176443709008	9.13080250761677	8.36712538083919	8.43306784752819	8.48199570933422	8.30041534112317	8.3963685000522	8.48591111174822	9.10830624429282	8.5200617526762	8.31905434995135	8.58506589386688	8.42515145688208
C:253	8.30777149786461	9.64072366229071	8.17522279819758	8.91112088946637	8.9581900898302	9.40703818594788	9.01051843585466	8.58035234722915	9.63028811311346	8.62748834027911	8.55436307828815	9.47475098670472	9.10798164709797	8.52874534182142	9.27788223986704	9.47555715598712	9.33263471857707	8.78706119133053	8.81751172225683	9.29903219663886	9.00391887920681	9.20614177029698	8.57983289393569	9.34111599312332	8.63947375277487	8.93694232893107	8.74246692650557	8.92939870022569
C:261	9.73913686962624	9.97494115201819	9.74682931679659	9.90885055795175	10.0077097170476	9.87744106440372	9.74126906044044	9.35861458917709	9.6964180402845	9.89930786343934	9.6894731761783	9.85509163544365	9.58391813501446	9.59141445112616	10.2512963623275	9.63044419745294	10.4872434813993	9.76507404225483	9.79306408443924	9.626176248959	9.68984556272494	9.6416026003906	9.42605966112355	10.0108214736083	9.50785422063482	9.58575537877291	9.55727532905379	9.44525686271708
C:279	7.46256163181001	9.57267621860281	7.75608079811813	8.72003370674003	9.18410920958831	8.85077430661801	8.93094541966325	9.04404788143041	9.35401374452064	8.65229622815717	8.20909853289708	8.73526960252382	8.64875095476217	8.32900879642172	7.45120079787735	9.19982131539081	7.69542055155872	8.44507110867307	8.7091447052048	8.41050263357207	8.37574433096387	9.03629621121048	8.03733992692856	9.16389285731022	8.03928878448479	8.83170799995956	8.13100057848089	7.96213545404179
C:281	12.0216421711388	10.4846849684193	11.7687190317116	11.7528115412975	11.5080295972093	11.5270042311786	12.3258609541954	12.0615599722729	10.7187316866944	11.8282898748875	11.91151411212	11.9223436468111	12.2849383155586	11.9635226685422	11.9557984495508	10.4940939673421	11.5346581521623	11.6531400270752	11.3492604221832	11.4311712885861	12.2438353502168	11.1233540383497	12.0401889381398	12.3628838093795	11.3272598044346	11.8766123547229	11.4931554006535	11.1676751289991
C:291	10.3307124891056	8.74005666280006	9.91403829552719	10.210964375082	8.92579986214403	9.56435316682824	9.5670064491048	10.0245713090234	8.50028756194594	9.20862662115517	9.74374035229406	9.33352424478518	9.43747378384537	9.64512931895321	9.16610351570692	7.9034555701144	8.90948378446879	9.18448660116478	8.57826270821309	8.68074560710889	8.74832576022892	9.67587391221541	9.29156041141452	9.94776085389483	9.01850512833751	8.79423971187735	8.5854674427038	8.55510582935651
C:293	8.42326543237297	6.53688451295756	8.07906687690325	8.2706096845121	7.39993697327331	7.81195532434076	8.24062426252934	7.88844016498909	6.96906989237091	7.84543364042151	8.16255084443114	7.61178078964058	8.20688692544427	8.47027260475282	8.39913621477709	6.40823623031314	8.08983587285797	8.08392771256764	7.07973282106721	7.68407394696095	8.08346005607888	7.30918211605747	7.65559084420305	7.43605746121595	7.71359108183626	7.54559768363212	7.66641394068078	7.41937557173995
C:294	7.3602658975048	5.70657849200605	6.96187385294171	6.73605273988575	6.36088805615679	6.46579972516747	6.63165577764593	6.96401827872379	5.70868564202253	6.54790817092576	7.01612186208556	6.24432862679136	6.73141828794694	7.36329061896021	7.0777393776815	5.7069023797577	6.88054097282785	6.59479371410112	6.08934207439666	6.44361931857823	6.42071300795412	6.35974539098455	6.69476068303551	6.98897502378256	6.43400642151075	6.29902206495067	6.00857880707868	6.31784143135739
C:295	8.10729902038103	5.97227041122356	7.59408523417571	7.61551259941938	7.40775207198409	7.83065633541604	8.19459003368261	7.87497908527434	5.97916166954283	7.43642480376912	7.84224442442165	7.27993868062078	7.70150729984182	8.36392787422947	9.21750311375778	6.48419904185917	9.19256365460795	7.68181371672727	6.25371200358081	7.74605867108391	7.84420344728463	8.2664353192365	7.81051019952997	8.60839101060712	7.43258871827223	7.48178628462067	7.36605185068678	7.48430649789189
C:296	8.79706697660603	6.74770501164258	8.69965257196412	8.53985871520715	7.93854018114894	8.25677599488119	8.70744362051682	8.14220563474405	6.8668242806235	8.36113475650415	8.85413296385321	7.60466174229891	8.72286464673878	8.94443755750603	9.1239957752722	6.19899267098188	8.87510791216423	8.32126186390627	7.3657162491503	8.11000127611527	8.76216599092133	7.59749666202158	8.54886816382921	8.98300593027348	8.12434918585252	8.15918385758888	7.89756201677981	7.69441851103375
C:297	9.12343675247159	6.9591567219075	8.76180705201586	8.22476689319833	7.80956484817038	8.14435332365982	8.28423187674305	8.57030144653594	6.84494119879963	8.3006410938906	8.83190453910701	7.67499799005596	8.28694675905468	9.06002953975092	9.23760463798223	7.03401978867038	8.98168931388129	8.37444256923668	7.83273230674902	8.03425433471583	8.61000788464076	8.3175691231571	9.04351701905479	9.2439383113032	8.00288719680375	8.25017873176696	7.86633741525123	7.80654339139707
C:298	10.6791121448134	8.11830290210515	10.1667357240056	10.3510514145468	9.58095491848085	10.1558057584915	10.4328288771768	10.8534044827531	8.65083990918004	10.1072210323617	10.5342173712217	10.0524331335179	10.3773702774816	10.7831547091011	11.3740773065477	8.47528126440877	11.416954666608	10.0008085132003	8.81416356567648	9.78231782861667	10.1336828405017	10.5013251077301	10.027139910348	11.0012496331971	9.59547047956949	9.82744405396567	9.54500856389796	9.69151363564568
C:299	10.7647214357065	8.68147587802079	10.4354582158116	10.5464352499501	9.68085462679768	10.373241258064	10.5692841610327	10.3177063158903	9.16706416727985	10.1712144765523	10.736143919178	10.302249050217	10.5027565054897	10.8365634251896	10.4388536009981	8.24285294750725	10.2572653334799	10.092236310106	9.01148425680188	9.78057130755951	10.1855417910859	8.78492403994604	9.93317109427567	10.1742881294687	9.81003354667942	9.60595334006951	9.46692189050893	9.58644296464992
C:300	9.09959197877121	7.36406425667983	8.91990687253896	9.04253342157337	8.17151003290959	8.66837905982893	8.89993807255953	8.7526890239775	7.60643887116494	8.80299392842208	9.21094256825912	8.43128390118414	9.12511924358299	9.24346458328821	10.1555813200125	8.27250432354352	10.1059684490849	9.49999133805194	8.61234651814732	9.51328768665926	9.71648612599074	9.74165686204208	9.75495888009356	10.002307038188	9.66066182684139	9.3943179332205	9.46577723214344	9.65932911185144
C:301	10.5775949727248	8.41492541300865	9.96307858543627	9.8988610654702	9.62306507325573	9.86356994020997	10.1783685714216	9.63435461351023	8.73843028319215	10.0388228370093	10.5270501402719	9.82983440452131	10.1481725573551	10.5888379312561	10.7442895960055	8.48948163239802	10.6014446723138	9.84747257943383	8.96605658076952	9.67017418957369	10.0867549650747	9.62189670014715	9.90703372598366	10.528136000259	9.63107188429925	9.55170732490977	9.56264131387453	9.72785714871216
C:302	8.30967770801213	6.87821931960873	7.87376634609414	8.16122628984031	7.54472994213035	7.69749479179588	8.13635344105342	7.49412216971931	7.05840613426504	7.85317514813015	8.10704591892646	7.81352561527804	8.00593231493709	8.27039917369995	8.31070269071814	6.99364495203634	8.18420348854901	8.04253876554862	7.49022587523335	7.88984988857445	8.10064362613294	8.17448594231564	7.95479861222814	8.03240510774829	8.26090945913759	7.74580061286193	7.79073859879901	7.84679035133425
C:303	11.9936890200173	10.1354737571677	11.6954188679334	11.6929873659678	11.2503932337615	11.999479385482	11.9477771837007	11.8798537455474	10.4861520819746	11.5957690516126	12.0296170264482	11.6281775013615	12.1137219286703	12.1510766019364	12.7773461741207	10.6044644898937	12.7916499317022	12.0004974192478	10.9871677899012	12.2134532366865	12.359636978195	11.9131603278629	12.1004042419286	12.285858147705	11.9992003408631	11.808787334741	11.6530315904221	11.965109353335
C:304	12.7322457364566	10.6729589713714	12.2876820319034	12.5305030787554	11.6941264574298	12.2062508671671	12.6801239093547	11.8694740183763	10.9908341024247	12.2291168729172	12.7755752646103	12.4848248842391	12.691115463991	12.9254549556726	12.7461048681787	10.8372891008534	12.5502304833257	12.4710643431884	11.3188843291803	12.199114006418	12.8298612346888	11.8741285855218	12.4679620297565	12.0841137917037	12.2082258870087	11.798638858093	12.0234609784864	12.2089543003101
C:305	11.9489676273841	9.79996194384927	11.4470983893294	11.680321605776	10.9316523187905	11.2560963492555	11.7953971238641	11.2543862552374	10.216342728096	11.3889035286142	11.9221937192199	11.5221758853033	11.7932594979111	11.9813024694181	12.1050944372524	10.1713828374214	11.8736342470921	11.8087792865243	10.7791081718299	11.4105483433508	11.989200201392	11.3570072280565	11.7534821971464	11.4635150780802	11.5951202833672	11.1290024053195	11.3102942121511	11.5459866145807
C:306	9.56790089251116	7.01438958592673	9.24291633056847	9.17005797209775	7.865358212824	9.04853960650032	9.31576133554115	8.99794248664874	6.63151647671659	8.56362837519672	9.20052667624654	8.79980325611966	9.20057923153523	9.58827506280586	11.0518757108917	8.45670377815529	10.8442377566608	10.0035885562334	8.76751130940299	10.0096788233843	10.2148607957373	10.4015899992292	10.1503416995492	10.234422417671	9.52290117157526	9.26722978325857	9.47741552773926	9.96316667390842
C:307	7.59011976082405	5.56334613873173	6.97928861906377	7.03253229462517	5.77050404013224	6.34475545472141	6.91327191681762	7.22593929314517	5.56651484619338	6.45572081439306	7.0082065991627	6.43377082583392	5.55747210278644	7.80613574695107	7.48324514791234	5.56383379530972	7.03789611619542	6.83521449732511	5.90133399607499	6.35122936479034	6.89182206354595	6.73705253803912	6.96627209288236	7.3359843396016	5.56074785091514	6.44146909584928	5.55905161870146	6.0276289712891
C:308	9.75486965158751	7.56095440285007	9.36905544853415	9.66003582258448	8.77580343199019	9.23203709657374	9.51201294285402	9.39447473198145	8.14661379735016	9.24835773679144	9.71505247662635	9.4168378349545	9.87761268763678	10.0052646141223	10.8496916037586	9.15254294108735	10.7846070646865	10.3084162892434	9.12816619715345	10.378074278708	10.5660188716849	10.5808609033879	10.3694264976501	10.3446029029338	10.4075568103284	9.60798095003517	10.2767383986629	10.4891921796615
C:309	7.58703694178046	6.19739162736537	7.06449931600868	7.45556601809618	7.01630442071163	7.20318494019273	7.61057562854668	6.80588192352984	6.29653291170322	7.14127122422305	7.41867626657433	6.90744301988371	7.49370838924597	7.68572014326921	8.00134951144217	6.47396917229334	7.94866025053543	7.33655293267997	6.48989151670601	7.24783822663582	7.4760437178142	6.74650383463062	7.2244227356455	7.13790679568237	6.83512036340232	6.87362277270386	6.91349121124037	7.06499260088517
C:310	8.74709022227898	6.9607665377488	8.1766479306189	8.39967225530715	7.50096498721776	7.91220290515787	8.38165128141728	8.25590696788915	7.24656072371297	8.14547027202949	8.75124505396958	8.08869218597283	8.50341618412163	8.72885722069402	8.63459353339389	6.8746743280474	8.21760933827707	8.43462162027822	7.46640112604349	7.88886650011423	8.51361883633149	7.88510449834332	8.45444535288508	8.22749591577247	8.33785419902179	7.91333709324232	7.91888095529145	8.15779970086729
C:311	6.22375023904195	5.31781505748404	5.8288380356588	5.77138757377624	5.40850076677514	5.42054221471082	5.71949522658052	5.44483329483645	5.31843310686728	5.70234439576985	5.95438455897159	5.3190083105464	5.74465151017657	6.10701135505604	6.35222851130548	5.31790989133614	6.14235520151305	5.72459438597781	5.31819724306256	5.56381281392051	5.70038398660711	5.8253415002465	6.0484570066194	6.25572572194841	5.59698826221888	5.64862219371591	5.88473604733931	5.66677320622249
C:312	9.25895335337957	7.50783053892279	8.89681010927336	9.1916489540452	8.48828042358506	9.04784158028796	9.19845662476232	8.41539242165627	7.97206361008904	8.84498950313668	9.34305684567158	9.17216325412407	9.46515043573429	9.59670462497277	9.63625393292867	7.92408556877403	9.54894301659755	9.2823253866997	8.22186648886221	9.05525614208055	9.5359042069652	9.28106067295309	9.32716516127348	9.01694751889908	9.10061501826432	8.60778860538666	8.94683435349093	9.14174174507954
C:336	5.2190537919845	5.1333186876655	4.9056629752791	5.05069539341926	5.09298111591587	5.02934723571545	4.93920834288072	4.71563268973326	4.96993771005329	5.19179247411776	5.01159925295275	5.04270522025745	5.10671729116847	4.95322613338892	4.80341610794021	5.33214424272617	4.8653852964048	4.97044205975851	4.95737567764532	4.85631783435919	4.88409205453948	4.71717244629602	4.81470256584803	4.97698094035879	5.06737837382183	4.98493310607198	5.00541658429074	4.71495822149849
C:340	7.47507474483495	7.81435054440073	7.22622233629635	7.04620592328307	7.67859488930069	7.1578707955849	7.22836963198347	7.40340368592125	7.48392820426726	7.74702863943252	7.57692295688812	6.6277292166603	7.14640255610427	7.35142660940013	7.3664150178964	7.80714967325222	7.09374779812412	7.1242279092568	7.38389116823992	7.31550067786091	7.05129157313984	7.58476893056417	7.4749141832962	8.17970771109082	7.08243167557169	7.38471190859244	7.25857916337176	7.14128029711841
C:343	10.1117775357851	9.31017496690514	10.032166627389	9.84624425175431	9.61038757824799	9.75856294125933	9.72669691116749	9.55805473516808	9.31258936037223	9.74350062697647	10.0902904928798	9.74287273536115	9.69022570028599	10.1063322941303	9.86385066147106	8.94045846730043	9.957617931897	9.7655530854178	9.37281702525637	9.38119900208251	9.54645282889769	8.92352490480275	9.38212662340999	10.1707076446373	9.41428812160688	9.33027260651618	9.09584340424229	9.26144644578333
C:344	10.8113285372963	10.237724652646	10.5591187737081	10.9977380685295	10.6491106902217	10.6054106812367	10.6897321691118	9.60578642700018	9.90625759923591	10.4778100745858	10.7179712894108	10.7913856933246	10.4926163382638	10.5693301329936	11.2543511437167	10.3876544852094	11.242041135628	11.0766598064138	10.4822438523864	10.7929154840907	10.7893535908386	11.1329084214095	10.5150115311892	10.7173339788212	10.9908757573929	10.239597944471	10.8320980102379	10.7453222149688
C:345	9.59029688768019	7.45115593725079	9.34716989680385	9.50613736614513	8.62480836308449	9.07086296050868	9.08098891511284	8.97177949222735	7.4280710410955	8.71081087597727	9.29242948492934	8.96756810633675	9.37357428278726	9.69416537332316	10.7728256018627	8.8612333135792	11.0193176859882	10.0097969326054	9.26545245046101	10.2093808221926	10.0293468816183	10.3897318063693	9.79603913710404	10.4041304801064	9.82746554045231	9.13762712965728	9.93376027626885	10.1201303580071
C:346	10.5875623746461	9.96840637238796	10.4423257315071	10.3630785123551	10.0141898488867	10.2715183198516	9.86556620302116	10.7922975506048	9.93063303703569	10.2724870237153	10.3446855706272	10.1615198481647	10.3340521112109	10.2331744119887	10.5557562171308	9.52491663196464	10.755908903134	10.6352105262626	10.4014712443662	10.3045023010118	10.2812384541278	10.4788276145145	10.9915718307913	11.8647641694699	10.9020504806118	10.6606143399951	10.3664982673888	10.3068575179928
C:347	10.4327488255585	9.67422193237716	10.3287752107182	10.4635408069005	9.98708719814111	10.6212253939248	10.3469356569384	11.0083073503376	9.90067654285727	10.038873142524	10.3483512210562	10.476233342469	10.7800074833068	10.421518848906	10.8092140723779	9.89779605376427	11.0136724638925	10.9045085135764	10.5669508358804	10.9790942418465	10.9657548333575	10.8028017872098	10.9159654657362	11.8575541477655	11.3047963084022	10.9246902326477	10.959164471862	10.8552835966893
C:348	7.13363017489116	6.09314919190296	6.91704694084344	6.99335372799529	6.64496608314666	6.61373213443874	6.7635565117747	6.69562178937922	6.09797511649344	6.75254291259799	7.1314691745908	6.48920084655008	6.63827559651233	6.9251395049079	7.11292775218435	6.02283422738358	7.16376183140754	7.02441959128722	6.58316015960441	6.515050620051	6.73138792114484	6.83718900132461	7.25288507782241	8.16537427529475	7.14764642779128	6.64878474632152	6.7515343925722	6.78568036668502
C:349	6.13768851930616	5.5890770157182	6.22802379833926	6.11673206284521	5.62061193874489	5.94212251976942	6.75348219603006	5.40638094465673	5.40604468433146	5.54196261777442	7.12312430171595	5.66194307414465	6.02750712089763	5.69843299456634	6.4391787936396	5.65223796958513	6.47945513078316	6.11168010519162	5.59068789799441	5.98036264922287	6.54691155342436	7.06922402946277	6.36590355528102	6.78971394679632	6.18437647319783	6.139773479744	5.91213733006597	5.9729735971485
C:350	7.64692260260735	7.33844216111024	7.67426876398587	7.35521337422632	7.38877376834354	7.63257175790122	7.63700008035844	7.79357260352859	7.5482296428802	7.88473017040723	7.89921450121766	7.20534171319719	7.81681627317327	7.75121378202219	8.02156336320663	7.4819518696463	7.96228040200982	7.86496291265419	7.69465083137649	7.65434643497285	7.81950704557564	7.53612165208258	8.24931115102584	8.52992713434402	7.89789625329534	7.82512768910653	7.7543029028528	7.76619091313847
C:351	7.10288382024187	6.55178903078293	7.02600610631577	7.08477688463236	6.55577137619222	7.10557014447314	6.86178668096446	7.17770299784183	6.84579883797922	6.94777604956646	7.02772591683018	7.40817020814939	6.9088264387183	6.86429004222121	7.31741128902708	6.61154969695238	7.27450229203367	7.27201921266629	6.93699264766309	7.26058871207193	7.17142188696497	6.66957904164417	7.75031848886937	8.32111361706891	7.38853431019541	6.81947455326838	7.14408086352929	7.17622883285641
C:352	6.46167749280875	5.99640743192977	6.1053207216165	6.47235781781723	6.28730283785298	6.04835043555729	6.14203714963889	6.10764798386977	5.85801171898509	6.2370114004057	6.57201631050579	5.92770552438937	6.29186346716365	6.14006865776155	6.76669469465938	5.82378052779013	6.82255212677413	6.82321353000984	6.52033654940398	6.57014122971418	6.48204445834184	6.12050829640735	6.81416611580922	6.76677576752323	6.85287074577117	6.61528115216912	6.52576396757422	6.35458903354402
C:353	5.49274437496914	5.31040145140646	5.58769334013826	5.465020829802	5.34526065639429	5.3563367415204	5.32772367026012	5.03353395015788	5.18839129309347	5.35257606289525	5.53780927810227	5.22179157554341	5.34488276796827	5.46729864942657	5.48373458739321	5.03282742920832	5.54152841200601	5.68843520072432	5.27236790611165	5.51842252422343	5.59895791692222	5.03614258290271	5.56888591219018	5.57336592531523	5.7625065191563	5.37957052823225	5.42757161684758	5.40503793547172
C:354	6.70651334951659	6.21256488979353	6.5810971491371	6.58664662448866	6.23419618174304	6.47742817271457	6.46064077763018	6.62723508069339	6.34452492468222	6.3792126922444	6.836609984279	6.44607493144292	6.78280655710416	6.77927352163108	6.47996669717614	6.1938424519923	6.22946373849644	6.65593417888118	6.33818944798813	6.44762668687823	6.54709489916735	5.78635840278851	6.64862627959595	6.86999797268328	6.69425435679901	6.69486063507893	6.50966636490982	6.44447494834138
C:355	7.11538052532722	6.55303400685167	7.14397761392485	7.33282959803965	6.85959555136333	7.2484049426393	7.18760263091019	7.53605199282302	6.61337310511984	6.72866317951572	6.9363802861241	7.0671762712964	7.18326310230514	7.13220849519274	6.80302496239447	6.28723786054834	7.04620643587532	7.34287514549422	6.75807478662039	6.9815802652801	7.24844468933449	7.72104353706363	7.32371667204095	8.37089441221815	7.27791002205474	7.19304005308547	6.52573629475258	7.0702585394609
C:356	7.21754426544388	6.65467691221861	7.27808095252295	7.31200383436751	7.01605775774027	7.52081618151611	7.24351402080819	7.23517006835728	6.45025204431377	7.02173009602339	7.1332904133614	7.37472231651789	7.33627749921477	7.13679294219943	7.64159496658699	6.77756180038688	7.88840383477166	7.65426084513985	7.18176030750256	7.52888731628171	7.61161811250952	8.40595281161079	7.56184800206563	8.10609448039722	7.79223998873069	7.28901094714585	7.54529242181069	7.48838459410443
C:357	6.59677741420357	6.35926392358604	6.73290708724311	6.55561193300011	6.24483032156449	6.51255048484972	6.60299572320032	6.1987825330819	6.17838201193563	6.44071438710572	6.81097285130165	6.79676307141397	6.39413377599988	6.4150933791877	6.51848606453042	6.02505263827015	6.71309582527226	6.70018279536122	6.29969667324851	6.44869074079013	6.75081993496085	6.01959212832378	6.91274253559842	7.32858087856423	6.34594858450424	6.47851999119182	6.36202591486883	6.67769788782034
C:358	3.25543786597693	3.1393572577411	3.35508192781	3.27725985186343	3.13908258456478	3.27855460617921	3.236281105671	3.2947547064968	3.1395701925672	3.13895144122547	3.13892731572958	3.30951400937017	3.23168152163254	3.22233568379604	3.30832904143497	3.13938994436192	3.35698318245192	3.22671767399309	3.13948895609222	3.29780329061972	3.31310227617755	3.14042232976121	3.13916534308513	4.11112688257183	3.13918361131883	3.13918475644823	3.13907071427618	3.13925309206467
C:359	14.6275479915964	13.0156494391496	14.4994097795543	14.1399179714092	13.7422224409024	14.2071483284827	14.0598086431643	14.3242442596198	13.1508448747721	14.1500443802232	14.6688111131221	14.1451062437912	14.2471593184861	14.3129922344302	14.6373259150171	13.165917650534	14.7620924701653	14.5120228417987	14.1448923855524	14.381025008923	14.4068406395209	13.9125320600195	15.1855735132927	15.6370596054926	14.6832067697859	14.4136557205064	14.5309826821299	14.2994038640893
C:360	11.3164687685149	9.57473483791722	11.115186607902	10.8491428756092	10.0779664161501	10.7422825614365	10.698599966001	10.3776184437241	9.5424052552011	10.8554652593504	11.3349240012406	10.8210193448357	10.8922152973077	11.1106462287757	11.6285085302869	9.41312062703353	11.714204809089	11.2224041921889	10.5569258142255	11.0875399006304	11.0874647418712	9.62847209058611	11.5864572191535	11.8958791694774	11.1844767282771	10.6734919358581	11.2450745924883	10.9323881560615
C:361	10.5036924491736	8.76392579420498	10.4212687309474	10.5353263479044	9.7114510218691	10.0611109527772	10.3684525906912	10.8538742073768	8.80312103184471	9.93397628693892	10.6524588545744	10.4370413539537	10.401838994562	10.3680296337111	11.134966323799	9.28982673509282	11.4983076754882	10.8529988905739	10.0024783299607	10.1958970545014	10.3741220162942	11.352440304756	10.9984563538384	12.0872478936688	10.9239889737953	10.4655449725493	10.6190687680202	10.6156277244659
C:362	8.70858691479085	7.01609211590291	8.48289815020686	8.47424723894501	7.88628533045121	7.9905761861504	8.14865198480336	7.5031916824986	6.91818626704602	7.98096040748602	8.42767090108143	7.80361724165256	8.24236823474564	8.45765380498967	9.18774573547393	7.91384931422417	9.58451139978834	8.96850392193707	8.31710375191287	8.98676939945137	8.64975603933795	8.43594262537604	9.24848144229428	9.67321099200416	9.31049502553128	8.46844994631613	9.14430968197463	9.03774895159712
C:363	8.93010906458072	6.7009707068665	8.71087451068773	8.8362954570151	7.85863902624797	8.58905840405451	8.7494906957729	8.61011426488611	6.73989397920344	8.09905260516241	8.84553290910717	8.5374565863278	8.44619418903242	8.63908740910765	9.74356730083947	8.37881998654491	9.98713869018938	9.54735998876455	8.88915421556062	9.25600026038013	9.11663091007186	8.76858509927105	9.38458360441417	10.1878871177316	9.78259248154923	8.83267042680691	9.29593759097245	9.28892880916129
C:364	8.53399731953795	7.05894397507481	8.32815787890356	8.49017876941601	7.75745834183402	7.62958842557655	8.13942828934369	7.28546473475308	7.31760622733868	7.96307738765573	8.37461588441158	7.78729313704448	8.08204974668073	8.35969542146946	8.88121722998117	7.46111509587589	8.99134908892454	8.98623442899461	7.98289044896272	8.02658239589758	8.10872167212129	8.48259750176491	8.37744314754327	8.73986465842192	8.52681998875834	7.71632891126032	8.2646959532842	8.36150715543163
C:365	8.85841997954801	7.45358209451908	8.6882313142599	8.77647890253467	8.14865817953143	8.22644483985392	8.57262489907337	7.66996419575475	7.5736152009892	8.53452911900976	8.88604648881897	8.37953619427201	8.64981414690094	8.83725386962161	9.43314011748544	8.01842883951706	9.60323036435428	9.0471704208636	8.59022419638018	8.6392100813079	8.75177833329851	8.99808815130654	9.0080244521865	9.35921694209114	9.26805835715354	8.36718604946092	8.8418570238634	8.91771342186358
C:366	7.21212211977041	6.14949286802881	6.95735435944538	7.07903303153076	6.32458869724368	6.78130210923273	6.74243897098724	7.07951260490057	6.11682375997618	6.5570961631979	7.21746769783587	6.97905104163368	7.03306759291181	6.86977188460001	7.1936920207314	6.04421638338698	7.02517072924178	7.09694142055392	6.3599841311543	6.40735903252989	6.53479007400009	6.71899759746542	7.11063601291985	7.77351471157679	6.83242796135464	6.451203243063	6.86845594858178	6.49382903110577
C:367	7.79562379554076	6.70255023656026	7.78547978761639	6.90018431242457	7.11300969179618	7.37894293186276	7.49134573294807	7.63696463882183	6.85439298109649	7.42465105077622	7.94286439463975	7.70208366432378	7.58874998081432	7.6721176141954	7.87361152540304	6.77055182855394	8.04773720935938	7.24756675409154	7.6658796951853	7.60279632249724	7.749497514625	7.77153149160904	8.28038995630943	8.81686537041308	7.98796930771074	7.04465654477243	7.83620314539683	7.69969895347081
C:368	7.23668549632188	5.80213174055259	7.18000375252897	7.34049357269375	6.64099178498027	7.16579046153323	7.65220641257132	8.20172500696761	6.3006491541809	6.68792067640157	7.25327717152939	7.6821883697586	7.22182035747341	6.82873399919865	9.3116975242377	8.18022354722739	9.69867621390467	8.95007288134383	8.53055780102616	8.66089616117843	8.77080296987209	8.7844500366269	9.2552315628801	10.071522241693	9.37525528807308	8.30564101464496	9.17430375195158	9.15549514204355
C:369	6.56501874811548	5.67040780459024	5.93404473658094	6.24284837823234	6.01346313371368	5.98034377443786	6.26289625074747	5.77701654097736	5.469006247189	6.19364656384788	6.02643118149774	5.80414576359274	5.69127023425767	6.20769352715718	6.82053637578244	5.6881359835934	6.79675709672882	6.27160929224812	5.92650717546235	6.02787689784436	6.26093867076439	5.47470895519449	6.36783872735059	6.70281176129509	6.29804075853527	6.00494785624185	6.22536369551776	5.89963888136564
C:370	8.29430198776207	6.92154346017527	7.95775566387868	9.24338813123637	7.71510959555616	7.58419951942568	7.81003427754344	6.83850937571462	6.77500070152849	7.8307624329531	8.27620359146429	7.60569257894842	7.80040476701823	8.13252371838572	9.03864382457058	7.50852928212843	9.21302142949935	9.24649652845401	8.18209077769895	8.29608136693391	8.16672592291358	8.85314246541286	8.65624276740874	8.84476280028748	8.80228206711427	8.02030671125529	8.48890213352156	8.44593897789438
C:372	8.04671579802623	6.35342325619439	7.6755537448549	7.8305693102191	7.21952819056838	7.22744518891188	7.50014252203364	6.64362435167415	6.11144654745528	7.47243761392729	7.93779851965598	7.08953271741226	7.49487003313201	7.85296621739615	8.43532193499425	7.08594073963432	8.52674760352127	8.10428132046567	7.55346090217744	7.65997061488005	7.68937882119915	6.87861782574656	7.97604310637593	8.27914006887599	8.18527585540148	7.50713784273195	7.88145769485135	7.82057256739563
C:373	6.02928211219377	5.62374626547473	6.01586773596352	6.11084798249826	5.9088733638899	6.19200955970056	6.35399385480122	7.07033359686704	5.62693614004085	5.61762196991031	6.05171390358922	5.99561283375127	6.20762807754607	5.89523413008164	7.51330269603386	6.59841994724688	7.81537280415561	7.31195641158951	6.90626147697853	6.93763393400524	7.02432549792602	6.98840353396531	7.3576230969906	7.91764084862531	7.56012630966541	6.75100501316592	7.23426291906949	7.4097161791805
C:374	6.9239059806922	6.07303837564658	6.50153599132914	6.79481081526512	6.41295769931978	6.58417150315474	6.90159581529864	6.42656572548081	6.19738008784352	6.44641995161498	6.68704416718195	6.58642284704347	6.59750132797792	6.61855507677451	7.33003223007822	6.55168025582524	7.54562301912824	7.09496051638736	6.76072145019189	6.92372029044555	6.77248507683738	6.97332299434963	6.87078505694714	7.34216254335042	7.39244316395548	6.57240171456728	7.01367396896384	7.0203165604377
C:375	7.04672992905641	6.13254487292519	6.9852383351082	5.72106194084445	6.51720114741415	6.43321613001491	6.75413167340402	5.94193526083095	5.73110490610685	6.54791159673679	6.94944481216594	6.60693948636558	6.63633401231146	6.8434966799133	7.5676864982737	6.37975748024154	7.78642071969075	5.72325142693162	6.5998409569671	6.73938459870872	6.70095907251466	7.31400970161526	6.93995777161121	7.16754625992028	7.21541142207541	5.72647907813848	6.95665437147631	6.84492318265807
C:376	8.05886257129218	7.19012133554097	7.73948131817062	7.5789668175369	7.56914677966214	7.88424281313556	7.52645166723622	8.2996502523515	6.95101350200186	7.35820960119067	8.08718602956298	7.62323006415532	7.83444800135214	7.78526919615048	8.47926272226542	7.49892600074557	8.57766254113987	8.07936240128646	7.81817376267932	8.13292741829037	7.84664900010051	7.38299915758679	8.6908305840735	9.34421821608885	8.27528258524443	8.27147037250502	8.19257450585278	8.13305625270437
C:377	5.3686113622786	4.79079365459941	5.27514079645269	5.3326887105106	5.00401281046269	5.00142162217925	5.17211246134953	4.96092643876127	4.79135545922307	5.05774660927757	5.33013534809127	5.09213511474453	5.21241598733895	5.19632235035332	5.37962632135687	4.79087989488067	5.14712386906121	5.29887834187587	4.94829748492835	4.79118048947511	5.24631835795041	4.79360369476849	5.17730204829434	5.27718916327339	5.02334158416558	5.0880749660953	5.21695029708418	5.02753225169867
C:380	10.9996338608845	10.6535825693967	11.2448040780877	11.3970832105824	10.9955673796722	11.182327866917	11.3526587488966	11.0746195467822	10.8740031880776	10.9084963353554	11.1123575954463	11.3473898861917	11.4862866370058	11.310499551232	10.9344551104431	10.6419853866334	10.9046138565697	11.2180468503192	10.8002681234159	11.1274520426863	11.2145565708561	11.1655632449459	10.8521733854611	10.4137150751306	10.9887595254745	10.9277040620948	10.8722444797023	10.9522719714792
C:391	2.96819861635679	2.68882032847252	2.83112237750305	2.74944223715826	2.78963943621116	2.80189849341009	2.68858027766336	2.6889622006438	2.68893989885724	2.6885926602757	2.79619841968214	2.68905114191695	2.7782090806819	2.9862255544454	3.19091192948207	2.80804069876256	2.79208868262877	2.6885735880385	2.68889427269354	2.68890265126752	2.68859761138681	2.68941916909541	2.688712627246	2.68881039346199	2.68872287657794	2.68872351906777	2.68865954509171	2.68876186366969
C:392	10.4851958274379	10.5681412528399	10.209319384482	10.7734322404903	10.6524509667937	10.8064665680869	10.6825449064487	10.6004247294782	9.80386456071387	10.34140633533	10.0904316581366	10.4963115307533	10.530805336525	10.3923461905075	10.3158089465386	9.7884270469891	10.3846359627423	10.0918673393412	9.84385286763663	9.97883211628996	10.0138774717158	9.24177450521634	9.2892590916203	10.0604107487508	9.65964907772498	9.50911081493066	9.33241263298542	9.47102510301298
C:393	7.84831440644314	7.85606011431212	7.88035536798618	8.27825537139853	7.68453427046195	8.27030180676451	8.17967475247335	8.72386692170526	7.30184664504313	7.60779953757792	7.84187475756449	8.23491172188733	8.22689072980038	7.64455928956931	7.55225815149196	7.93746509260189	7.62175799226201	8.04858368848965	7.43052351099395	8.01945149506996	8.05080710483112	7.92989151616733	7.35010862831432	8.51236139117308	8.02486773665479	7.89384734975606	7.40686313578465	7.75915704100655
C:394	9.94255815963464	9.81215194733521	8.81815693193836	9.50163719241255	9.3949689283318	9.6709993767986	9.2044812021979	9.8431370757644	9.63188509756083	10.1658300625258	9.87874425049628	8.91806599819565	9.90509914903691	10.0250460452159	9.91346703081622	9.89209265507444	9.12037196066739	9.59191004883241	9.08226956232834	9.60211757358449	9.2240353527724	9.05900127117783	9.54237997929057	9.76178762965645	8.89263922618847	9.59923193467933	9.38307681820496	9.37896194916251
C:409	7.65085894299718	8.06225269131507	7.44480054600859	7.80790017704933	8.00001915490309	7.55442453851465	7.88775469589294	7.08995056580353	7.62756646580839	7.98808237807388	7.68770862048149	7.52032140593669	7.49007569200085	7.79512424772948	7.41098781231908	7.15655647136718	7.68697922506575	6.64181660743959	6.56304220822005	6.4714380285129	6.8253318386296	7.4018566231356	6.56155729580365	7.16705008634986	6.77181138468779	6.84807221012071	7.17873349273063	6.67171717273142
C:412	11.7358306658837	11.9327361146122	11.1525449042234	11.153260439835	12.0660997795876	11.4959196065553	11.6450724222454	11.2643015009243	11.6215312903036	11.986272848756	11.7357424939574	11.1595546936733	11.6995451910394	11.6398842901436	12.798219183525	12.5545410032386	12.994167318483	11.9311685794286	12.2624260342517	12.2864078137456	12.1827078643926	11.511558620991	12.2569791018464	12.6038695542569	12.0054633528409	11.9275415656827	12.2882119906125	12.3684213359576
C:414	7.28404720221641	7.54747994753489	7.33074912749226	7.57375624338928	7.30183093164633	7.76433379338005	7.7261506567527	7.45133684544397	7.26388415971932	7.47879046673714	7.42463588199773	7.73981993295125	7.55641123714264	7.34279082682494	7.28846582226191	7.26803610393467	7.27326712797516	7.4997490825752	7.17858113690052	7.57786009377667	7.43643008098346	6.78998651611951	7.29147726454267	7.54127023736812	7.2251323681532	7.29865513422195	7.07775624117826	6.98307232269401
C:416	9.71376057457064	10.2736406057469	9.5544531300769	9.64729351396231	10.2994250344586	9.97530512285305	9.72216826893812	10.2547229614615	10.0719502274082	10.2160765218777	9.75119376980309	9.56629987705422	9.70631674631342	9.84147622769535	10.9518068698372	11.1498943917935	11.0939729293563	10.3148895235625	10.6445183327854	10.5043750708163	10.2262290531742	11.0760764486149	10.4004733828049	10.9361280420912	10.0411447608463	9.95035613600124	10.3646418595662	10.5696185965166
C:421	9.68761152612085	10.2696204677217	9.62801725053393	9.02092518414469	9.79672540022706	9.11189754573661	9.27051238077376	10.1898778390899	9.9561785154201	10.1067701541865	9.93900116803428	9.21270048118327	9.64909624793328	9.47753578746243	9.46406432470719	9.82735663651981	9.36385764296808	9.25520782518472	9.84852267208601	8.73426337667289	9.21777745071862	9.29698950613791	9.75170964087167	10.0157474486396	9.10454465113979	9.83293612824302	9.02289123728677	8.97079189444104
C:425	8.09941748795716	8.09012729644347	7.77658418272724	7.87244843828856	8.02432544450828	7.98078705254943	7.94125146382743	7.52184903100581	7.83233678374217	8.02003072757739	7.99504756537274	7.75522082236583	7.8313757884317	8.03277188187677	8.4846066241997	8.57357455966388	8.80832487583322	7.88689975828672	7.92703307259994	8.032813105487	7.59430875860795	7.73460701138679	8.05795126371291	8.47241055716481	7.74531595079363	7.78904591598823	8.02551596003666	7.8305270518634
C:426	7.93170776680567	7.98233678809753	7.73305251810386	8.10945343812191	8.19538785530207	8.13617839803186	8.02985290948848	7.82114229282842	7.46684396527056	7.89182443577254	7.69480714035764	7.66124143712386	7.75110626270794	7.45094419817055	8.78065693313023	8.62439903435984	9.54775771260125	8.25886344748013	7.97022926212122	8.8133879918351	8.30104150015981	7.80253577425963	7.17019820926888	9.41994621566527	8.89965764971772	8.9501500145746	8.45493033291021	8.39434240622594
C:432	6.63050401655553	6.97735050663759	6.8246603088605	6.99314159788917	6.7420716835514	7.0298851488485	6.92786811887882	6.36686000367447	6.57868278553039	6.69550053863222	6.77366257256738	7.01890844889667	6.67869692777045	6.64037191486937	7.32782565611536	7.39274483685033	7.60078597258256	7.01036552338977	6.76391676565903	7.05107246902585	6.9790530283708	7.55027716118174	6.72077491262884	7.03036006553905	6.79358119103974	6.60681334492022	7.29807923215446	6.83885747646508
C:433	9.2300090510427	8.8645722814671	8.92663864691413	9.01929150661077	9.21711814240417	8.99861508775493	8.93676605822067	8.71573796217405	8.99188174603392	9.37535480725507	9.11877667286181	8.75109171796193	9.0619737485199	9.14372434321121	9.54286270719781	9.29500048460064	9.57675100309698	9.37019464798866	9.36868889133595	9.48318478788877	9.36429076623108	9.52790367544157	9.40226079565102	9.36736315519935	9.54742562807349	9.23192786633051	9.43499090982369	9.45953381792526
C:434	9.54149154069723	9.30407121022953	8.89247444008767	9.05207954083745	9.16710392836868	8.82452463144929	9.12267846537762	9.24997794067645	9.02264034318628	9.65506678203062	9.41669424468886	8.4762341695807	9.14996109957096	9.23625268014263	11.4376059137548	9.51771083839585	11.4089408329358	9.08302804489399	8.93894476843929	9.10592760395093	9.48516256136797	11.8955832347003	9.490753010292	10.9634310624634	9.1157259930343	9.55192555593668	9.78885515323585	9.24225952467613
C:437	12.8392639678323	13.507852988203	12.9204874418499	13.1962545190975	13.3306982527529	12.8575808262381	13.0615259715159	12.6885333115279	13.0278321864328	13.2385198464791	12.7143693661435	12.9712947324158	12.7528346494367	12.7772139549181	12.9598604995311	13.7483011473702	13.2132339366553	13.2291803027219	13.5394089011325	12.9623754965394	13.2081067728342	13.4403416528375	12.4249828842301	12.8888023781814	12.8221694007163	12.9864977954131	13.1408873171651	13.1668938276483
C:439	8.47373554587943	8.01225855403723	8.10245700093743	8.42525168758299	8.38341644368603	8.1410300398346	8.4898426592485	8.69238297408281	8.45489886469887	8.44893029044624	8.41718523864887	8.30629985812499	8.35439043485047	8.45380188019364	8.08248901743254	7.75610194719938	7.83819847693157	7.79762408690363	7.55436868392456	7.3909311264404	7.79701128440514	8.82135452945981	7.90955118178742	8.86384914465608	7.78182399764195	7.97319407148745	7.78058203304618	7.6657295505255
C:444	7.37485535657575	7.76609662395405	7.34053350569733	7.81671565653937	7.7454777215185	7.88166323288848	7.56377018295892	7.79131294017172	7.35977952584468	7.84046399086166	7.41811959651124	7.73143790274809	7.52343821739239	7.43451024330263	7.47967756092395	7.97631774426303	7.55656622603342	7.61047753097148	7.60872300871926	7.56540748474996	7.44338500398898	7.13137901275697	7.20733900377379	7.45278336069565	7.44381332184337	7.30868211143325	7.62745554236815	7.44177654694711
C:445	9.89354996552515	10.0958408072407	9.65966392021631	10.0116626199746	10.333313027289	9.76874929278132	9.83396956928128	9.62875523856945	10.0500145802206	10.3796974102943	9.8474818026017	9.90746023577016	9.71074311243273	9.89846588117893	9.75212220015309	10.2403307215794	9.74002527831486	9.75462265941646	10.0420569593144	9.4236070441989	9.64616667927927	9.18820971243802	9.47810148653415	9.5778284690371	9.58635806393414	9.46355190421176	9.8896452382297	9.60251192303595
C:461	7.92847667878527	7.74238117809016	7.44824205686782	7.54847656752235	7.96096917829692	7.46315176112242	7.55912812786892	7.36699475109443	7.58575048699428	7.861001319076	7.5017699973945	7.17628061596525	7.4998900007124	7.60253543434986	7.78086917427034	7.85565095297188	7.59742808304259	7.95552742977475	8.0348598534586	7.50073273607343	7.72805542460953	7.2420390674129	7.72525736730007	7.50330427496041	7.46783123088875	7.75477960135133	7.83162575003316	7.8198947975297
C:462	8.44397558400381	8.97269979883412	8.24610718164245	8.32026569521256	8.17036188714645	8.8582610887395	8.21340745527497	8.20994367819599	8.65457276379194	8.3303484252887	8.38173371223582	8.45256411171453	8.33065643229264	8.17470065023227	9.16114036633812	8.70537172977721	8.78887772846849	8.21396100268001	8.39945141317746	8.50437990096169	8.04411105036152	10.1096739327876	9.28435221228453	9.16853810194215	7.6633057959086	8.69256184718219	8.48560439784469	8.56391465573808
C:463	8.48700981848071	9.06865398878628	7.92856564512384	8.16619017905737	8.33696854763318	8.52766233108987	8.22702208491473	8.03805073969562	8.55199405673329	8.5821909019082	8.44549456073535	8.54885695670942	8.28875783070476	8.18425127921348	8.63044177111404	8.64529877067533	8.62587913205901	7.73944207987953	8.10581887392437	8.21700419778723	7.99528115224486	7.9920020771477	7.98906295290109	8.86556207846952	7.6796989866659	8.1430690861611	7.97539565573741	7.96770970725051
C:464	7.82104423794433	7.85101229596831	7.66213572556802	7.87526707864832	7.75252193047429	7.9545567689085	7.67691642436085	7.24121980801799	7.88855048780806	8.00513298968244	7.69633747818431	7.61237194535921	7.79405334392553	7.6254169446255	8.64243493294699	8.40039633941936	8.72343549924665	7.70243978398231	7.71010871876334	7.74745667049454	7.95774262067043	8.08768763459829	7.75647666492979	8.26402940998338	7.46728564183032	7.58104019064478	7.68125371358978	7.94071216299369
C:465	8.34556697860481	8.43298198380319	7.92629880983423	8.13699688575264	8.57399866594412	7.96292188517533	8.08314196064802	7.91803360732545	8.30673740329324	8.68692395336402	8.17827056865001	7.89198644377467	8.02409990183277	8.2977694811219	8.23935512189879	8.05095314020799	8.15843538328526	7.7684940719781	7.77613000528762	7.69843581148942	7.53322818577079	8.31177030461989	7.71725403881012	8.40388663880545	7.69122408123556	7.65667140829879	7.68722237187984	7.61871669655535
C:466	8.42825094916322	8.12004908395088	7.8970949175787	7.70224574158611	7.84211441965847	7.67070278085292	7.56492047638672	7.72765284605908	7.58682760463667	8.49046361584302	8.19224320241847	6.854031458282	7.69313548983686	8.1265012864777	10.0865800545107	9.78145510073902	10.2354123860285	8.85655230508818	9.11645137637474	9.37579536331604	9.15600324908091	9.62317503323943	9.42006055997429	9.97703314955443	8.96030690532904	8.95058606123853	9.36524620837901	9.44698424788288
C:468	9.24944687662171	9.17436499198107	9.06750870967493	9.82857522134737	9.25000545703302	9.04578856122348	9.09786494815751	9.15473106584211	8.98976026703622	9.20890735976499	8.93621663163736	9.14490629120867	9.03259480917727	8.7819890956731	9.43269241193349	9.24567661514419	9.44755794433401	10.1676785746255	9.52647411106233	9.38047226671473	9.35489469199075	8.22090639805354	8.95757591544371	9.1706420237346	9.95707672749863	9.20811489141764	9.34882357613941	9.13049110382876
C:469	7.99982477695769	8.22167186501524	7.57720707543947	8.04910695418934	7.70712244479852	8.27063598619582	7.79816861804386	8.37908659288664	8.39211418863564	8.07396443250078	7.7439457803521	8.07979460521966	7.56755204231761	7.43492103461526	8.16942159785565	8.09092107007043	8.0724330265981	8.18587231256098	8.22192155699972	8.36232421059194	7.88872339870952	8.71433926543017	8.14140447238901	8.97937196007226	8.01412392968622	8.18570099428008	7.94890823732132	8.14249793910512
C:470	5.29660069264234	5.38087853868132	5.0774859947234	5.20385614796505	5.31400713210533	5.27116671340278	5.07769718099117	5.55548169771766	5.24837699624272	5.36451265950238	5.33525748633418	5.08174393393343	5.30559636005941	5.20478245918504	5.92994276411969	6.12151013558601	6.10461795533422	5.65004086520801	5.82648452904367	5.59736549838815	5.65578239128357	5.70550854084446	5.95388598164524	6.39045170595327	5.41951205349198	5.77618638642833	5.61262609972737	5.64152534985009
C:474	7.13941898417496	7.20879564371686	6.98434907536595	7.34456536274586	6.68460369139001	7.09683843032652	7.01588855086405	6.62239920605348	6.59500456701967	6.72497248521842	6.83776389894964	7.03564004710896	6.85693349394212	6.73617988823923	7.50388969656092	7.37854750593557	7.55827107176796	7.27064504366223	6.94247608597761	7.18558089734235	7.23875896928557	6.65437208503187	6.73620147704164	6.77491500270304	6.97014487360704	6.647284712599	7.07798656821036	7.11584355538206
C:476	6.71519034695127	6.04992000313174	6.19232244365589	6.19943784952178	6.25573441703609	6.29614463721165	5.90252324502646	6.23104712158776	5.7026996318438	6.49218911408865	6.58284085947498	5.70432599199404	6.25365673595495	6.59046385645785	7.02848763991268	6.50898426525878	7.01728596400591	6.49648104388068	6.54870714772663	6.70901170783407	6.85757235137708	6.8084530320772	6.81489788581156	6.82582725128094	6.50640100584102	6.60050359659051	6.21716232772531	6.62014327250004
C:485	7.52288550605953	6.95613188902018	7.06384780311767	7.34456194968596	7.3379824631258	7.16957401257126	7.13120669363412	7.27087414308338	6.6932570442321	7.52251291572357	7.32471102398595	6.86127320440358	7.38669158600403	7.1420966657047	7.52179533817182	7.47096300274239	7.5461398641139	7.7130106300213	7.57841044949919	7.16849120626106	7.63468788845951	6.15023152552288	7.47602732561396	7.89212789559159	7.5487151216447	7.44990224963685	7.38681880185404	7.20785277951691
C:487	5.95916455023749	6.02018529486357	5.84215241041878	5.96907799132691	5.93878589974319	6.05285129271677	5.94281999108417	5.59653515616867	5.80376127251374	5.92265140587912	5.9755135305051	5.95889584445046	5.85261719695873	5.83758404813694	6.08255420154368	6.35027273488112	6.05449367609095	6.18106997426356	5.98132773048631	5.97773473635355	5.93173047038908	5.43379863045379	5.90717152291466	5.57944534120246	6.22717804789412	5.73604932899701	6.28996659128536	6.16529386984043
C:489	8.15695607099185	8.56699122060078	8.19364785892792	8.80841325879127	8.17769199527648	8.8533111769221	8.54567249527814	8.84093612907667	8.01189345642761	8.23725930401256	8.11479842986479	8.74696879390788	9.10656623851532	8.0106093758202	7.97793895325578	8.27016917824635	8.20133481944712	9.02533562534142	8.58226495101121	8.83373154274288	8.96964301330796	8.95090973995558	8.21215703861632	9.25371892621034	8.74521169454692	8.72257090634706	8.17697198535296	8.6592658877917
C:495	12.5904687469918	13.722663017193	12.1024273311392	12.90226925512	13.7491076220049	13.1430202178322	13.3796356176204	12.0277136946677	12.9841863027557	12.6719738775427	12.0685115873139	12.4927159876276	12.6231317347765	12.5851814540966	13.30064264294	14.2841976788083	13.9243560940342	13.3429600454925	13.860771801926	13.5366894404377	13.738770248185	13.5195594033756	11.9698302453096	12.9747602575654	13.1649499836658	13.2209323138697	13.7512287795499	13.1205626019421
C:496	7.97816992706283	8.02784908202097	7.72343223170115	7.62356054456086	7.61593089676298	7.5012290315635	7.49382068212604	7.32560581323442	7.46167917545745	7.96051338952144	8.09535219717509	7.41829086713945	7.4772597894451	7.59231007572552	7.7680722445305	7.70931409853466	7.50537699918887	7.74581228935408	7.80052192001697	7.47595302125047	7.43840663955592	6.27933976163363	7.90889885050456	7.85912726379453	7.6052929887924	7.52873798966033	7.72853187978109	7.40645800954025
C:497	6.91680031692114	6.99698497496816	6.89004913874595	7.06469316506938	6.99793300031326	6.93096715752659	6.95758955892932	6.61092061001076	6.54612580271879	7.03850624269594	6.76643046869276	7.13504436605144	6.99368136408417	7.00792193107548	6.94492901000632	6.75608212546721	6.96150301239343	6.75214686575528	6.63577394855392	6.48101223989195	6.74699736570713	6.51674402080934	6.41575271972019	6.44071030485103	6.587975924143	6.68941639583691	6.74471863100336	6.62988847382788
C:498	6.37828274480978	6.72292746691229	6.38632783503558	6.57044499179584	6.77864442639304	6.32164340234017	6.51166756193267	6.56110309581236	6.43470197062016	6.5607268870146	6.30633328113655	6.19687554631667	6.43631664013635	6.55756312412437	6.39053064767891	6.58414988444034	6.408661092294	6.30586273530064	6.39357237900192	5.98356470975418	6.20330652314031	6.35142880425751	6.15564729263426	6.40004280540768	6.14718726858061	6.24165420894175	6.17683885980061	6.23817209396586
C:501	11.3016676945761	11.6249359476123	11.2078047826689	11.4370384941293	11.3601423526014	11.3131117989362	11.2250358527223	11.1267656128157	11.5239848531541	11.5528037333821	11.4094048910852	11.5830968306119	11.5238342321091	11.2065442519906	11.0064655771939	11.0291199488803	11.0287869954679	11.2653778641243	11.1059695773664	11.1293969639796	11.1557422544919	11.6287879114723	10.9921541662621	11.1244001168527	11.3207336713272	11.0461931824964	11.2569450931576	11.1625508325216
C:502	6.88950936326721	6.6886270017845	6.63875017033139	7.08776816899707	6.70857568755778	6.82182602725799	6.75920414865052	6.7032212323798	6.36087336815459	7.05042424604087	6.70937753619107	6.79182172636051	6.8819968216431	6.82398632227342	6.86687111941529	7.22479812866846	6.88539736860442	7.248930594249	7.1130525748463	6.82999377879011	7.11507171046415	7.54135384900487	7.29353431856767	8.12497656288912	7.18534734430888	7.23155442896037	6.87387644534278	6.98522206163273
C:503	7.42758411126499	8.42379977247675	7.20520611377858	7.38323443362015	7.80056572579503	7.79123318090035	7.59548091365732	9.02323962739398	8.62267128735225	7.95861071561811	7.36467709731097	7.61909869758521	7.54507641942061	7.31089028611487	7.24422776968223	8.29675822036077	7.25476596602185	7.30049746787878	7.83688762950788	7.83600662644392	7.60854020194861	9.4941606412705	8.11037190233368	9.25224743973331	7.6510206731928	8.41332485908296	7.86383443940024	7.91954091663752
C:507	6.25897606577299	6.43521453999528	6.28548916824368	6.33753867247212	6.04747107444861	6.16091066846074	6.33464588667332	6.5436444910532	6.24116062971579	6.36158666540203	6.31945470588076	6.17388097466713	6.19592513088079	6.29269603911525	6.02289716187709	6.4167067830716	6.12383772669448	6.21472370365517	6.28463522148662	6.03002022630537	6.45061750506374	7.73824294271666	6.14573645700743	6.40870964611809	6.29699061473664	6.45365939090921	6.25797521313196	6.25219564458415
C:508	11.7023814231135	12.2939273117836	11.1770906336208	12.2543618703001	12.1499066454169	12.5048178196888	11.8893170631001	11.5528427721057	12.0987031443671	12.2454120508891	11.524232506154	12.3888740595548	11.7861122223679	11.5692199431781	11.6178579475375	12.4607561270361	11.7367637033016	11.9574851349056	12.0285478399016	12.1570620088544	11.5183019887154	12.2444282421511	11.5878536863099	11.7164276611568	11.4720868663063	11.3834070961165	11.9238306436875	11.87299346491
C:509	11.0114252221123	11.316378343109	10.3278543338348	10.5309923391798	10.6898151365611	10.1084804474828	10.0702357401217	10.039769954349	10.6067636644105	10.842038499447	10.6184787920328	9.97876223855535	10.1472848912804	10.2747180204538	12.0138672854367	11.6798925107521	11.876136161136	11.4239012659031	12.2209735927226	11.1604769313797	11.0468321537655	12.3193591897294	12.0454843002493	12.1287412175402	11.3657696751066	11.4399480498141	11.7292419495863	11.596137132502
C:510	8.19124608082479	8.47581274972529	8.18381926957223	8.45882827910033	8.3799702690913	8.06638498842784	8.1775778720397	6.92672663448206	7.7699725655457	8.0559692556572	7.76543190625948	8.01948618536151	8.06711584909585	7.80660568141462	8.26924978246179	8.24692134406351	8.30925940073218	8.51127452179267	8.34738638490803	7.97729596282289	8.28771336289471	7.70461226013847	7.2951643102484	7.63164940979253	7.97941539126102	7.66385034563998	8.1573513252065	8.04139866794678
C:511	11.6448543200105	11.8720173156849	11.5241153723939	12.1572954571776	11.7027689298831	12.076193891547	11.6130437313405	11.5081414824025	11.4827044734325	11.9170711528443	11.5907345933024	12.0071887248307	11.5092511086885	11.5533942117775	11.1558412862675	11.2501934607846	11.2073527858651	11.9371336274824	11.3235644001253	12.144888213138	11.5921509539513	10.5010304518236	10.8690357509492	10.8430119503406	10.9444769180753	10.7910172411701	11.0724784079216	11.2938608614799
C:512	5.52725257388138	5.08633904681146	5.65520492607553	5.70202104471485	5.2178665284586	5.5698664882651	5.45058997192037	5.30670604215443	5.32269403949928	5.26067470294521	5.41854439650739	5.43981815812787	5.38096895456627	5.33163747088358	5.40912242076285	5.08642006221066	5.44788722923421	5.67493838700679	5.41555947349459	5.49631577457288	5.45666254816253	5.6660433063212	5.41841750184416	5.86216177204284	5.40930591976687	5.26455803027032	5.42429647102359	5.37394039177683
C:513	8.81582876579625	8.71013341931257	8.47059139953179	8.31403769301905	8.67745274630041	7.98101915419888	8.34631074607936	7.88496453048443	8.34769324162702	8.82160560132753	8.85385438269889	8.04928631295706	8.16117261905915	8.65540309163621	9.15041444148556	9.03529138106294	9.45540323311221	8.31351196976113	8.5288021817127	8.58835496579414	8.20850533516409	9.33410228172629	9.02006996030534	9.2028970516466	8.63055482218309	8.46770304654298	8.78117509087608	8.6514522457946
C:514	7.46580694923889	7.72113028388982	7.14296076979131	6.96793239609554	7.36552016022147	7.48679792281773	7.05578013649576	7.53019342585173	7.37011842845483	7.63853966981171	7.45767347771947	7.04737109709755	7.23273690353957	7.40256444413537	7.86875445078461	7.82763850206363	8.05041777814706	7.00855143218982	7.24401761365183	7.68194300563361	7.11047893495154	8.43890612988265	7.69095960186506	8.57321882219246	6.92520557914997	7.40005548973699	6.97829498806983	7.1455444435332
C:515	10.6799917795587	10.3429708623681	9.93015003415055	9.86702718403158	10.2501893210817	9.75287660140663	9.93806892867402	9.79393412591603	10.102021514873	10.6425881730481	10.5426687732909	9.76775483684263	10.0550105488008	10.3595765129235	10.7883603954967	10.2747477332815	10.610112290812	10.1451570132234	10.345065674647	9.90717283362452	10.2898314447814	8.78730189531787	10.8271730052736	10.960983789942	10.3225855540257	10.216911608129	10.4012198736065	9.92605097301408
C:518	9.57132359581576	9.3736424682693	9.37302058863079	9.1329722864826	9.38837943974477	9.22817401863299	9.25962221699107	8.85314854485317	9.10648173663955	9.55052509511074	9.34511705933651	9.00680655767001	9.24929587373451	9.47552441746417	10.5410715888354	10.5262908370982	10.692802359812	10.0748571174824	10.2284234143178	9.98565600573063	9.88858123292277	10.7674443868139	10.518947342221	10.5004363383921	10.3169302924757	10.0406317934567	10.4857214506174	10.1754913320078
C:519	8.61701416198168	8.79831973551481	8.55310143330814	8.64803141549687	9.09927469507431	8.65784993063251	8.79602014376886	8.82458218840464	9.10429952251662	9.21360533424683	8.72858378468857	8.90925832874165	8.83843357557992	8.96229370001489	8.3895083448777	8.30069211636635	8.31923508823147	8.05034289806796	8.26640247500044	7.94278828827869	8.10207766741177	9.11325436222991	8.28723569981548	8.74081041483364	8.00340066024797	8.31733986443913	8.35723176752512	8.1461268349954
C:521	4.45301129253862	4.27646662642875	4.60321968116781	4.5776938275901	4.4788712126875	4.58867676695346	4.44991277079111	5.51628800693838	4.51495297841714	4.27473993571655	4.43903942491255	4.27820671014361	4.27480165937671	4.41933537834348	4.27407813566124	4.27660534669009	4.42029915401451	4.72318701773117	4.48679728293498	4.74553996445444	4.44503109756472	5.86729689420116	4.95495866573339	5.86458188447603	4.45791313646675	4.65961345869905	4.27524827884593	4.27602419951168
C:522	4.337498337584	4.39511699187705	4.42469384881357	4.60922069645708	4.30537768751234	4.14605619434221	4.29441239491185	5.47622625571801	4.80499149902317	4.6588322444959	4.31810168876854	4.14849731093185	4.68693085748126	4.27354485384508	4.14318096468198	4.14644235932773	4.14489767012303	4.14384959506916	4.1469820328932	4.14706324512325	4.14408589860567	5.53469910646446	5.22499571947543	5.53066124171449	4.32032188173297	4.36526825909295	4.14469386580933	4.14569438444709
C:532	6.80748602281365	7.11359610996716	6.36681555163084	6.77278433616475	6.99122870188956	6.77475486244503	6.76250644406473	6.4506934738526	6.65651513667385	6.54201145581777	6.61597678742855	6.72169120179562	6.84293205272138	6.41662219357491	8.02500953133113	8.19749296002986	8.1612135743143	7.92219987741485	7.98389860234519	8.04076294179263	8.05004238549656	6.86198011488969	7.96827882170281	8.25972630884005	8.11386887621241	7.76877251800117	7.99655195192705	7.98301790816895
C:533	6.82441631549127	7.1184344571856	6.53255301524503	6.80487864093136	6.79793124805993	6.8539654001025	7.00360240900118	7.0315230801207	6.86063503473216	6.71080713072416	6.61776038567243	6.93199658426199	6.86148177514099	6.66596821133032	6.82239662526836	7.54842352281589	6.98163788374881	7.08104703756544	7.0694891735184	7.10226511139313	7.04267281444115	6.85769633176213	6.70690776446936	7.07732069405622	7.13474307636686	7.28010136748181	6.84486361474589	6.95167240019625
C:534	12.5257388054442	12.5557084303688	12.2161401129507	12.0313074425153	12.4185301182817	12.2651200004107	12.1488783955948	12.386362240487	12.3249881558313	12.6414205826522	12.6296134361552	12.1691502516751	12.2372806158323	12.3314743228548	13.0910419756557	13.1826385330171	13.1477335919336	12.3652789337786	12.6054417506645	12.6599644182338	12.4449438724572	13.1501420829999	12.7306704293854	13.1687922056594	12.6347691608916	12.470130698768	12.5104382991212	12.7363360345955
C:536	5.15118487815007	6.35841119036176	5.15372423699025	5.15208180726239	5.64387866914997	6.18572281940923	5.61876284744149	7.20309600134992	6.42259613198839	5.15444715696086	5.15418191425406	6.00274364562021	5.77220713146742	5.15360480665941	5.15273986336673	6.49363527884169	5.15616226111748	5.41149542287995	5.7492287206544	6.23850327361143	5.8339468412042	7.19504593042189	5.90044797371154	7.2192811141153	5.77974249482718	6.23487298497531	5.91388902945719	5.94885117452867
C:537	9.38626448194974	9.56571072739072	8.75904454012471	9.03736400723509	9.7107516909063	9.19456622245461	9.27554604676594	9.26888897931543	9.11595331796861	9.59725665437536	9.19460317884638	8.68560561538654	9.26104634903949	9.33244039057038	9.13692589812694	8.09210902304268	9.02363668574946	7.97793349659565	7.88363317202173	7.58150679182441	8.02622642141743	7.094660095417	7.7929123057394	8.93991216966487	7.80599722471241	8.26172441302444	7.88021427992649	8.00914829193417
C:539	10.5264485963411	10.583460366112	10.1993084881773	10.4135308295888	10.3908289168343	10.3401419440904	10.255559447827	10.0724669664063	10.296964086899	10.6319115944372	10.3310209174775	10.2449868731365	10.2271084467786	10.4017439107311	10.838734538831	10.9647343167084	10.8724563256865	10.5070561676553	10.48132299105	10.5099462985958	10.4382196587135	11.0386836373432	10.4754149918571	10.6722292037343	10.5015945605179	10.2998260744466	10.6986602019506	10.5626194098956
C:542	8.55534765892072	9.25516606715586	8.80682018838204	8.1670895229569	8.90354002085665	8.59818968466921	8.5128651308401	10.1728584172766	9.37961233676941	9.10126169751804	8.730111486861	8.8563237157586	8.61696868256717	8.6183510636617	8.50928601517633	8.99303487156702	8.52451512838917	8.39662911256445	9.21885340826818	8.59822653372669	8.73093869924544	9.52674680194115	9.58820393241305	10.7257295349611	8.74412244713224	9.51104751399195	8.73207473840581	8.59812224252724
C:550	7.59831702229263	7.80102379886852	7.27529848178503	7.47954653971381	7.60167417037251	7.56237466628563	7.48943237674011	7.43503709002074	7.51723765285596	7.51295733804147	7.45713921516805	7.52456410682216	7.24471443411995	7.2827513075788	7.43804085771747	7.44173954160253	7.50671971312488	7.27309328409626	7.40525495122216	7.09470202897073	7.12161089497744	6.99164740735399	7.23347699143809	7.76028226415979	7.4247954681293	7.39017935938346	7.26754386611188	7.18750765872377
C:569	8.98065216084455	8.94339431825407	8.5800667243889	9.05914595733201	9.1585914657718	8.69106060739579	8.79609643200076	8.62916386032199	8.66745439578965	9.05241352213115	8.85300920140843	8.48538059405276	8.6631528177629	8.96943509382586	8.8378067252861	9.00393395023874	8.80423350257048	8.87252649295216	8.93059495582655	8.47582133186179	8.32567132643884	9.23055101631005	8.48188027102483	8.85103592154572	8.89466471401263	8.57079765341744	8.83761094513947	8.56321259269696
C:572	7.95091081085555	7.36857480058871	7.76457578918633	7.79440911255523	7.99743273960509	7.79037930072983	7.91037455720317	7.90845661312398	7.23418754598597	8.06624560213796	7.89557723097841	7.41451387284729	7.83631626762155	8.0932813508892	9.49737950181696	9.1313591702488	9.48114124010523	8.91380822713931	8.78631118136444	8.93060950407378	8.984310526771	8.10386579951355	8.89381635055011	9.32094654181873	8.69336566502857	8.50894788800046	8.41842434461628	8.95207164716524
C:573	11.4500221518381	11.5636874324063	11.2274654959395	11.4331311257101	11.6898689331737	11.0620155287658	11.0728681538288	10.847683636463	11.3613954848144	11.7629541717118	11.2107689332784	11.1149605258612	11.1016079147789	11.314259129339	11.6779886742256	11.7797847262013	11.8117634904036	11.4668456259281	11.4648887512245	11.0947932284937	11.3042160117529	11.2022643684274	11.2401277212145	11.5215173718529	11.2870940703854	11.221845480296	11.5820141592691	11.4065151308682
C:577	11.3640347445785	11.3554286758581	10.9553237682771	10.8604831197976	10.8879083767427	10.7158242905199	10.7216479511873	10.6862048139432	11.0810252960949	11.2608858809676	11.6333239773257	10.7945399876241	10.6176091665425	11.841124617521	11.2274895836584	11.4149971107649	11.0122711104759	11.1607441592402	11.4497306005441	10.8558006609355	10.9327291794981	9.79849686652531	11.9899903704062	11.3535713042474	11.1096202078832	11.1196904348164	11.0693711528582	10.9089835302708
C:578	12.1801545507426	12.4120553096446	12.0864946150338	12.0397837589116	12.356333572726	12.0293424272256	12.1746027559203	11.7224112890107	12.4634198812105	12.5593933962407	12.4054606991835	12.2615050244089	11.911136750535	12.3393908315847	11.9926887729296	11.7536086051245	12.020268716917	11.3485438650078	11.5216111042212	11.3249316749106	11.3043671295586	11.6501016340594	11.4401955387549	11.9006674165392	11.2451422576469	11.212194087598	11.34521505464	11.443827422723
C:579	8.55577895092681	8.45612084454226	8.14152210045201	8.26736919975008	8.68902664451435	8.27987194200425	8.26850575923589	7.55239761683532	8.06404816274408	8.54547655242791	8.04947011599457	8.11363086811542	7.8826430154835	8.19239563468597	8.76881809844909	8.15398316244155	8.7225915498452	7.74695760216019	7.74071210170105	8.00593772210745	7.60218150104895	8.70484539810873	7.44749469883929	8.27095292116036	7.53536724480301	7.63679485682959	7.93988774066313	7.79032292269629
C:580	10.2085395520933	10.3355951409141	9.85393778192185	10.0208865353925	10.2934463362939	9.95521962821358	9.84738842680473	10.1020933685118	10.4118626244705	10.6255294897761	10.3382643557941	10.0021023818019	9.96764380391505	10.1093727041823	11.0446887238617	11.1974203518582	11.1552738570829	9.98981789811999	10.2296899346923	10.0085895915545	9.97418889391565	10.2131380931905	10.4703596163309	10.9970324037499	10.236794391575	10.0964914902066	10.7159533833213	10.2430912057822
C:581	7.71291047501243	7.65190468348478	7.28593058474659	7.40768889504513	7.82767757122111	7.57798351460058	7.32038641604099	7.28282874589769	7.59225002725091	7.62120711720043	7.46595408060497	6.93610401889772	7.25860079950828	7.44467540490792	8.37549165683561	8.58633809181005	8.38634796304342	8.40772419215741	8.56789347610374	8.27913366337649	8.24266257678545	8.40187838128333	7.96210842822352	8.81545268745981	8.79915577420602	7.84328038764549	8.28974115155405	8.0848700730088
C:582	10.1134767862911	10.3816862954722	9.40146213166028	9.81396802236321	10.0736795413018	9.3058711241356	9.32655710102535	9.08501765865994	9.94856218855495	10.3295646929083	9.71179811323211	9.15036556770703	9.31532107893299	9.58760424472071	10.0025917303268	10.7169876071266	9.90620246866074	10.065806221075	10.2065530145574	9.51580059518711	9.46717932040675	9.63489332725361	9.86296396843359	9.99852407831623	10.0770296619968	9.64513243544905	10.1730287783654	9.83549339114221
C:583	9.49760555436628	9.68721036778055	9.03983086226915	9.13965520047251	9.48672916799338	9.09467673131798	8.92267575189869	8.90687256589488	9.39792286101701	9.44483393849657	9.26076256890796	9.28563906445101	9.15480163762166	9.31542789333237	9.45411068086858	9.21198430444237	9.50379475733047	8.96769665203976	9.2536044294839	8.76906124759203	8.86081125507632	9.83949230136583	9.14524082541226	9.6886016380604	8.64626301356321	8.96280372808741	8.93292941280735	8.77653551985224
C:584	7.35369492198977	7.8424941834666	7.04651950676554	7.94992800180624	7.79010913930388	7.88220644632899	7.96049851526147	6.07014025997306	6.93711982689425	7.1326657166353	6.99591410863631	7.38826292252237	7.22312967545017	7.23540390738273	8.44983263852364	9.12748154132135	9.21274785171259	8.28435868187026	7.93793829308323	8.27499833428528	8.05389611198741	9.06574262648203	7.36641369300045	7.91156376530604	8.23650881067721	7.70246369990681	9.14446698715866	8.31667931607982
C:585	9.13832332629555	9.51466446660495	9.08072245011446	9.61514942391442	9.63265286232817	10.131111591078	9.89952733198045	9.30176972405148	10.2081350426632	9.68065197534907	9.38586622714669	9.93822913588001	9.20216904173773	9.46626739002538	8.40474430275436	8.61436578247557	8.33410227715988	8.79278473489213	8.65343351969402	9.385975771859	9.12460861658372	9.2845226262696	8.34957524934139	8.6594991796079	8.22162211993368	8.33574915710797	8.69859671376383	8.89943877513723
C:597	8.38702987121196	7.89915402250109	8.53110809638985	7.80783519186486	7.93919357109144	7.48432957350975	7.3759989309069	9.13734963298027	8.21778506332489	7.98752710137737	8.17178563651163	7.46006495267437	6.97499723009051	7.9822785782018	8.39653692598999	7.84115671594508	8.52529071915383	7.81782990273563	8.27000520508499	7.58969476057078	7.55961712298962	9.1244535707134	7.95265198988761	9.18518727937103	7.98634773270821	8.26473349221198	6.8842826997756	7.71840302668683
C:601	6.23974558881803	5.71348058607551	5.79401974046685	6.0074429000576	5.67382035802047	5.57780601787705	5.7808919493793	5.65183258533461	5.33665585000212	6.0872175340583	5.70441914291562	5.33759525635081	5.43706719719985	6.07814573197771	6.2353847642439	6.01064603283027	6.06133053113478	6.32139194565347	5.87192080385043	5.97197219585776	6.03880416980717	5.34069478160604	6.22659744354575	6.06674405020993	5.58181187817377	5.91404051123573	5.80749763176534	5.74617975370985
C:602	4.96441306599172	5.40520760857945	4.82113614852767	5.11512188891991	5.23608079397291	5.45408065126994	5.1698981440844	5.03746261621275	5.09061076329398	5.16388668870794	4.9702492419684	5.22727953994175	5.07179628900084	4.96869066423139	4.93631084573412	5.05385082714003	4.97777441290933	4.8753797608253	4.73068185782941	5.15725743968592	4.84502633505116	4.96095866948123	4.84269460734461	5.06866814226578	4.9528046959711	4.85428812846042	4.875838459336	4.84124588977371
C:607	10.358564906065	10.6134428428015	9.86757894603558	10.0739300330635	10.4864933168014	9.69888856936547	9.98580838432316	10.5000585426342	10.8644029516818	10.6501710167694	10.2798518108931	9.56972626229284	10.0474421907693	10.4424042493724	10.0193263888408	10.5742357710608	9.763638546196	9.80409590790816	10.0717676420834	9.57049078744719	9.69004230812494	10.9287581919619	10.2164472543812	10.4448760573085	9.5934510477795	9.95542976439108	9.90109240301349	9.8137637359885
C:608	9.15655304406447	8.88639446221619	8.69161583649204	8.810141745105	9.2121658668343	8.76107348415076	8.89369124125974	8.46420853651631	8.69065387494335	9.16809438418491	8.93277737903961	8.64389375199771	8.82236599895622	8.99224908270399	9.32341946945193	9.22965118506407	9.29037199327359	9.12939496110321	9.2589318650787	8.92810756131664	9.12577223968248	8.70103572169323	9.26616321817909	9.35440376748424	9.36098935720016	9.09759653581226	9.36956999690339	9.22962950860005
C:609	6.44966222653594	6.42457397924333	5.88187932244013	6.24664512288991	6.32605357524375	6.2405878792562	6.38584024247715	5.9578061935479	6.11122867859349	6.30467083604114	6.17133446149851	6.09195477123803	6.20423379236868	6.27250042856847	6.42784502002365	6.25957174183046	6.58499174161521	5.94225416156037	5.99319467173768	5.82596507937023	6.05685966615166	6.60394929304385	6.08383069050354	6.20918173333606	6.17169561302363	6.00115416332042	6.30198128967644	6.09204669720737
C:613	7.0738381504017	7.23360415881673	6.68219399908388	7.27259172969596	6.99923853709994	6.61117854421812	7.27673416880508	5.96492464190905	6.60695214754984	6.65440866680388	6.78443601654401	7.08359456855842	6.77597078990119	6.75410408726964	7.22614714043199	7.67116456641833	7.09771763008083	7.46204899383685	7.11931418846724	6.66085019928225	7.56257240833926	6.3687619469818	6.82627183378018	7.05099363024206	6.88539917278738	6.68850999400161	7.61348643592761	7.18706286110772
C:617	10.580983868554	11.0576483657543	10.4328471470192	10.1607416177404	10.724234679727	10.1318595545777	10.2785003819793	11.3241491396293	10.9416260559381	11.0132781648692	10.9207745318019	10.1882438296033	10.4485848976008	10.6753564985941	9.75542423568779	10.4360238407521	9.64470202703187	9.69531695855169	10.1015864556113	9.79979824686264	9.88558735894795	10.6061344854169	10.1430293850603	11.6095858752413	9.80589421044268	10.4075750529216	9.60039722641112	9.62596356171182
C:618	6.16032859492694	5.87406601947298	5.78635405267536	5.71858971605456	5.9386762840787	5.60169655773606	5.70500812968864	6.25803428073822	6.04220734006978	6.25419081641211	6.10900811981108	5.62464558684762	5.78799027107605	5.99123712578303	6.25750853521457	5.91024483724457	6.12253455131905	5.75123440009392	6.34023800188049	5.75284251148536	6.019594927837	5.44255970603428	6.93207891259376	6.38811204045147	6.21714876220447	6.26372484477041	6.18156315897089	6.158921256019
C:637	6.18694081088602	6.31020189508142	6.39941914782461	5.94860580109435	6.17338747044756	6.064242739366	6.03084353356891	6.08989141411432	6.30138838043543	5.7999196115438	5.91125045806808	5.98515841057943	6.10742405646937	6.21807296796535	6.25659438020403	6.07263537899798	6.54669740419159	5.97905500978827	6.29748320903831	6.10814006083145	6.19962564397249	5.5248963293226	5.78398445521078	6.17262231304184	6.11870575201241	5.86420504122341	6.12140026834786	5.8029109122267
C:649	9.61853325003117	10.172352114951	9.5861604501376	9.54049745397223	10.1041833536795	9.71471503854566	9.64534847706376	9.07008760141847	9.94626750117188	10.2818249582212	9.74702664654059	9.4373005342904	9.44395382857539	9.95013311246709	10.3999718675927	10.6248853438622	10.7025932675929	9.61408817794537	10.0278450406745	10.5446992614804	9.81848458812792	9.59540542962648	9.77444616109865	10.3942362437782	9.55850558207903	9.77109419699488	10.0890374367308	9.98866233139266
