id	ann	pc1	pc2	pc3	pc4	pc5	pc6	pc7	pt1	pt2	pt3	pt4	pt5	pt6	pt7	cc1	cc2	cc3	cc4	cc5	cc6	cc7	ct1	ct2	ct3	ct4	ct5	ct6	ct7
C:43	3497	1710	1777	1456	1533	974	1410	1027	1100	2299	2230	664	1443	2156	2288	971	994	1073	1168	584	948	102	1426	1976	657	1164	832
C:44	384	368	182	759	416	521	498	227	362	458	195	352	342	328	626	580	480	569	291	372	477	271	259	342	273	273	415
C:45	517	307	220	592	341	457	419	385	287	377	217	335	416	339	438	409	272	554	300	334	413	124	368	736	370	351	343
C:51	1341	855	835	2131	1231	993	1521	1067	797	1008	892	944	1562	1020	950	604	656	1303	682	606	1156	276	496	985	807	845	780
C:52	141	44	51	645	163	235	253	371	165	85	88	149	224	68	168	160	101	356	88	144	160	63	43	84	97	67	100
C:53	858	492	1003	1059	588	383	1298	610	462	1859	425	744	556	1186	857	510	1243	607	287	257	928	168	242	272	179	159	885
C:54	421	256	186	465	184	383	256	318	219	216	196	296	265	279	33	157	41	260	83	214	128	44	123	262	118	133	93
C:55	536	263	185	1303	490	685	654	1088	128	313	141	228	503	240	437	319	220	876	284	398	600	764	514	1717	272	553	406
C:107	6216	2253	3181	3528	2388	1668	2546	1278	1577	4874	4333	1192	2801	3925	6975	1776	4092	3656	2271	1904	3562	563	3571	3110	1800	1862	2417
C:108	1703	666	957	957	784	326	650	204	377	1241	1087	270	674	1025	2825	1112	2063	1821	1316	787	1665	35	1628	1874	1578	1220	1718
C:109	5932	2897	3100	4016	3266	1656	2531	1345	2122	4487	3655	1442	2861	3610	2977	1788	1857	2985	2277	1387	2142	925	2177	2234	1546	2023	2402
C:127	256	92	149	126	153	79	114	237	220	385	132	28	108	154	333	38	183	189	101	95	168	96	505	505	147	237	211
C:131	16261	8675	11760	14668	11599	7417	11031	4720	8490	17477	13781	6928	11120	15901	4713	2661	3352	2656	1620	1732	2208	2471	2101	2751	1721	1752	2451
C:132	2193	1310	1029	1795	1276	1069	1839	643	866	1921	1691	587	1039	1271	1729	822	1298	1034	581	570	1056	245	977	1102	515	658	717
C:133	728	252	499	431	389	249	388	50	223	565	650	122	444	642	987	458	811	560	334	329	375	53	595	459	335	354	455
C:134	2091	1625	1614	2058	1051	748	1626	238	641	920	1015	719	1126	754	1427	816	1174	1703	803	738	1540	355	434	251	1060	628	1251
C:135	6252	1830	2916	3457	2447	1750	2590	1490	1343	4099	4030	1401	2997	4296	15503	4468	11153	5619	3078	4138	5310	3368	6553	7370	4139	3268	5591
C:136	690	388	417	740	349	364	584	70	182	377	564	345	640	295	497	419	311	551	222	277	501	23	61	97	291	186	379
C:137	75	44	22	132	15	131	76	37	34	0	54	78	95	45	256	242	232	234	119	189	158	91	179	181	198	127	181
C:138	1071	128	275	269	295	105	190	88	57	425	326	35	211	575	937	67	419	39	11	12	33	187	56	306	0	74	30
C:139	3436	1141	2169	3139	1334	977	1644	638	1104	2683	2088	1137	1614	2184	2479	1251	1610	2349	877	821	1509	439	1664	1129	1316	1054	1491
C:140	1447	224	1145	1075	556	560	943	528	256	840	1046	378	1015	1156	1025	172	651	796	325	457	915	315	812	378	684	695	520
C:157	2785	1819	2074	4544	2108	1670	2479	649	920	1698	1708	1314	1948	1609	1218	1054	1075	2044	844	774	1554	172	297	418	1254	611	1304
C:187	277	208	126	191	206	33	183	97	113	307	176	43	201	217	211	144	116	119	75	32	103	54	97	163	42	95	120
C:188	275	56	75	109	100	58	142	254	43	145	121	14	115	175	141	20	46	47	16	0	48	253	89	595	32	96	25
C:191	1176	278	474	743	410	324	516	168	219	647	656	178	532	844	649	253	376	399	220	207	247	129	303	413	251	222	233
C:192	789	320	475	636	418	217	404	128	182	524	488	154	319	523	647	306	459	388	167	171	231	153	242	352	213	190	394
C:195	36	170	182	30	344	41	95	134	97	403	205	13	163	188	93	701	714	48	905	343	450	192	805	207	795	465	698
C:203	26	68	54	41	94	12	32	21	34	34	13	0	18	65	27	39	12	38	61	15	22	11	14	43	41	17	37
C:205	30	413	21	79	355	238	181	38	149	72	109	44	162	41	29	291	42	35	104	69	85	41	0	95	48	102	55
C:206	201	81	56	91	99	59	78	34	25	143	54	0	58	76	596	251	533	286	173	203	243	76	336	467	333	198	314
C:208	473	238	250	227	295	95	202	93	173	357	282	67	133	256	195	75	108	142	146	49	117	0	103	134	62	109	92
C:209	2372	1467	1200	1911	1658	855	1359	718	1062	2166	1338	515	1472	1898	1844	1624	1431	1114	922	654	1210	636	1068	1143	885	1054	1391
C:210	3190	2087	2637	6178	2563	2298	4238	544	1214	2142	2011	2208	2811	2138	2409	1231	2037	2758	1084	1109	2456	729	455	688	1409	898	1775
C:211	8647	4566	3665	4214	4769	2626	3778	2692	2877	6252	5542	1736	3989	4773	10637	4363	7473	3056	2416	1829	3024	6245	2838	5849	1914	2467	2890
C:212	324	178	208	100	132	90	108	84	94	217	235	69	125	191	287	138	211	153	162	117	168	0	251	163	117	159	111
C:213	1044	573	630	756	796	452	644	268	499	962	768	230	592	865	1529	1205	1378	773	547	474	526	205	493	601	486	424	590
C:214	2997	2096	1867	3429	2322	2159	2412	1157	1697	2859	2068	1516	2229	2519	1772	777	1459	1001	578	815	941	407	631	1436	509	684	766
C:215	1778	1114	978	1804	1350	641	1042	436	705	1863	1063	632	845	1218	1286	677	936	654	282	268	551	257	412	792	346	337	523
C:220	1445	930	613	1404	1362	698	1081	383	562	1130	637	372	610	886	1382	1171	1129	985	682	519	936	240	439	515	765	558	885
C:221	789	370	426	361	413	194	339	151	164	432	441	137	310	455	805	217	485	204	194	97	156	77	215	357	105	181	154
C:240	0	74	0	86	31	41	18	57	43	0	11	51	11	0	0	72	13	91	40	74	57	25	41	61	38	40	41
C:241	119	162	148	219	314	97	169	60	139	125	51	54	139	166	53	105	77	138	128	14	99	0	14	52	90	123	51
C:250	290	238	279	210	261	124	166	72	328	387	268	59	178	310	143	77	210	121	91	73	145	68	132	47	36	73	108
C:252	1081	296	413	454	436	248	403	199	220	789	577	101	422	708	1092	327	753	394	249	261	345	141	347	596	355	279	428
C:253	450	847	268	787	534	689	671	226	715	427	404	537	713	419	1063	698	774	533	322	534	642	290	322	633	339	472	426
C:261	1637	905	1162	1689	1200	848	1094	402	585	1247	1041	603	893	1007	2152	625	1849	1137	683	571	1001	347	615	951	658	712	774
C:279	178	935	192	765	809	457	736	452	640	529	326	293	518	402	139	624	137	436	343	242	382	289	204	626	201	504	252
C:281	8645	901	4852	5916	3052	2495	7551	3253	966	4720	5237	2595	6972	5863	6487	886	3048	4198	1856	1980	6768	890	4548	5191	2340	3857	3048
C:291	3423	300	1619	2663	472	735	1089	929	195	736	1301	423	915	1261	863	106	452	748	226	251	445	426	639	1054	472	370	328
C:293	949	18	447	694	144	205	513	182	46	308	469	114	472	715	735	10	352	432	60	150	410	52	191	120	203	161	213
C:294	623	0	253	220	70	70	141	131	0	118	260	31	160	447	338	0	174	134	24	58	91	29	122	166	74	55	26
C:295	673	0	254	323	158	219	496	186	0	190	329	77	264	642	1745	23	1171	273	10	171	317	189	245	520	148	158	151
C:296	1116	26	708	735	234	276	676	194	29	448	793	88	658	932	1251	0	664	446	75	201	691	62	441	603	266	277	225
C:297	1511	38	727	491	189	231	403	304	25	400	744	92	387	1011	1352	43	714	454	137	175	562	147	720	759	219	295	206
C:298	3698	111	1612	2374	726	1022	1962	1576	180	1404	2162	673	1783	2907	5522	168	3946	1321	229	617	1425	734	1036	2203	667	838	709
C:299	4117	222	2135	2930	821	1290	2291	985	322	1532	2681	877	2061	3142	2420	128	1402	1480	289	631	1537	133	970	1050	845	689	670
C:300	1054	52	614	865	209	299	569	264	65	499	791	166	691	874	2391	179	1569	1074	246	629	1264	472	1057	1152	947	725	872
C:301	3589	168	1409	1637	803	819	1642	525	209	1398	2289	576	1527	2591	3334	179	2009	1209	285	586	1449	334	980	1521	733	676	765
C:302	783	37	321	571	162	162	424	97	47	288	410	138	345	534	624	47	369	383	105	182	391	156	262	248	376	195	232
C:303	8188	612	4406	5438	2332	3714	5240	2684	744	3709	5653	1930	5819	6732	13004	955	9056	5575	1281	3895	7285	1782	4661	4713	4185	3522	3422
C:304	14641	952	6958	10680	3239	4144	9327	2459	1109	6087	10167	3862	9015	12383	11795	1091	6828	7870	1607	3568	10248	1591	6001	3651	4679	3225	4429
C:305	8528	482	3822	5841	1891	2055	4958	1651	629	3341	5567	1906	4737	6270	7796	687	4365	5092	1152	2052	5680	1169	3705	2444	3157	2057	2722
C:306	1578	30	805	925	139	423	820	323	10	364	732	237	699	1150	4999	212	2854	1624	276	944	1881	815	1426	1323	768	595	821
C:307	767	0	248	330	13	57	214	178	0	101	245	49	0	707	537	0	209	194	16	50	200	58	179	250	0	77	0
C:308	1666	56	798	1322	340	444	873	422	108	650	1071	390	1199	1518	3726	386	2415	1919	349	1184	2318	856	1554	1302	1583	732	1565
C:309	516	11	171	377	126	136	355	56	15	178	275	61	291	419	689	31	445	248	30	126	286	32	161	121	83	89	107
C:310	1118	39	409	659	132	188	494	232	58	363	751	171	544	783	786	31	334	533	88	158	554	94	417	274	358	212	239
C:311	319	0	94	100	11	10	66	10	0	61	120	0	68	178	341	0	147	68	0	22	60	31	114	152	33	40	87
C:312	1311	66	629	1065	317	474	821	188	111	548	956	393	1034	1321	1531	119	965	909	162	414	1118	314	728	451	565	329	536
C:336	138	47	30	71	53	34	34	0	22	83	47	26	63	39	15	80	18	40	22	12	24	0	11	27	44	32	39
C:340	373	259	180	164	278	103	171	122	141	352	288	24	143	222	253	250	112	146	129	115	122	102	193	416	102	166	153
C:343	2471	483	1611	1660	845	788	1128	518	413	1117	1618	564	1041	1756	1543	316	1164	1190	466	465	906	170	616	1161	626	573	500
C:344	3593	910	1996	3722	1733	1336	2138	399	559	1703	2201	1157	1698	2044	4302	1025	2926	3109	1041	1381	2262	1132	1406	1460	2159	1059	2083
C:345	1542	55	852	1236	317	411	614	298	45	403	765	268	793	1220	3754	311	3228	1568	440	1095	1517	776	976	1491	989	496	1225
C:346	3093	744	1899	2178	1000	1033	1023	1360	611	1488	1642	675	1552	1576	2389	456	1982	2189	1025	924	1485	653	2328	4460	2108	1683	1426
C:347	2530	522	1613	2270	921	1365	1554	1575	561	1121	1560	865	2241	1788	2871	639	2386	2667	1136	1651	2680	839	2061	4135	2892	2040	2357
C:348	360	15	182	254	90	68	133	64	13	127	240	38	101	187	278	10	206	207	56	48	121	53	221	588	187	82	111
C:349	145	11	122	121	17	42	271	0	0	12	445	12	73	31	200	15	147	93	10	40	192	146	115	190	81	74	49
C:350	362	99	265	203	138	160	238	161	117	325	341	59	292	299	475	121	303	330	153	143	295	72	409	489	259	235	239
C:351	267	40	166	226	52	121	118	109	64	134	158	138	123	127	294	45	190	234	80	133	191	28	342	572	208	83	162
C:352	190	25	58	169	74	31	61	30	11	76	156	14	85	65	258	10	194	240	84	91	127	20	181	144	189	128	122
C:353	107	25	97	86	37	31	41	0	11	44	81	12	42	71	83	0	67	118	19	45	91	0	68	59	104	38	50
C:354	257	38	144	180	52	75	107	81	46	87	214	51	187	208	133	35	50	159	48	61	123	0	120	150	128	128	101
C:355	271	31	200	331	95	151	203	186	33	81	132	82	193	199	119	0	132	261	53	84	215	158	194	803	178	156	36
C:356	252	37	195	254	101	178	175	94	17	118	147	105	193	158	370	48	350	320	94	156	287	277	216	370	288	143	232
C:357	206	55	185	166	53	79	139	30	29	98	200	96	87	102	141	19	139	168	43	60	174	10	182	280	62	83	72
C:358	20	0	28	21	0	11	11	10	0	0	0	10	10	10	24	0	22	10	0	11	20	0	0	135	0	0	0
C:359	51855	5288	32661	29433	13288	16179	20979	14437	5124	22134	35934	11133	23713	28123	41623	5936	31904	31727	13412	16343	27475	6452	43415	54644	27681	21852	27103
C:360	5475	450	3211	3108	960	1457	2067	830	371	2330	3722	1140	2370	3243	5768	370	4282	3402	1072	1738	2856	254	3612	4077	2470	1538	2918
C:361	2840	211	1851	2549	741	840	1667	1428	188	1068	2182	875	1647	1785	4045	365	3856	2659	695	829	1615	1447	2323	5250	2133	1392	1799
C:362	891	39	489	599	191	175	314	73	27	249	436	100	336	482	1175	150	1204	796	227	469	537	154	813	1065	851	347	803
C:363	980	16	546	773	160	306	539	252	15	250	599	210	369	512	1773	228	1542	1244	371	537	765	193	809	1512	1177	449	813
C:364	860	47	478	713	186	125	361	59	64	282	479	113	322	503	1003	92	776	954	176	184	335	190	372	480	434	159	358
C:365	974	71	569	776	241	213	473	82	73	441	671	186	494	680	1415	155	1155	807	286	299	557	265	592	732	764	284	544
C:366	414	19	199	297	44	95	131	124	14	89	279	96	203	175	321	11	172	237	34	38	84	44	185	385	117	55	139
C:367	489	34	340	106	101	124	216	144	41	191	394	142	237	297	430	39	367	152	163	148	296	111	457	714	317	81	293
C:368	189	0	123	189	42	77	214	219	13	53	129	109	118	74	1496	251	1490	891	339	384	706	261	921	1710	1017	343	935
C:369	318	14	62	157	61	45	125	19	0	106	75	19	23	120	373	15	248	129	34	44	120	0	118	175	102	54	99
C:370	643	39	303	1554	177	119	238	27	24	238	421	89	225	380	1151	101	947	1211	223	252	356	279	499	524	574	236	456
C:372	669	12	296	447	123	100	221	26	0	207	392	58	210	377	834	75	635	485	141	161	275	28	318	390	401	170	311
C:373	52	0	35	57	19	36	76	132	0	0	37	15	53	23	511	76	506	338	114	118	219	76	274	464	346	116	257
C:374	271	0	80	188	49	63	174	33	11	63	117	46	92	108	418	55	422	243	80	106	133	69	128	238	297	69	179
C:375	357	26	230	0	84	57	152	10	0	103	207	58	119	188	568	48	513	0	69	87	134	121	158	188	230	0	178
C:376	549	70	257	255	162	199	181	266	38	137	380	102	264	277	716	111	550	381	160	235	270	51	589	1007	362	360	367
C:377	148	0	82	118	24	19	57	12	0	36	90	21	62	66	121	0	43	84	12	0	69	0	45	52	24	32	56
C:380	3907	1233	3452	4907	2186	2088	3607	1521	1296	2330	2900	1766	3898	3718	2926	1188	1957	3236	1281	1720	3063	1066	1761	991	1967	1856	1972
C:391	61	0	20	10	11	10	0	0	0	0	14	0	11	47	101	10	11	0	0	0	0	0	0	0	0	0	0
C:392	3034	1435	1643	3462	1994	1849	2435	1228	585	1719	1390	1006	2022	1985	2056	658	1510	1409	645	729	1240	205	478	896	690	591	550
C:393	430	190	316	643	193	330	437	449	71	200	285	230	443	232	226	206	172	377	93	210	359	112	107	431	275	232	129
C:394	2150	827	469	1205	696	741	677	708	589	1735	1350	244	1323	1665	1663	872	508	1026	352	599	666	203	746	798	368	776	696
C:409	486	355	259	518	423	193	438	78	176	482	341	134	250	418	279	102	279	61	29	22	86	81	38	108	61	71	141
C:412	6283	3286	2573	3185	4758	2274	3856	1474	2111	5120	4200	1206	3880	4111	12879	5571	10500	5077	3991	4033	6043	1196	5199	6058	4080	3799	5874
C:414	277	180	210	372	160	250	351	130	100	242	230	176	266	217	222	115	149	260	92	168	225	25	145	181	128	144	111
C:416	1386	1050	830	1129	1382	811	932	856	737	1475	962	391	878	1125	3608	2316	2827	1690	1348	1169	1474	1189	1402	1983	975	891	1489
C:421	1664	1286	1104	725	1042	414	724	989	810	1632	1427	335	1022	961	1056	815	655	723	772	236	660	261	918	1021	463	977	474
C:425	562	243	259	365	287	218	306	92	148	330	329	117	253	369	711	422	707	289	178	202	182	81	276	391	179	190	291
C:426	410	191	223	445	318	238	309	129	81	253	201	94	207	152	872	394	1325	413	170	444	412	81	70	945	633	667	435
C:432	133	112	138	229	94	126	157	24	44	99	119	90	94	97	349	205	350	183	69	113	165	140	83	124	94	64	239
C:433	1157	340	587	804	641	407	562	238	334	875	687	224	617	754	1274	528	907	907	529	589	856	369	717	593	818	589	815
C:434	1434	496	525	766	555	313	630	390	318	1040	848	156	620	757	6536	597	4384	614	309	363	872	2868	706	2394	477	736	1036
C:437	13492	10667	10222	16161	11729	6189	10976	4275	5959	12503	8058	4982	7967	9114	11964	12803	10307	12923	9909	5891	12045	5379	4782	6259	6757	7821	10042
C:439	805	201	363	663	407	244	547	375	294	508	504	217	447	562	400	139	200	234	96	73	222	279	208	554	172	222	192
C:444	275	214	183	457	267	259	245	184	100	352	197	153	221	216	258	279	199	266	155	144	197	41	106	138	156	125	229
C:445	1882	1004	1049	1842	1621	750	1183	524	819	1959	1202	626	1001	1351	1301	1125	884	1109	861	457	944	213	640	608	703	619	1066
C:461	565	193	203	292	331	133	227	92	132	336	209	60	199	259	370	219	197	396	256	122	278	48	223	139	151	228	283
C:462	637	501	355	480	258	457	323	175	302	362	396	211	356	330	1112	365	514	328	239	267	252	843	822	625	118	429	380
C:463	763	638	269	452	359	361	373	160	307	553	486	269	385	379	716	390	490	199	190	216	268	97	214	519	137	256	231
C:464	424	193	240	397	217	228	232	64	173	350	239	104	261	231	911	371	685	244	144	150	326	140	201	329	130	154	199
C:465	738	358	308	499	541	207	357	157	263	711	403	137	317	498	517	219	322	239	141	125	161	166	170	351	161	153	179
C:466	607	187	231	224	172	111	143	96	82	422	311	22	162	308	2562	1028	2025	650	496	636	839	485	879	1289	544	538	915
C:468	1178	476	684	1850	662	428	669	387	333	733	563	346	597	507	1134	500	792	2003	620	528	845	84	446	481	1226	573	743
C:469	467	271	173	434	172	297	235	273	285	334	217	170	154	132	462	224	281	401	245	288	258	267	290	713	242	301	248
C:470	36	23	0	17	22	14	0	34	10	32	29	0	24	14	172	129	161	81	70	41	78	32	117	204	31	81	62
C:474	311	152	169	374	73	131	169	40	38	93	122	86	121	105	439	193	330	259	88	131	234	28	76	71	119	60	160
C:476	271	26	65	82	61	54	21	37	0	118	144	0	69	156	350	80	237	124	80	105	219	74	165	144	95	113	56
C:485	419	74	145	282	180	111	154	105	36	272	210	46	220	168	333	166	237	367	179	96	314	0	203	303	221	192	196
C:487	122	62	62	109	65	69	78	11	29	72	85	40	58	62	130	118	84	136	51	50	73	0	55	12	112	31	141
C:489	453	324	334	847	261	461	482	366	140	325	287	298	857	268	286	222	262	833	298	391	745	266	251	696	461	449	264
C:495	10689	12761	4798	12341	16766	7921	14424	2305	5686	7474	4411	3207	7029	7599	16059	20141	19011	14173	12996	9704	19012	5720	3110	6706	9103	9555	17005
C:496	614	286	310	334	213	145	212	89	113	390	475	93	198	262	372	184	177	307	193	121	188	0	291	234	190	170	252
C:497	266	133	179	295	171	123	190	54	48	211	136	124	193	221	222	85	157	134	62	43	126	28	48	44	72	89	111
C:498	159	137	114	205	195	63	140	84	67	150	90	33	115	164	130	103	93	91	65	17	66	35	46	74	44	58	54
C:501	4888	2878	3157	4823	2897	2229	3037	1509	2237	3998	3608	2077	3827	3198	2952	1615	2074	3199	1611	1629	2744	1545	1893	1840	2530	1957	2667
C:502	208	62	90	252	83	83	109	53	23	177	99	57	131	132	159	152	113	250	119	73	194	130	204	501	171	183	115
C:503	246	372	124	201	228	181	207	587	395	321	150	105	185	148	149	314	104	138	168	166	203	609	307	906	170	427	250
C:507	134	84	100	138	44	48	105	85	48	108	102	36	74	103	58	79	53	82	56	29	127	286	53	81	74	101	76
C:508	6161	4591	2664	8829	5185	5708	4870	1950	3290	6528	3497	3746	4245	3895	4538	5185	3480	5256	3273	3633	3343	2350	2870	2769	2535	2332	4284
C:509	3898	2254	1440	2165	1622	744	1059	559	996	2163	1805	475	1094	1387	7647	3046	4658	3844	4554	1748	2588	2937	5112	4716	2741	2928	4247
C:510	616	378	430	738	434	238	404	29	133	338	237	163	337	268	539	281	389	609	294	184	445	76	89	130	240	156	336
C:511	6402	3436	4041	8824	3789	4253	4148	2053	2061	5311	4075	2908	3613	4209	3253	1901	2347	5635	1887	3917	3922	511	1615	1351	1705	1472	2150
C:512	112	0	111	154	16	57	59	18	20	25	53	28	44	40	61	0	48	112	31	40	58	38	41	115	39	20	46
C:513	941	366	448	460	453	156	366	110	205	615	656	124	279	562	1074	509	1015	357	269	285	298	383	608	633	389	322	515
C:514	342	212	147	134	166	159	120	136	111	282	226	58	154	223	466	237	401	112	97	180	127	270	241	595	72	158	89
C:515	3561	1133	1222	1420	1331	656	1166	550	766	2233	2093	484	1252	1880	3135	1034	1826	1449	1026	663	1582	120	2113	2050	1292	1166	1557
C:518	1362	487	784	755	635	432	660	232	314	866	723	248	625	883	2768	1462	2192	1513	1024	802	1199	1004	1763	1486	1433	1099	1878
C:519	770	413	504	695	735	364	628	353	491	959	584	350	630	807	470	226	297	262	201	131	266	311	270	393	185	275	323
C:521	23	0	33	37	15	20	15	121	12	0	14	0	0	13	0	0	10	47	11	29	14	128	64	241	12	29	0
C:522	22	13	24	57	10	0	11	177	41	49	13	0	52	10	0	0	0	0	0	0	0	169	139	318	10	13	0
C:532	137	99	36	112	105	58	84	23	38	52	63	38	93	42	593	387	477	447	281	297	493	35	361	432	420	279	410
C:533	193	140	72	162	103	92	177	101	77	100	84	77	132	100	153	255	140	204	117	122	182	48	79	133	167	208	114
C:534	11258	5058	5994	6255	5742	4015	5336	3606	3505	8107	8259	2674	5538	6751	14775	8568	10677	6594	4779	4963	6728	4573	6994	8815	6312	5441	6314
C:536	0	116	0	0	37	91	41	294	109	0	0	48	58	0	0	138	0	20	34	86	67	188	62	366	47	111	70
C:537	1655	866	607	1009	1282	615	987	534	469	1326	911	261	931	1120	1022	171	625	236	122	80	238	21	142	464	142	250	175
C:539	2863	1322	1467	2239	1412	1080	1469	664	856	2055	1586	715	1367	1815	3065	1851	2177	1902	1084	1102	1691	1091	1411	1459	1422	1169	1917
C:542	617	572	574	341	508	292	392	1172	554	724	501	282	422	473	466	424	326	348	498	253	482	403	947	2387	387	861	427
C:550	434	254	187	318	245	186	247	124	144	249	236	128	161	192	273	147	208	179	129	75	130	36	128	243	171	162	149
C:569	1050	441	471	996	714	343	571	257	276	737	610	196	470	741	714	459	473	631	393	231	316	321	308	404	486	336	510
C:572	390	76	216	278	232	143	247	134	52	292	243	61	215	332	1693	626	1146	792	404	466	810	110	593	791	470	383	387
C:573	5483	2660	3147	4704	3829	1728	2580	1135	1886	4728	2941	1320	2537	3458	5368	3150	4164	3768	2197	1544	3082	1021	2339	2597	2401	2258	3516
C:577	5408	2347	2614	2959	1957	1337	1987	1046	1556	3196	4613	1047	1723	5936	3799	2414	2142	3038	2311	1322	2335	280	4907	2377	2178	2196	2346
C:578	9509	5110	6160	7307	6246	3749	6310	2285	4561	8638	7765	3354	4768	7826	6398	2759	4511	3017	2069	1705	2749	1378	2512	3283	2058	1993	2527
C:579	902	352	389	561	589	295	430	90	187	579	329	175	253	420	912	239	596	223	129	182	172	250	109	287	123	143	243
C:580	2213	1095	1083	1598	1350	773	1018	723	1005	2145	1678	590	1108	1433	3933	2432	3004	1202	893	708	1123	520	1474	2095	1157	1006	2048
C:581	358	144	135	202	234	134	135	69	113	205	169	33	117	175	646	439	450	570	399	284	447	196	256	587	661	216	418
C:582	2326	1316	804	1511	1257	466	704	296	739	1859	1047	287	666	987	1662	1758	1040	1503	1006	502	785	339	942	923	1142	744	1401
C:583	1541	817	671	924	856	456	559	299	519	948	806	406	688	912	1173	488	849	596	473	276	503	509	552	830	312	445	482
C:584	230	192	101	436	231	208	338	0	44	107	88	79	121	138	707	773	1082	500	195	286	364	399	121	212	356	187	1049
C:585	1083	697	718	1535	1007	1314	1554	466	1169	1221	935	794	739	1084	383	261	242	506	253	547	686	295	233	286	196	225	383
C:597	773	188	641	333	254	110	138	640	237	312	402	77	63	341	622	170	495	262	267	111	175	407	238	823	244	341	45
C:601	257	33	68	142	37	20	62	22	0	125	49	0	11	135	203	70	100	201	47	59	112	0	130	82	23	67	57
C:602	48	82	12	76	70	94	69	24	30	66	33	40	48	35	33	30	28	19	0	39	14	11	11	33	23	12	16
C:607	2682	1493	1172	1776	1701	634	1247	1114	1609	2294	1663	404	1268	2075	1538	1402	821	1057	804	482	895	1071	1211	1292	642	922	978
C:608	1153	376	486	688	687	337	578	191	257	758	605	214	511	690	1094	531	727	758	508	352	717	163	670	630	727	550	820
C:609	240	100	35	137	105	70	141	25	42	116	88	35	91	119	183	69	171	44	31	14	62	76	54	64	67	41	101
C:613	285	159	100	335	142	55	258	0	45	87	116	95	109	117	286	281	162	339	121	53	368	15	97	122	106	73	348
C:617	3118	2120	1910	1821	2002	917	1561	2242	1626	3022	2858	704	1757	2433	1116	1159	686	893	780	573	1026	747	1063	3535	750	1345	681
C:618	170	37	45	43	57	12	31	75	49	133	102	10	41	83	164	40	86	38	95	22	80	0	307	116	97	106	101
C:637	165	93	177	79	90	56	76	48	78	35	54	33	88	126	152	54	178	67	82	54	109	0	26	71	72	35	81
C:649	1388	1049	946	1117	1261	690	951	283	718	1730	1056	378	741	1380	2373	1571	2170	935	824	1337	1090	317	840	1316	664	822	1258
