pc1	pc2	pc3	pc4	pc5	pc6	pc7	pt1	pt2	pt3	pt4	pt5	pt6	pt7	cc1	cc2	cc3	cc4	cc5	cc6	cc7	ct1	ct2	ct3	ct4	ct5	ct6	ct7
C:1	15.5334452664394	14.4357741478049	15.0291052665858	14.9344049372313	15.0554828369752	14.8084230408024	14.8137547791638	15.3983710635084	14.7867965878551	14.9559631544588	15.4543115473085	15.0537076669738	15.3461650729316	15.0573748664524	15.3499627453868	14.7221883905241	15.1643410975451	15.2078838415772	15.1145759894381	14.9891751092043	14.934690250499	14.3276725178937	15.887311616357	15.5045873012113	15.3450721631543	15.4923177902334	15.1727219963726	15.2708952673594
C:11	17.4068135712509	19.8825302245547	19.4949809913044	18.1707353641425	19.3083697543171	20.8715310108739	19.1954247934771	20.8573367454703	20.5874844453138	19.2605093550997	19.0495239268857	20.4662819907064	20.3149251567951	19.410400542502	17.0820442837774	19.7231438716405	19.4483808841759	18.0668254351661	19.2602081635541	20.8246885510875	19.2660691465935	21.7232044477631	18.8200786193775	18.9653099322289	19.5645110319442	18.9523861984252	19.5614117565187	20.4691877277519
C:12	14.7514379660188	15.22674262446	15.4465582759841	15.0240551605409	15.1608356412084	16.6118633538603	15.7665526676187	17.6792818424819	15.8871130599082	15.4551185021221	15.2969907992343	16.566591572573	16.820490326844	16.1432357397472	14.3558653543656	15.1467092962603	15.4114273684081	14.9177153673198	15.1198049009135	16.5803613924327	15.8273994978181	17.0372888425966	14.9325342048738	15.2237717804895	16.1343379360075	15.8399085291176	14.8897845024543	16.8225953495532
C:13	8.65038547501888	11.0239538491511	10.260007403695	9.12321917822578	10.128191740966	11.6703602321792	10.0922648604608	11.6107358675682	11.2077824014866	10.2273067328936	9.80146627051101	11.5045477117372	10.9673834650101	10.1004808672129	9.18327569695227	11.4238577607987	10.3805180597176	9.88408621468904	10.9281184584259	11.8458927613908	10.6320355621637	9.56916410244214	10.4550262994496	10.6174668359592	10.9093937312601	10.6726649805615	11.1171261041946	11.7574133002222
C:14	8.60051732621649	10.606937967698	10.6603676876171	8.91901645219936	10.4629504693874	11.6084278637871	10.0107145012976	12.1935089290233	11.6212922675092	10.8235865153843	10.6121756792457	11.2006034554205	11.4421752529761	10.5013394546219	8.16849396912936	10.8268406329616	10.4160887480027	9.00016627435294	10.5112917780786	11.4839816086094	10.0719464841527	9.19088500220446	10.6987992440145	10.3964204049041	10.6846054022913	10.2862857185924	10.7345023141516	11.8402014502889
C:15	6.93139317651899	7.87216723301751	7.60093201544698	6.67275536047268	7.64194296335778	8.53181321543156	7.36690660891118	8.40303807111603	8.53209459792095	7.23995979637695	7.08961238343629	8.13046583556949	8.04763766484118	8.31839355768581	7.02911321646627	7.92028502679576	7.78634846628742	6.70146203264539	7.54687949703335	8.69857616499843	7.45505089470588	9.68028396732166	7.13502672761415	7.03615839311275	7.57069916551251	6.98868261072145	7.79170156832689	8.49336583870256
C:16	8.33130868107905	10.050469312176	9.47602479744375	7.78214949815116	9.42301142348859	10.3438345423638	9.30485649830141	11.490106312277	10.7146089056342	9.18397393850087	8.98618624825479	10.149377606015	10.5214358899701	9.69205822608352	10.7676737760401	10.4393833789485	9.60848167804633	8.17062638598935	10.033098999779	10.4739485453262	10.1572276629957	11.6622381970597	9.66287891899965	10.6128359420808	10.565004207479	10.5699588625369	9.89700820506201	11.3699019598645
C:17	7.86011833171783	9.22571631321928	9.14263955728589	9.13098946356875	8.85174604366558	10.6231149374462	9.28854931061566	10.8134812983509	9.92305910467201	8.83582110371908	8.79033787005758	10.3717929199156	10.3907310876461	9.34204055227587	7.59129362524722	8.93654261442155	8.98234540512719	7.9834834728515	8.80342862602837	10.0630407932571	8.86744503561169	11.4107940492125	9.12635858539095	9.93745805535881	9.79406415964564	9.78767510775432	9.27527449519439	10.076777721289
C:18	4.9159840186865	5.76928803201925	5.09020517732271	4.54132751112004	5.90751792122897	5.8263739047136	4.57276233038525	6.58468196824534	5.88006279793531	5.16330577336472	4.57243940174416	4.69088092017352	5.54811417291837	5.38273702728605	8.81326838340236	7.90188992052673	7.52815183203267	6.95959152735501	7.3513644239414	7.93994624309161	8.25714746420616	9.39224174752616	8.79738947563101	12.151398192903	8.14621392570758	9.6391972830031	8.04246875330862	8.20473157151303
C:20	5.5546901514822	7.32635030393623	6.84503796425263	5.51897306766176	6.47883684593697	7.89309236560497	6.64159767137682	7.91704630962661	7.61345094452358	6.47800951204443	6.06338176205256	7.57789621168657	7.46044536607666	7.03880846254832	4.5988684170752	6.66737782584037	6.43340947522441	5.21661926512235	6.56511605970666	7.5341607069199	10.2270391785384	8.25466023066186	6.30258343729927	6.46862831470786	6.5727689734317	6.43509114407881	6.50023879332054	10.869195228165
C:22	6.30459524033386	7.90076342607398	6.35284868854448	6.9560012951059	6.9169494587904	8.23373948125862	7.01735995993136	7.12543338942516	7.42768474415486	6.54379141850515	6.56748355423224	8.56785396330562	7.48992770930744	6.39056279532598	6.25802411156235	7.98937772202289	6.75014977346746	7.01672441332873	7.15007453281506	8.3372087289474	7.33234344979872	6.37449165447712	6.87932552197347	7.17923866940935	7.5552914254146	7.09306072404067	7.8207043652019	7.70397585735558
C:23	5.7423284932631	6.81405426058341	6.82265291096768	6.11855219911795	6.67277532107135	7.77204204030733	6.64574800365887	7.70353220085186	7.36857107494794	6.69804694467294	6.29067644861276	7.48642435502217	7.46033608169046	6.91699006257083	5.8692074137676	6.96462782701916	6.91417695810192	6.04489139918212	6.59935088644479	7.56134932430562	6.76010162457735	8.39982606484002	6.35285902333998	6.65000091841502	6.7491493191196	6.46226277494501	6.86515334858912	7.64819525633251
C:25	16.1696084124991	18.68837342568	18.0007802340321	17.8562018749114	18.0114882570116	19.4598854434734	18.7839831824958	18.9847605272376	18.9217959363455	17.4867736206766	17.5469678200635	19.594207304763	18.7906909170903	17.9444622709827	16.2234236643674	18.5579906728005	18.213937190356	18.0892264563936	18.2836007127653	19.6992939602075	18.9376254484865	19.3215093427079	17.7018884176485	18.3521331768101	18.8170787654968	18.5363027799686	18.7274897877756	18.9479203970377
C:26	9.86789374758445	10.9008213271343	10.555842350181	10.1777901150837	10.4686231321155	11.8544495840158	11.9597065533896	11.586604491876	10.8386926676579	10.0352993330344	9.71350670400605	12.5443414512675	12.1596431941599	10.9305284765997	9.19124966137033	10.1280157476363	9.14884278006232	8.54521786945358	8.69166172358639	10.0601229521432	10.0539376100434	9.7774689962979	8.30800616043814	9.51845867268622	9.8935654262094	9.77835843430738	10.3108111330355	10.1561686783382
C:27	11.1377329596163	11.7666314906178	11.7433249199966	11.237321068988	11.4347800853185	11.4194083182705	11.5958791200381	12.4104892942077	11.7484620485747	11.4591788159872	11.207081408723	11.9539359801102	11.6127807014758	11.3338342582679	14.2611591412802	16.8698710552996	16.72963049552	16.4517535078577	16.6720259629375	18.3077536808164	17.4100250532038	17.7136854558272	16.1238978021628	16.7436539754776	17.3101173130484	16.9160544439957	17.3359381128288	17.5052773004053
C:28	11.0519458172624	11.1506738794448	11.6265615347999	11.5122545788858	10.9727396583183	11.8794402395741	11.7096016721113	10.0537674881548	10.5781335203521	10.5398864357383	10.5759976385851	11.5775603638049	10.7602812820262	10.9128332038617	10.8690345424284	9.88380678632127	11.2945053148394	11.8082957184073	11.2882522401243	11.6430025772432	11.9384965977622	8.14953833023852	9.90953286062659	10.2670183627635	11.1100105754555	10.7441667432939	11.2078101380762	10.5234647958784
C:30	8.7620520788086	11.4725485257455	11.2848179845947	9.76727075733817	10.9923235158725	11.6056635532151	10.5979291725011	12.4460260224236	12.2006386524608	10.9387219495019	10.808608305701	11.4887168465147	11.74560698668	11.4361356006644	9.7812539063211	12.188305411621	11.8160655201702	11.6691422387702	11.8480145109678	13.3352573100014	12.6259143568086	12.726299839139	11.1827748486126	11.8440103409299	12.4754426476485	12.0992576788428	12.4341924203465	12.7148872217021
C:31	6.63694460119181	8.75138124805757	6.44467683736115	6.519746432008	6.42100572341948	7.70533980648988	7.23660087462112	6.94506526531993	7.26552748768387	5.98771535686638	6.30161466190013	7.91201314029124	7.19324190402253	6.59816290031343	5.88504249933188	6.96511142538235	6.74276111272662	6.58897992179661	6.83131095819042	7.72320863380286	9.23173559091138	7.43707794209673	6.39889815167898	6.85018331343582	7.061904474953	6.90661267553024	7.20560326936287	9.2081945562275
C:32	10.1113955092469	11.5452251571497	11.1663615488441	11.571551828178	11.2592877132561	11.491228081932	11.4570220836743	10.6833764237475	11.2992776928217	9.99726441623358	9.82295420695501	11.5348080925665	11.1179522342485	10.3802287026195	11.8251925130081	12.2458219005077	12.9527037892367	13.1380150430476	11.9782096031256	12.7340795690783	12.8301558202477	12.7873908411814	10.6821152836386	10.8425255961437	11.2961932423764	12.2641963723885	12.7827459110976	12.5606550516789
C:33	7.91486778515092	8.93788060593721	10.6296393773516	8.47372313211438	8.48373566096846	10.5349400274995	9.93375201628436	11.3957448260697	10.7105975295512	9.9107424350147	9.76990692729923	11.0263616616364	11.4651528223543	9.63317074044997	9.86276209275047	9.94591097264453	11.4259175161218	11.9227445151973	9.81698361867021	12.5633510496435	11.8028863268588	12.6985844430402	11.5684629300937	10.9294894751945	11.4503308749408	12.3873369320549	11.5350004815122	11.7012889641642
C:34	7.75593984736114	8.04992598809266	8.60745779411899	9.49535972332266	8.03611385729984	9.87473317347796	9.60998595076412	7.99374494259432	7.65465248775197	6.30438200954113	6.50965008561821	9.2196490179165	8.9019991980666	7.32236929612916	9.85021801601939	8.95162978827226	10.6311245985494	11.4678922989305	9.20122665624495	11.1731782921039	11.1047078027612	9.95491473582464	7.77779383774761	8.29622604889772	9.27971801756306	9.67311297429352	10.0324825456166	9.98006722602784
C:35	7.68019627634327	8.04370046564824	6.85558810247519	8.03280450714406	7.48884145152162	9.29276142331831	8.16112942996089	7.64682334565307	7.99130248525463	6.78220515069553	6.33850295371109	9.15098424159784	8.0158231895878	7.06366284630188	8.80741322220268	8.8622036412842	8.62368989177455	9.03129161914156	8.63561118835991	9.91348215536972	9.16392886546488	11.1359701221072	8.25749752503125	8.48799280571525	8.58482655748348	8.52538340764726	8.91939398117804	9.20554154452187
C:36	5.52345726040108	6.65917705837864	6.37903894035267	6.67744453709463	6.71056952221501	7.6094022306825	7.36899081911016	6.81037625431214	6.31926724555448	5.26193605447409	5.25978494693349	7.18353325578979	7.07286217477628	5.25507860402781	8.47620556947121	7.72436471811821	9.49051872394819	10.0751121550344	8.01251233294581	9.76887129213091	9.86182364135193	8.50591579643779	6.47554471346136	6.39860222455601	8.19453776629635	7.78419070371557	8.81070086203327	8.76457823265176
C:62	12.3997637725528	14.0960007160275	13.9870250709978	13.2372046618625	13.743913183151	14.3431222274996	13.4716098234769	14.6401784157862	14.4369458651577	13.5087106864749	13.3658401870949	14.1846134066785	14.2704525044709	13.0620475368916	12.5983173527335	13.9443174384877	13.9012323305093	13.075780160356	13.519345969588	14.0199971544146	13.6051236750503	13.9751988670082	13.9207702753654	13.9508646171688	13.7599604344718	13.9508206649993	13.7255584994775	14.7614875821659
C:63	7.84715701195877	8.30311080294631	8.67943803784617	9.44927141104009	8.17386987111051	10.7644100890059	9.93469938270903	9.77021407858996	8.92079293718717	8.17413000226919	8.37027178445978	10.5008962155335	9.91624939669235	8.13734879401334	8.24285794773098	8.35742094412678	8.71197009466278	9.45016462318396	8.02302914653723	10.4230895694618	10.0739422042102	10.1347880249445	9.01664219938357	9.12946734984479	9.13153431254055	10.1146491466579	9.24673428947848	9.90453964969872
C:64	8.042959525306	8.84064765615913	8.8266195496967	8.69660792605119	8.53755352168524	9.55490531136157	8.81416814981325	8.80818678080248	9.12827580098099	8.19634532824912	8.38125939934282	9.14100656142848	9.22765606920797	8.21231736225355	8.22084866050841	8.94517031681709	8.80757149713498	8.50805469449438	8.30704621182829	9.35338027249358	9.13085331507025	9.94798783402309	9.00378129702759	9.72678130733115	9.10732774684689	9.56691141448722	9.36662219603332	9.71985439232593
C:65	15.3168832914426	17.9453303288814	14.8087506589273	15.2377750448689	16.6631117221864	17.1167596432724	16.9676379537189	16.7532353519107	17.3464179735253	15.8050858362691	16.1872146429035	17.5001764288551	16.9825496979185	15.3366104714181	15.006327341591	17.8146038072206	14.5920750817694	15.342577138853	16.7686804767653	17.1862902500742	17.1897081216238	16.2168548267125	15.6539191018643	16.644708264887	16.8727411417544	17.1313407987454	17.2593696784566	17.0566324620334
C:66	12.3634489202436	14.5491670380418	12.6759423205992	13.4002126671454	13.6517363029206	15.2508968614651	14.5401256242284	14.2377501682628	14.4033328396916	13.2484666838967	14.3996551828679	15.0247780585981	15.2233987377704	12.3754988084287	11.9968466248861	14.384800014468	12.577216182191	13.446004264798	13.7028884139656	15.3254923349082	14.6652278042396	15.3275789622538	13.213124100979	14.3896033928947	14.4904976864971	14.3417227889702	14.2157854244136	14.9196046511499
C:67	5.73899092825905	6.53119745184615	5.18813212253239	5.18588726358348	5.52821340451188	5.78897234753064	5.83549207909661	5.51149602739779	5.90051571931951	5.38288213550736	5.46977471237667	5.84409188552179	5.62180424707553	5.18796900098197	5.18678709865256	6.90045037077646	5.19145814694799	5.92654756765593	6.56086602412371	7.86245337209488	7.12129559690377	5.6174898220386	6.4644076924202	5.86835454136342	6.65920450180556	6.59818212198105	7.48708012900988	6.85425572692174
C:69	5.18670015048901	7.00511576064346	5.13500823260408	4.98470936727206	5.35576412268184	5.58389192931742	5.64111183164876	4.99523196394275	5.25008084657476	4.98732196355388	5.23517479255268	5.37039030773646	5.19199026907846	4.98639188557393	5.26293851120522	6.55272785920338	4.98921459485983	5.9450090014386	6.33354788283332	7.10358729101978	7.15551318630358	5.37310753298741	4.98990883515805	5.25077919670795	6.35623597913044	6.20321398635871	6.75684873441428	6.33839930198082
C:83	11.1793091742406	12.9846204364507	12.882439889826	12.0592573382894	12.1665901315217	13.2678680061575	12.739382789194	14.3075505316567	13.6364572303172	12.6997844100263	12.5278607972639	13.5383810266332	13.2402116819458	11.9778471223303	11.0764611270831	13.0721034092291	12.9012841129461	12.1771172028071	12.3286906947562	13.3607410080704	13.1126211408434	13.7126874381181	14.1832805715939	13.5750376159779	12.7100644197378	13.7186633721414	12.830901524999	13.7364890392606
C:89	11.7832523581333	12.7266798766522	12.7373755130202	12.4863878445371	12.3496873066656	13.3061802215474	12.9942566045948	13.2184559765182	12.8428073006078	12.334964648341	12.2532359222617	13.3553916810536	13.0056565668558	12.2580566033254	11.7368185121195	12.7969295440806	13.0234685710847	13.0120612297174	13.1949790356073	13.7338763439245	13.6175255682874	12.1536788839402	13.6762311044215	13.0552125604472	13.3967264163783	13.5684721169573	13.6211261051354	13.7792061282098
C:90	6.31634528426824	5.95562115023255	6.43144767046435	6.18360861017702	6.120143270838	6.27464309675618	6.24151654901616	6.15467825318266	6.16335836210155	5.93995707376918	6.12838174314438	6.1522721548173	6.33503439184702	5.98638200188036	6.34963115640623	6.21226462860581	6.3400174923107	6.32949532016569	6.2274502227593	6.17243672912595	6.30012781665198	6.92307422312801	6.39821551615163	6.74311904016182	6.47149891918339	6.62167086307053	6.58425443260841	6.23673321421855
C:91	4.64754750241577	4.527541759196	4.68449532735609	4.58448829427481	4.52631565896405	4.57411276530007	4.61478453330021	4.53875041672798	4.73071281293981	4.55322737595038	4.53550229839997	4.40105672551832	4.39957574528538	4.55317726049988	4.57271762811342	4.82604168955415	4.39983754766325	4.79343020329312	4.62752285865588	4.70894290843933	4.62824288161486	4.84964791365406	4.79213140250162	5.06035988308293	4.53843622516357	4.70119262656333	4.62513899173237	4.50759411838395
C:92	8.80885635868383	10.3293549306773	9.90882287171851	9.41308439887147	9.94549610555876	10.4553578114965	10.3225560854101	10.4216779536003	10.1230053187339	9.33221008273772	9.12450957272972	10.2414680356704	10.5896943271071	9.09741542297225	9.29242978972909	10.3429737351293	9.80134253225013	9.58080318811412	9.98321058558358	10.3382528083305	10.6610318983076	11.6103735508319	10.4507138007378	10.1830325758188	10.2200981873348	10.6698496739994	11.029505509172	10.6990033051701
C:93	5.4587406341899	4.94562341095042	5.76393682537807	6.78013002124001	5.45065912035538	5.64963969243747	5.43151308550186	5.54645032955009	5.82262412984216	4.94179435843881	5.26521927345951	4.94946401259832	5.52906127877651	5.34855522525611	5.61581437914761	4.94593024830663	5.91453416342369	6.6918917520315	4.94685827925796	6.14697966701957	5.56406918931515	7.37235476855191	4.9438171461481	5.14717564860494	4.94398943183428	5.58576145430638	5.50170731437624	5.43756130204703
C:95	3.89954238437491	3.90085186893767	3.89997187080916	3.89969381531954	3.9003393663939	4.2374672646007	4.28229057475949	3.90132299901079	3.90124897878469	3.90009456923893	3.90004952849243	3.90161805057648	4.26392867550618	3.89995161868882	4.0637160365286	3.90091283857258	4.0225670760511	4.12639116152546	3.90109749822715	4.49568061979326	4.70737016186656	3.9028364517408	3.90049381274726	3.90081885420001	4.41283596284487	4.45298306091567	4.76056832651022	4.30027566199239
C:99	7.54268643945472	8.3842830883081	8.31668388895201	7.97070571046165	7.90841553118744	8.81970090195037	8.39613761640154	8.60208360796528	7.8534208953386	7.93123158748129	8.07855760257827	8.82707170405038	8.40655522157015	7.75255567544225	7.36657557003434	8.80989344686133	8.66219742325472	8.37747926922729	8.31258274802273	9.11880510183538	8.81588787840614	8.50629397868226	9.22344356147034	9.27602580597096	8.86327279409165	9.26497042595765	8.82003695164488	8.73761680674449
C:100	12.5876131988251	12.3541871884152	12.3501830024477	12.4404977909466	12.7219665093301	12.1409747934274	12.4105419015605	12.9735825676928	12.5420417344343	12.0204728155937	12.1706534418672	12.1549087047353	12.5579058249929	12.7421157004657	12.7772566578343	12.0954849904986	12.7391369007881	12.74104947959	12.525532331101	12.147892950566	12.6241415675556	13.4969926024756	12.7764034364661	12.7532705692253	12.3059995258818	12.3593787887637	12.556629935253	12.5127530210121
C:103	11.5234117042016	9.99195053462012	10.6729628377131	11.0887264997677	10.5144534185763	10.4134755135501	10.5612423254161	11.1719291716339	9.84148973810579	10.5238470964325	10.8504080264994	11.0350003970131	11.660354157001	10.8238993422318	11.1603532077345	9.49349926349705	10.4813932411445	11.0531876209795	10.553513834962	10.1886601325674	10.4684304539931	9.64101977754476	11.16027627564	11.0369037323179	10.9256417410603	10.998099608032	10.9580180776329	10.4809306294899
C:114	17.6776370829258	20.2191564417857	19.7280212999797	18.0268395580752	19.2750250248654	19.8829532638735	18.6904448420433	20.4696794212628	20.7358974313964	19.9479466189856	19.6674702263565	19.5583545009198	20.2495266149884	19.3702508445637	17.5115807437565	20.1673989740668	19.6133766842621	18.0824961951883	19.4106419152073	19.9929541394263	18.8520137214735	21.9664944323495	20.2856400282784	19.1953524828417	19.4884204316995	19.2033733872617	19.9188147439979	20.5077206739937
C:115	14.7816551527987	16.7124249020031	16.2482154209809	15.5375440552267	15.7456774046027	17.4857001223081	16.0095554064876	17.5113364952972	17.6575441737601	16.2335430528935	16.0080896896599	17.5199116142746	17.0289686137345	16.0147255481619	14.6395924886962	16.9682627882329	16.2067097150234	15.8385991662258	16.1986362263695	17.7940416421987	16.3442578449537	17.118508168752	16.0798775861623	15.3323173949945	16.6757132306864	16.0034582062805	15.746133447336	17.8519604392625
C:116	14.3379423213458	16.4582471506372	17.3858670719663	14.4195935645553	16.4783540559014	16.6071477053223	15.7849104600858	17.3520573075613	17.6945305386619	17.0827799073483	16.5098985147062	16.4831181634985	17.5128779493879	16.5937735478241	14.1144301238416	16.4937934502762	17.2544136319259	14.4165870668276	16.498106835648	16.6592025462884	15.9127418116736	17.4415042324657	16.3589238971121	14.8140219573406	16.0734708285498	15.2842991646032	16.3653161608619	17.4756257919904
C:117	11.5974598199056	12.4001561204077	12.4994514854781	11.6797173158279	12.0675319410324	13.4917340081279	12.4475346434398	12.9618480009086	12.9461565472851	12.0603103178471	11.9855365145794	13.2968507078719	13.1710886617788	12.2778476462687	11.2812277150922	12.013053107049	12.1420536039423	11.5431370283812	11.8458876425206	13.0946535439499	12.3329863208943	11.8979893656641	11.9769794356057	12.1983451997864	12.3109385236399	11.9560843349382	12.5226705178178	12.943388160296
C:118	10.6445044229442	13.3529768618181	13.2899792106718	11.165701662384	13.1016543317951	13.8157424778982	11.834574973176	14.4221451775388	14.2082356727076	13.2571227959473	13.0589048573312	13.0333713873767	13.8710481790914	13.1269289307464	10.2832802927246	13.4089789923237	13.1410698056551	11.224483218551	13.2795061789253	13.8122245396353	11.7553025869422	14.7908064469728	12.7722808758347	11.6933279852504	13.0800146474403	12.3330134516827	13.14577554984	14.1362835557277
C:120	8.28583844772497	9.20443433694278	9.48372448932896	8.44442680742064	8.9512201551318	10.3132077489589	9.20668714592998	10.0829821215536	9.67759077364389	8.73120377783353	8.61477251923472	10.112640208888	10.0903020919014	8.74139335939445	7.82940541054131	9.0318560605824	9.09635581213734	8.21875211930657	8.75321584600657	9.83538356793956	8.91818942041581	8.90540342943989	8.67522912334256	8.43146050476561	9.21596059372518	8.74023233057442	9.37598286666969	9.78827646137887
C:121	6.04997976980708	8.91222443417883	5.07691043163514	4.62293304614591	4.64208445666489	5.19820367203929	4.63370273254152	4.66974437576807	5.52053490734283	5.1070264535003	4.96862972925119	4.67771497057148	5.06350640800859	4.97525381711193	5.2427942563966	6.87693604407297	6.39517666760699	5.37148602295126	6.15215541161576	6.80624002555023	8.21817572031841	7.47843064805905	5.94178489220862	6.0264161578347	6.11459715964216	5.83611020218216	6.69220029654207	11.6867859189696
C:123	5.1005183621208	5.00790235711654	5.22992189247573	5.05137008608968	5.18081401491055	5.76598459106605	5.19070910456217	5.36155980849225	5.33413315382613	5.0347449470429	4.84619001575483	5.55170917989573	5.53826151390844	5.17194537985158	4.95203285660896	5.08753713069201	5.19492992306557	5.00652140035531	5.18625934442928	5.46461349131267	5.20710077499102	5.08855300928541	5.10186036748684	4.84742605376766	5.08853184640467	4.95709543388645	5.21136768861734	5.34949191081235
C:128	13.0830089952511	13.921669533945	13.0666237279976	13.1243377801363	13.7057763058633	14.4338130871414	14.2031524078387	14.531695102508	13.8339456514722	13.1006078291319	12.8587622276449	14.5879105891348	14.2069982810041	13.2546304895539	12.8793474483173	13.5433944113265	13.1335555455007	13.1697081109074	13.3942417289508	14.0696389895561	13.9615489205094	13.8526548482778	12.7829630956231	13.6037265519477	13.5802282919628	13.6281219254788	14.0542267855723	13.8300485026935
C:129	7.53939120507349	9.60734374257586	8.43412409297598	7.63000099746732	9.21237053144596	9.5434757692163	9.27179564841658	10.2105390600797	9.43785174205726	8.60950940859395	8.45354927423559	9.89446482840978	9.94107255268843	8.11627037309254	9.15946899145817	10.0055726802873	9.45546782191403	8.80325591139262	9.30823067890669	9.87957258508079	9.71779481290648	10.7694263466302	8.68185651769436	9.87079526570423	9.37330520932621	9.31818556141074	9.85968128185242	9.83335304257346
C:153	10.3269539272838	10.5668440202989	11.1397702379722	11.5622602539114	10.4798357127327	11.7957969365414	11.3515395539883	10.3992574179184	10.2258299038573	9.6476331175838	10.0022560709343	11.7060580324202	10.8378909677299	9.83647913968236	10.7139926462966	11.5429982350797	11.5373644251498	12.2491909205972	11.5814103774016	12.3829008977975	12.1816361420063	10.7486857355399	10.2898026671619	10.45861824743	11.739767752016	11.0791036666815	11.9106942013796	11.6565176052944
C:154	7.15811525430574	8.43953779984388	7.96471204663687	7.6337211433775	7.97874037129843	9.01933556525241	8.47973384270998	8.01520813058153	8.27657087131819	7.17849306895089	7.62335980427457	9.16481449218116	8.79786851005457	7.4353230876373	7.15149204101774	8.77642531405787	8.41039616052906	7.88625172513347	8.3466397323095	9.21324183287814	8.97976992728241	9.67357494759682	9.00857097683133	8.87300070635797	8.64597898355463	9.10254818400195	9.4021225661998	9.2644544997376
C:155	6.53708526937182	6.95671735475303	7.3670394951378	8.31530495137897	7.15075995917592	8.67216692401407	7.9886178665919	7.63043365295174	6.83182315187215	6.25659837539613	6.47146337610639	8.35409310079742	7.85353521005018	6.76646064764016	6.53766567522559	7.22823545582548	7.36162063220904	8.93095064943811	7.80220211716848	8.81205506118113	8.31740334308091	5.88758964594345	6.30863986298869	6.63849462500497	8.5220230419954	7.56144402878113	8.0419700832804	8.01493312077996
C:158	11.6615493341326	12.9385331552588	12.6108355949251	11.3030542765626	12.6257300504716	12.7457091218796	11.8982521769601	13.9194804755817	14.0465442964044	12.4303644855847	12.5385505377067	12.8316583048896	13.5331592104623	12.7951707397416	11.4988466009117	12.5363611351764	12.3889676740705	11.2792347150478	12.1609565569508	12.2840780745146	11.713225292451	12.5698100472823	12.554620321035	12.0946154517273	12.4322361807864	12.2729505344385	12.2657537874581	13.7929084507762
C:159	8.10713233286916	9.70888753041947	9.89446353182598	8.76231501608485	9.67539173149448	10.2156802477805	9.4898752301337	10.8023831918926	10.0864877353939	9.18389221657203	9.51398035602183	10.062265405648	10.2038433880715	9.3011745773015	8.1841751498601	9.9089865534295	9.78162734947267	8.84365610941611	9.88110513287186	10.1134297514514	9.66478823304922	9.78323539071756	9.66716413173206	9.33945120659011	9.71003735897888	9.53117175429945	10.0169782336166	10.4929026951685
C:160	8.03223212789764	9.20703972183001	9.372428780836	8.55908994161285	9.24033031896922	9.41506919716327	9.46807793968933	9.90701213912567	9.39238107649529	8.78357610135479	9.36774156794667	9.67804586937754	9.69254324697004	9.06636978462761	9.04128488446902	10.2612168669828	10.2858762457113	9.63650199890257	10.4263179541379	10.6200925219869	10.4859789312097	10.1473477925382	11.2440101446565	10.2035137772375	10.1127059434874	10.1164813357285	11.0783083261544	10.9890380697724
C:161	6.25866139168512	8.97684697830455	8.85762556874916	6.93189187192653	8.52532196842938	8.07729173356516	7.32380331834538	10.0427073644403	9.26563822068477	7.88449588308115	8.01750731480313	7.79206402413149	8.77078421525941	8.31816771303524	8.17731125989117	10.9049219032838	10.7419902942993	8.42537722877207	10.3752217103566	10.849061360058	9.80118157164488	10.6660498422357	11.1231604758762	9.85823135564189	10.4589569781213	10.2900274193303	10.8574841920798	11.5871517655345
C:162	5.66751094932657	5.82387653523268	5.75952120623912	5.34105071036724	5.98843513978173	5.24824285470728	5.47585562722723	7.09500301890799	6.54868509949476	5.89193806612527	5.81607452787761	5.51725410811397	6.39878857503583	5.91201998623297	5.57339472778683	5.81633013804592	5.71213393935542	5.24533402847917	5.78769646403568	5.24957406225187	5.39494511632495	6.50461800632684	6.18786748828161	5.54655397160271	6.07358967984157	6.11380624672036	5.57793010629896	6.3859030881026
C:163	4.35086478872659	4.58927220280153	4.35119788661041	4.35098217770992	4.35148330047653	4.72085294008057	4.64098549723737	4.35224902396586	4.35219131116485	4.35129313937443	4.35125816880885	4.69591331004996	4.52751490476317	4.35118216846199	4.52145886058219	4.46108228170134	4.51673726803155	4.35124382952327	4.35207324933803	5.00934926385011	4.93124245322452	4.78569905158253	4.3516033591161	4.77911924045694	4.70642112183073	4.7067235927549	4.82656584173756	4.7499963809885
C:164	6.96480552677196	6.81097680203559	7.02969131864351	6.14232099188158	6.91514979583613	6.67969485164018	6.3758367181066	9.22133380033238	7.93608722983215	7.48963832248386	7.15301416549777	6.83188920997699	8.1155124375617	7.91189255138248	7.18562535095295	7.12132107350527	7.70436197047686	6.15132408718741	6.96692193612876	7.07011854739038	6.89155221331519	8.40816045521199	8.38947252914423	7.4930336946589	8.02005682143511	8.18853829191274	7.77359820338569	8.52586385060278
C:167	16.190810288028	18.6793378461596	17.9447394318684	17.1638639842325	18.065855597371	18.8707344317015	18.8732180544163	19.1589863359072	19.1809132530773	17.528914924182	17.8469918772292	19.2168576207721	18.9071924471573	17.8298064809819	16.1665306839063	18.7439521548762	18.1525756024783	17.2452354436456	18.2339657583458	18.9104926429606	18.6961751175275	18.4185246334376	17.2705774112781	18.2765451490127	18.4528121373142	18.5127220115064	18.5283657547692	19.1190803742676
C:168	14.2391296843072	15.6942312212684	15.0894504266682	14.8483926782055	15.1487708870924	16.1398824707613	15.8882653583703	16.295078225509	15.5974815299025	14.6694164988866	15.3402412591658	16.4111098965564	16.0555048170252	14.3071928497604	14.0503036564755	15.2403108990824	14.9862325069201	14.839230198134	15.1291418285916	15.8809382846597	15.6570626030036	16.3467155662647	14.7040473082246	15.8574850787005	15.8660683022896	16.1015075441389	15.643368797609	16.1502022371538
C:169	13.4449947087787	14.0961638345364	14.2922514077997	13.579603011293	13.7978199741474	14.1639747267638	13.9456282758291	15.3531570185979	15.1728884748187	13.7496180141408	13.6586149415837	14.1673488641119	14.7821094700448	14.2459475693757	13.3397043089806	13.4002315034532	13.9925273366391	13.3464205989895	13.7815884592281	13.7970489387431	13.8360152698898	13.3360034075317	13.4496671978167	14.1528882269432	14.0230861494464	14.3630833543336	13.6018923421473	14.7290253160714
C:170	8.64486989644901	8.10313532787387	8.38602189459411	9.03707221858791	8.1846784210322	9.17440143289839	9.60112913157997	8.59216522809861	7.90723619968793	7.97006529152036	8.48784203070657	9.51409020276585	9.0645659974773	8.10454706286995	7.06780000779676	7.67981564569004	8.0847366896623	8.62647621179848	7.85110432428067	8.64545062840523	8.60931240035797	7.6105591652315	7.68330744560247	7.88535916700696	8.27394422482107	9.14898633834603	8.19747913636923	8.71669755086103
C:172	7.49168926137082	8.01832413657377	7.84072902210494	8.48929782870357	7.7250647769563	9.48513436736657	9.57995541892545	9.26473196020248	8.04125855003102	7.39129448736114	8.88631748377652	9.69917630286358	9.37605145330505	6.93754417244473	7.20664116963271	8.10849985272623	7.85225538870939	8.44149202019914	7.86267266112543	9.47638826454727	9.30724361734958	8.00034039427647	7.34508812814732	8.3757085404051	9.27454522404211	9.8421806096102	8.39131031932451	9.34768197012954
C:173	3.84040710822504	4.11319892392265	3.94390414218161	3.87896131376298	4.02031613506868	4.10114094707757	3.96168508129817	5.36013624174135	4.17674313542635	3.97049108809017	3.96086550016812	4.23057740047789	3.97619352216293	3.93940205038728	9.85172831905371	9.56274407734996	9.43863348217298	10.2730309709515	9.7652946756356	11.2847172324707	10.9510769944191	11.09476498388	9.59908891704927	10.1235840017183	10.2019992717218	10.269091291051	10.8176661031577	11.2418209110335
C:174	6.29367499549586	6.59702509064728	6.93622595443176	7.34535486984015	6.72984912898085	8.05580146068382	8.30943108054383	8.01541315108568	7.02503951517403	6.43510383595028	7.57951354828607	8.46969874157627	8.51613553681534	6.12707881113856	6.17501529845167	6.66510079638611	6.8788557927572	7.33610817639807	6.53664694664872	7.77724676738548	8.04785649655959	6.7622871565021	6.44050882125207	7.19052139607354	7.73668206079234	8.29202289176243	6.89413254741993	7.65937119530225
C:175	7.0822831389785	5.30970685106148	5.54813218106515	6.28152782219639	6.31891506192243	6.82117971921519	6.72467530690528	5.84956342037528	5.59840447204394	5.82731049137098	6.09467370844489	6.67879499396157	7.01894091305986	6.51962180558298	4.83664649566411	4.8446798838732	4.84088264155334	4.83829844293518	4.8460033757348	4.84620239971393	4.83888164172488	4.85825695402374	4.84166020570091	4.84400458617381	4.84190672704921	4.84192217462889	4.84038062467626	4.84284285652732
C:177	8.18400217219018	9.71505758663912	8.23159679064701	8.70336216163767	8.91778083121167	8.71130809266202	8.77956384941292	8.70877969050996	8.95251763185954	8.0111002687619	7.52391594262887	8.27853713933022	8.54422611889638	7.87754420903913	8.48701036319303	9.87687403570707	8.4459868593492	9.2798036433989	9.67853846991902	9.23545611840251	9.59829912675176	9.61396643249753	8.80341854433037	8.66868966921418	9.43318137038811	9.29300807929055	9.86136276067824	9.51767648617879
C:178	5.23449344315346	5.86330613101136	5.98674758161079	5.92431442120123	5.75985266439304	6.21832504184323	7.04071938454365	7.9143948710853	6.27590148812528	5.44670165138027	5.24147669299013	6.01616828561778	6.05458307672776	5.74325516428813	5.42546841196627	5.995823106046	5.82532629754641	6.06653458704218	6.01918692552427	6.64100718570016	7.42884361675099	6.6316251939031	6.49050079912139	8.25307898698801	6.84813681488278	8.71254618976238	7.03157392891718	6.2638109009636
C:185	9.90336136421718	9.93905435105717	9.97929803469464	10.2247121025501	9.47560404591317	10.5909112822098	10.3212576459229	9.74549507160428	9.6726115664063	9.09314666631195	9.47421845624644	10.449544720171	10.4460157969273	9.34153679350178	10.4862240385031	10.5638830958773	10.6966404937082	11.4045417109902	10.8031414226374	11.7063907665602	11.4960301825745	11.2982253286864	10.4218013451499	10.8247172966106	11.4419428820787	11.0128785531485	11.5643129646388	11.043283750247
C:186	6.26350269898509	6.56504082013931	6.44521564552202	6.60210077825921	6.36237843314766	6.59440498339131	6.49969772238217	5.97470282266421	6.32425324234146	6.2989958212926	6.17822289915436	6.6873651107383	6.56005323044397	6.0978685698155	6.62066722617694	6.74659740673428	6.66828628706538	7.25924175640625	6.92303850976366	7.26689810510752	7.30393416030635	6.62980567556469	6.83119548363822	6.51209195357417	6.95512840065448	6.73162415869101	7.17166083331498	6.74636026914716
C:207	7.32640299090819	8.33555320990897	7.05210955052551	7.13727500179267	7.85217641284666	7.22056129444292	7.20868190114309	7.9185296502611	8.11876587906358	7.39103951191529	7.24801824137264	6.78921036001796	7.19697110790112	7.26711840926197	7.1885469887729	8.44159336211536	7.1961702112987	7.21610778030627	7.91755008587098	7.30542965408287	7.3050442403952	8.17973021624168	7.6145525868751	7.31309531334798	7.37936771160664	7.38917590062946	8.03745470137913	7.8798290710294
C:247	9.03373048693819	9.31452663628687	9.58735285742252	9.93445871584291	8.83437854399244	10.2776912874995	9.96386516814383	9.63232258804978	8.75523437657959	7.91914575359449	8.29080175708778	10.2814948786595	10.0058524661987	8.16842828956657	8.88921941660236	8.85070504964298	9.36619262086177	10.4348978857848	9.36302322058378	10.4494959524272	10.6342475536426	8.888946193602	8.49799957434924	9.22754086556394	10.0863858853657	9.61836484696771	10.3493274003132	9.78530237257681
C:248	6.36315119836619	8.78830244994448	6.59616739956702	6.76251365226592	7.83766434490294	7.87943786070011	7.67678679647354	8.62611125347741	8.10976434803522	7.10092202557985	6.84296337695161	7.83587237443867	8.01876188943859	6.19789866523063	8.79770738179982	9.52027541505393	8.95543913357446	9.50557807096501	9.70499097297449	9.5280071057101	9.85786846741412	9.74047715100292	9.37994192299152	9.98379012124994	9.56863441202586	10.3503554776	10.8961638614207	9.91963602803221
C:249	5.89716415390745	7.10374984879583	6.16574316222828	6.73291502120597	6.93537408229156	7.38119085673973	6.85225520930662	7.39984191447155	7.03207494422277	6.18520359915211	6.15831561445798	7.35575054915859	7.06994381183731	6.08417622216185	6.42089132774796	7.29722180258483	6.65239728600677	7.62425059842355	7.41557428421349	7.68842258636297	7.48751440366613	6.99113134172741	6.73501683946223	7.31065636139688	7.45908336499404	7.29912086457149	7.77416570860842	7.37998285354239
C:267	13.6608913659477	15.5218840706642	15.5256594115007	15.2776238384137	15.5369821525189	16.9221506130625	15.5270921303062	15.743052938743	16.0231571873539	14.9529420613786	14.7123243482302	16.5383193672135	16.1218801859994	14.8035544163223	13.5860057592567	15.4182481143634	15.5591512150501	15.0154464955268	15.2186054440297	16.6464336252819	15.3515663292584	15.6782412890568	15.1615689966808	14.6810616283867	15.250273783934	14.7013209614297	16.0975366960959	16.2265756997261
C:268	11.7335407735491	13.3854444283737	13.4465962221406	13.5011487665143	13.4934501098871	14.8677837134455	13.7669481455244	14.0507291412041	13.9465518798817	13.0547587790701	12.8236869850527	14.7588335603411	14.4242432818463	13.2523490287846	11.6361076949136	13.2633482105156	13.4629740281658	13.1855307927126	13.1035384196527	14.6152399308883	13.5220627672979	13.7270976489053	13.0469834122337	12.9920172114665	13.5630077051248	12.9399858645246	13.9995200476671	14.1126644247538
C:273	8.52502029853911	9.83189607427131	10.3377553714353	9.37621606758492	9.49935282099615	10.8534724146884	10.2021486811988	10.8446467577157	10.3485940491624	9.48682060937512	9.40976850007676	10.8191795316093	10.4504568732294	9.55557235521389	8.94927202961004	10.3698727457879	10.7984619441142	10.0666962820015	10.3926647027538	11.4444874498938	10.9316999436511	10.718934685633	11.2278578996729	10.3290733934172	11.1078349434636	10.9130947879913	11.2069328516726	11.6263506556821
C:274	6.84832193424022	7.03805143570743	7.26479615598456	6.77666484309701	7.35298073256111	7.86719391625017	7.83273754785182	8.32954602785625	7.59935920792873	6.93445500718605	7.18784678962977	7.93394671477587	7.64782021659645	7.19089072850793	6.8481284787381	7.91267804048611	7.57780585563217	7.17143482069798	7.74094593448245	8.40299856204513	8.18418864744672	7.91676585792923	7.37516474625508	7.30566492656966	7.81178155618636	7.86406517121578	8.61419240515922	8.30653860277294
C:275	6.47715841567032	8.69161226058971	6.39063587322311	6.94046157431479	6.74920334499832	8.40777494052274	8.76159836053645	8.65533400118496	7.49159314873496	6.49388844025821	7.14263494514273	8.06831126465026	9.39910802302124	6.5418261989448	8.88086635101506	9.46239554733851	8.69873836189098	8.80274168990297	7.72757124314161	9.54471601006282	10.238502925801	10.2165509641197	7.33620643243239	9.43322421455879	9.24389479691861	10.0121494637423	10.3061191696516	10.0487167352828
C:276	7.22420890987415	7.99156928038493	7.06170862433288	7.78044200373162	7.28508242694111	8.70295662113307	8.8028762470502	7.51463640614638	7.40732979510316	6.42351943956499	7.20582234829362	8.74377041803821	8.85457514098337	6.63417598740241	7.40763908136673	8.09373327940946	7.500915360687	7.69069479742878	7.10990029482978	8.54636627906691	8.59497329877551	8.2483872132199	6.53372525044552	7.43965486691111	8.19158648715806	8.02334341764909	9.31933972738501	8.86477757916751
C:277	11.8693052406695	11.9321955501397	11.0391739098537	11.5286177966984	11.3532411799301	12.3271642074439	12.2915459184782	12.2792524033191	11.9526949359482	10.3500285075231	10.7609866142011	12.6116810177944	12.4191767933775	10.8458202041205	11.5990336765432	12.0899200346174	11.0932292880421	11.869056043309	11.7499170286462	12.3206730851514	12.5723230374575	11.9077900696833	11.6859750728391	12.9659129803681	12.390194959775	13.6952045333771	12.7980662612476	12.4727211681248
C:278	7.52408569296886	7.55975814485033	6.06516346911093	6.4029207428246	7.28210439117905	6.657634965959	7.5371525246955	7.77747392532616	7.63120311888754	6.87259286531869	7.00259055821468	7.58793409171582	8.07079205474969	6.47289004955124	7.95927539705247	7.83116704329979	7.21996971127774	7.45393633273997	7.76153788101199	7.48761428801904	7.87996237154708	8.4081605207305	7.17431924098281	8.02697743616126	8.25827952049153	8.31791796064367	8.15208598233625	8.19496659368923
C:382	12.2286465618122	13.4466085295682	12.768163133316	12.035627150594	13.3887580308022	12.5132174743325	13.0388047361666	14.2233714533325	13.6397778717745	12.6824210381646	12.6254156971565	12.5897695959566	13.3743468395935	12.1068712022528	13.082697271091	13.0153739440051	13.4488836230961	13.1844631184023	14.1086757371727	12.7899549593883	13.7571008473195	12.6162508593349	13.30709770548	13.811023887477	13.7690458782906	14.8622456054285	14.0201313073673	13.8606179266497
C:383	11.9609822376517	12.6215982653372	12.6948376153701	12.7238199420565	12.8455343543568	13.117603391926	13.0980219259266	12.3072848411364	12.7103319394653	11.7021282246608	11.7497009940639	12.7496974948218	12.6418108892103	11.4123843832405	13.0285507696148	12.9371052899892	13.3655545921509	13.5533033000341	13.5994065158985	13.6574566380341	13.9372877803123	13.3937859949187	12.7004906512142	13.1398798905201	13.2952301801061	13.5594512879787	13.7784227078144	13.4092102186087
C:384	10.4683935337292	11.3471028834105	11.7775118207556	11.5677552073058	11.9569677275276	12.4615811913753	11.9765751253774	13.5019612700444	11.6513581457379	11.1245097228824	11.1698619582758	11.9018565823207	11.3159468082612	10.9886372346797	10.965793198792	11.2650280280465	11.769813225055	11.8887810950121	12.2802549978906	12.6600736845506	12.5429044732097	12.7025174690867	11.9289866567882	12.2345638076267	12.1009454858224	12.9371612095569	11.9918635069514	11.9988920768884
C:385	10.0969258559403	11.5831731235511	9.47601423065577	9.77567827667478	10.9780616466392	10.7647703920838	11.0968952015286	11.6616711852672	11.7961819349362	10.1627985345321	10.1806256964631	11.5098910592532	11.3896310234256	9.04915587993077	11.1536719092183	11.553978806935	11.0444938489751	11.4605888150059	11.6530255258479	11.3484016990938	11.9906959858039	10.4391144991588	10.7624874394887	11.3748787165949	11.5474919569572	12.1234004426283	12.5108984874029	12.0064164894822
C:386	7.59541629421781	7.74127036350937	8.48935940097003	8.40549046461959	8.11027401285011	8.2782920948297	8.32316851317583	7.03060013778397	7.76243351728226	7.4223714439615	7.15424135922065	7.6831936221332	8.23428328525842	7.12995796562168	8.88846106081266	8.61843596216642	9.05411271860102	9.08511801113627	9.04129481999722	8.88571645057059	9.32149831921644	8.49384363913025	8.04814811047665	8.56690399914809	8.88736876167595	9.01086808935693	9.20059029253037	9.01192606052533
C:387	6.21946191003742	6.62018469060668	6.44326630914705	6.24647386045677	6.24153166271994	6.651894071391	6.98571226408358	8.08552489820691	7.02966241591956	6.45750445153718	6.87596475122855	6.87861989361064	7.19835824024983	5.92916895740909	6.84168205899126	6.78378432078856	7.16146691429608	7.07660557859869	7.11623517416793	7.06311488224527	7.60260070604316	7.83099510287552	7.75301605669301	8.38565643051304	7.54192821115915	8.97651075612538	7.50717140256633	7.22216669695065
C:388	7.44216893803582	9.87264400709275	9.03387717272452	7.51402094266463	8.19131407058082	9.27146343859821	9.08434345871244	10.0876947398604	8.95215282521328	8.69940977105779	8.58842048935432	8.98491388500747	8.22726138475373	8.08628765897032	6.87235718196404	10.0484785770005	9.17613658123774	7.89677499349542	8.70953148855758	9.48064024059132	9.41911618504324	10.341425008783	10.6161279395719	11.2668418426137	8.88035857260057	11.7245142777125	9.27587203129022	8.9379390177695
C:389	5.51846361814214	6.26149781749019	5.36396868687039	5.64913446011141	5.36711236422473	5.37086327737052	5.36466731172089	6.48493844163546	5.37480801297147	5.53981138192892	5.36463468219283	5.37789661257563	6.42665994339011	5.36379485448226	7.32317002771988	6.49926667921645	7.12873634341335	6.89560556479092	6.61743359866853	6.35249750939183	6.61573491671725	7.45821518327132	6.48604184399802	7.46612689670634	7.18754546616758	7.37408235422228	7.20666002630784	6.92169316546824
C:395	6.11288358795246	6.79333203703189	6.15245660928081	5.94372430322516	6.38877755775458	6.81904620444416	7.07137304563268	6.45667121868774	6.16081316407056	5.88630576756347	5.99636613647399	6.88232716271533	7.36448711148721	5.83470023679385	6.5737132010266	6.86219799186809	6.72888673378014	6.8583767343135	6.99863306360737	7.68778523161213	7.75366419284575	8.00420340563409	5.7083283377959	6.51567570858997	7.47659940364607	7.33482799537854	7.89450947167192	7.72975585694652
C:396	6.2152368947298	6.24090373588612	5.9739672207561	5.85163209470974	6.20881213373068	6.76960525943707	7.11721886903551	6.55505279884858	6.21214286577574	5.91817965924488	5.96498314707952	6.90463798868343	7.29491549266574	5.87341710278083	6.45046418815193	6.65702403451809	6.7870979005221	6.76330772566791	7.05231262017608	7.73437327123408	7.83542337016501	7.90952133073357	5.9178560516693	6.49550757960763	7.48085035019224	7.02655142270326	7.80273323618692	7.79460349765692
C:410	11.0103838587368	10.7027101973175	10.9870974197124	11.9146892153068	11.1771917487189	12.8632788471542	12.6664115394809	10.469480664069	9.97277257965172	9.41298544693044	10.257773584201	12.4505829138292	12.1010324063705	10.7946067717718	11.6488652204415	11.2615752982297	12.2087370504121	12.9730162181208	11.5972276775994	13.6072782427045	13.4795966463572	11.5939332926071	9.57999977971183	10.6482532731564	12.1745912696799	11.2019504111771	12.9102667840459	12.6004307451042
C:411	7.47570396894044	5.67045269622925	6.42705259916985	7.32917615630147	6.80080493254939	8.37103364592568	8.58886327366126	7.22861680684832	5.68182787545252	6.30987164750479	5.93657127466728	7.42845892881953	7.91076874866465	7.12377950576532	8.21688637141973	6.17852781659021	7.8952565887975	9.13022165062637	7.6525812597367	9.57580458646158	9.83191521643447	7.94150965279063	6.83616387421262	8.23087766851603	8.12401068284648	8.80519420259024	8.09690567540363	8.73957259556251
C:413	12.4285178093013	14.2542925990884	13.2371391464205	12.6728497614252	13.6561875223462	14.5042383867785	14.2698847897278	14.2950285008262	13.9748649057277	12.598380746413	12.6270775166839	14.4532001981184	14.2089079166323	12.7452746630376	12.9524046911053	14.3763965660489	13.8161880923337	13.6498824775146	14.0107140867103	14.4104784349106	14.5906523611507	13.830722261181	13.3187439204904	14.515453393431	14.2497564669606	14.1693525989305	14.4906819421451	14.4958269191631
C:417	13.3750131124405	13.0605913823749	13.4154611725005	14.0826600996342	13.6352495629706	15.1926088949946	14.4666837526767	12.2669646924548	12.4846702843625	11.7536031305477	12.3225163682709	14.1233258049682	13.9468258122882	13.2390616502424	13.4389253553284	13.4543576978377	13.9444064030705	14.8166378420238	14.0667797090191	15.5935729176381	15.1970243044869	14.0581379832061	12.2128820356029	13.1929353282889	14.4050188744645	13.6876890615781	14.7425271505404	14.741055706153
C:418	9.05630881377582	10.7416021184766	8.83356836886032	9.29190887048911	10.2432312114534	11.3915498605254	11.1558440117943	10.8004306772346	9.93935284897028	9.19701177397388	9.38056803530329	11.0486496701593	11.5508892951136	8.6748063054447	12.5999156530469	12.7047100416652	13.3249575134514	13.9706661415193	13.1777840798867	14.8213188485752	14.4220268034171	13.0420456065635	11.1077080628264	12.1965282461857	13.3804497125878	12.7001185349829	14.016077548408	13.8845320060435
C:422	9.3992039000107	10.8868296057056	9.97127946825234	9.41865502925314	10.4854876976728	11.8911776873207	11.7870268897941	10.8143252340788	10.4725484291331	8.72678451750491	9.26764541779818	11.7840410473117	12.0471169699473	9.30384252205173	9.61838172813998	11.2965303610443	10.510771973054	9.80176756924125	10.1713119645941	11.7900909025249	11.8218132212504	11.9950776133166	8.95716781470698	10.9420563417054	11.2966416418772	11.499477770986	12.1746606226115	11.7526057895433
C:423	3.24107399795374	3.24222296673301	3.24145154701228	3.24120719585369	3.24177405125104	3.69299966350982	4.11128395298797	3.24263478163061	3.24257013495607	3.24155928017312	3.24151973951808	3.2428922683759	3.38123963872222	3.3409935196181	3.33149946168606	3.24227630666829	3.24181531588531	3.24150352233118	3.24243777396194	3.90847507711096	4.10790792630219	3.50251373179882	3.24190943831747	3.24219407767272	3.24193930876001	3.3890145586047	3.24175462310648	3.24205286715684
C:430	12.4008493445704	11.5805660949432	11.7902934871667	12.0431170625733	11.9634665324939	11.9898810871736	12.1168521320235	12.4480273151182	11.8516486991018	11.9197255268491	12.4379514789957	11.6136223646523	12.3260326743159	12.1728827542759	12.7129385970558	11.9405453810885	12.6981449100295	12.50430203211	12.2454027898572	12.3153008365606	12.2051727858059	12.3561137774019	13.1020630335816	13.0935729273511	12.4960420047295	12.8787397084757	12.6540793177187	12.3572054299653
C:481	12.3494913407873	12.5550916830511	12.3941852834202	10.608390002454	12.1886177935333	12.9193627581889	12.4517617454461	13.5065569104432	12.7448508908591	12.2000120545131	11.9548560055998	13.3815996822595	13.333277382088	12.7192655066624	12.5724558614107	12.5417909250686	12.6442499093144	11.1292185721665	12.1570014222872	12.7643797821313	12.4167694605156	13.2454783632574	12.1808662559228	13.3738905726451	12.4068665336646	12.8964771928505	12.6883569611052	12.9108449926517
C:484	7.91108642581614	9.1825375332393	8.79507200985422	8.70016639723093	8.84574421963057	9.90875704906509	9.08573023578914	8.48789708378005	8.79297688090222	8.17683200374001	8.31329333116817	9.49875747329849	8.86816502042349	7.82350847509518	7.87646986317993	8.75986646359381	9.01901430431019	8.51409748258959	8.57389832045266	9.38167061012386	8.9889292953771	9.75707753800999	9.06243779600407	8.80778540887151	8.46081113989375	8.70637178904572	9.28931516783948	9.12881060553361
C:488	6.66734196081248	6.24232956781222	6.6467001750015	6.71344790861266	6.36329068205812	6.17488090552575	6.50092268129406	6.44637828355964	6.17142326231661	6.59503888179756	6.49963360474088	6.29996026368385	6.7071222349615	6.53975168634742	6.54875354602889	6.39714141933206	6.42667825795557	6.70001455397716	6.25864324951218	5.99658775194893	6.21007061771894	6.321799037174	6.30949225653877	5.98760138686274	6.31081595717618	6.27988086261087	6.24033546687502	6.03644645537533
C:574	10.3875736441939	12.0674766284097	9.50416848827603	9.88369680137403	10.9928710873595	11.0710681075591	10.9422952672889	11.3538541772261	11.7364868252325	11.0472073098148	10.4050078074478	10.6357492598233	11.7915345638774	9.70740103598552	11.0173466892802	11.7154513961343	10.1294552783421	10.7093042834106	11.5532857173283	11.5037272563144	11.7557353415483	12.623906835461	12.5738293761233	12.7936342609241	11.5448251161059	12.7916811581678	12.3260235289895	11.9532279062481
C:575	7.36507431444684	8.31445953509072	6.934189848732	6.96990501218101	7.5353304161075	7.40976173621226	7.58694168607698	8.01810504579377	8.32402941489373	7.48884412320544	7.18635020364596	7.45780876764147	8.11329923748672	7.13808580119319	7.25612651937861	7.7953437965701	6.89648291700978	7.06584023749712	7.81338903485089	7.7096335262541	7.83523274175677	8.37634166548709	7.84288326866485	8.26574780159793	7.7061040290745	8.14690383964251	8.02230314936799	7.8324189453899
