##FastQC	0.11.5
>>Basic Statistics	pass
#Measure	Value
Filename	cc4
File type	Conventional base calls
Encoding	Illumina 1.5
Total Sequences	8438408
Sequences flagged as poor quality	0
Sequence length	17-28
%GC	47
>>END_MODULE
>>Per base sequence quality	pass
#Base	Mean	Median	Lower Quartile	Upper Quartile	10th Percentile	90th Percentile
1	36.65319655081859	39.0	38.0	40.0	31.0	40.0
2	36.55964620340709	39.0	38.0	40.0	31.0	40.0
3	36.58316983487881	40.0	38.0	40.0	31.0	40.0
4	36.44961774780267	39.0	38.0	40.0	30.0	40.0
5	36.553692236734705	39.0	38.0	40.0	31.0	40.0
6	36.41952285312585	39.0	38.0	40.0	30.0	40.0
7	36.56985914878731	40.0	38.0	40.0	31.0	40.0
8	36.466642997115095	39.0	38.0	40.0	30.0	40.0
9	36.42359814789709	39.0	38.0	40.0	30.0	40.0
10	36.499513770843976	40.0	38.0	40.0	30.0	40.0
11	36.67929957878311	40.0	38.0	40.0	31.0	40.0
12	36.60660043932457	40.0	38.0	40.0	31.0	40.0
13	36.5810059196	40.0	38.0	40.0	31.0	40.0
14	36.53596614432485	39.0	38.0	40.0	31.0	40.0
15	36.49791204691691	39.0	38.0	40.0	31.0	40.0
16	36.54121867537099	40.0	38.0	40.0	31.0	40.0
17	36.45573003817782	39.0	38.0	40.0	31.0	40.0
18	36.40519731491264	39.0	38.0	40.0	31.0	40.0
19	36.19293557875986	39.0	38.0	40.0	30.0	40.0
20	36.271487098378515	39.0	38.0	40.0	31.0	40.0
21	36.118313459988734	39.0	38.0	40.0	30.0	40.0
22	36.34882056735738	39.0	38.0	40.0	31.0	40.0
23	35.7989874783701	39.0	37.0	40.0	29.0	40.0
24	35.938093376085085	39.0	37.0	40.0	30.0	40.0
25	35.86064350432506	39.0	37.0	40.0	29.0	40.0
26	35.72190814692714	39.0	36.0	40.0	30.0	40.0
27	36.080631205965965	39.0	37.0	40.0	30.0	40.0
28	35.862614784963995	39.0	36.0	40.0	30.0	40.0
>>END_MODULE
>>Per tile sequence quality	pass
#Tile	Base	Mean
1	1	-1.088426903135705
1	2	-1.1671505962174535
1	3	-1.1559727803113944
1	4	-1.2025627465731787
1	5	-1.1306317628751401
1	6	-1.1378927842292157
1	7	-1.169096919177484
1	8	-1.2509523340715845
1	9	-1.1904222801155129
1	10	-1.2744926535566279
1	11	-1.097476360498149
1	12	-1.145451807036011
1	13	-1.1245132015209194
1	14	-1.1878784466473604
1	15	-1.2345413621877057
1	16	-1.219582712276555
1	17	-1.1926919460689973
1	18	-1.213271251196403
1	19	-1.2159520768804626
1	20	-1.3091135806586252
1	21	-1.2252064807870084
1	22	-1.2506991354111179
1	23	-1.3596675219748917
1	24	-1.751421251914735
1	25	-1.1209088046130518
1	26	-1.0317679526158372
1	27	-0.8422477550638803
1	28	-0.039148162209563964
2	1	-0.9888689122250014
2	2	-1.1706964688816157
2	3	-1.1269343425906158
2	4	-1.1423419015697434
2	5	-1.1115181105399117
2	6	-1.1312932496776469
2	7	-1.070088746025533
2	8	-1.1278128297885814
2	9	-1.1627530994912192
2	10	-1.102327916892925
2	11	-1.005655718883638
2	12	-1.0374205791333466
2	13	-1.074818141959021
2	14	-1.0345542363663824
2	15	-1.1038014865763657
2	16	-1.1058785492130099
2	17	-1.1363667347975408
2	18	-1.1316582611288197
2	19	-1.1200714890442285
2	20	-1.2079540353779947
2	21	-1.185557236799113
2	22	-1.2222385375769562
2	23	-1.204740794401161
2	24	-1.3837304989480685
2	25	-1.1743441239904016
2	26	-1.063969342415234
2	27	-1.578102420629527
2	28	-2.83412846280784
3	1	-0.8899109400506262
3	2	-0.9879420663200023
3	3	-1.0123382969834296
3	4	-1.0558316836448114
3	5	-0.9571613579594498
3	6	-0.9998762190044701
3	7	-0.974588595783402
3	8	-0.9787557316053324
3	9	-1.0720803694010996
3	10	-0.994014378721289
3	11	-0.8941895055051035
3	12	-0.93121410230831
3	13	-0.971690251905045
3	14	-0.9268349806995104
3	15	-0.993866211685841
3	16	-0.9636218786670057
3	17	-0.9940635647095206
3	18	-0.9345408323944682
3	19	-1.0075870839841912
3	20	-0.9635628635667501
3	21	-0.9094717835503019
3	22	-0.8794397671466072
3	23	-0.8910572828554137
3	24	-1.4167360476162685
3	25	-1.2509392679768467
3	26	-0.6252435169919224
3	27	-0.7876705269418238
3	28	-0.4919530892412922
4	1	-0.890001538728562
4	2	-0.9242792326077804
4	3	-0.8976528575502698
4	4	-0.9075219244037243
4	5	-0.9116957016017011
4	6	-1.0080353968185989
4	7	-0.9295860690609388
4	8	-1.0123671710423991
4	9	-1.0574004479996546
4	10	-1.0258586334036792
4	11	-0.8743894399183816
4	12	-0.8814623669362689
4	13	-0.913370783140472
4	14	-0.9321817811217912
4	15	-0.9773834957182927
4	16	-0.9151838241250232
4	17	-0.9727397438048371
4	18	-0.9653258797181223
4	19	-0.9359211620377579
4	20	-0.8859804443933186
4	21	-0.9861913012843075
4	22	-0.8359354332891797
4	23	-0.9121200208255189
4	24	-0.5365354203568202
4	25	-1.1075484122572234
4	26	-0.5380064364273665
4	27	-0.8028643253914325
4	28	0.44279672217434296
5	1	-0.8249329214673011
5	2	-0.9288637893712064
5	3	-0.6697548906433184
5	4	-0.8066997845041186
5	5	-0.7835188702599751
5	6	-0.6725898653861506
5	7	-0.6887180720617323
5	8	-0.7963523458810826
5	9	-0.6635373854244193
5	10	-0.6612406514334026
5	11	-0.5518852688148428
5	12	-0.5582519373013355
5	13	-0.5952828340446459
5	14	-0.5713184169854912
5	15	-0.5233559470761691
5	16	-0.5954621790174883
5	17	-0.5465946451608801
5	18	-0.5810313529439526
5	19	-0.4402562286209388
5	20	-0.6496422862679978
5	21	-0.5664673800455375
5	22	-0.5668447777303314
5	23	-0.6545437703465851
5	24	-0.8407052200367673
5	25	-0.5894440064815853
5	26	-0.5938626515350336
5	27	-1.4737170385697311
5	28	-1.9464880133696383
6	1	-0.8152047812229029
6	2	-0.83841268046843
6	3	-0.7606143593989856
6	4	-0.8256891379405218
6	5	-0.7505773125335224
6	6	-0.7961435646088617
6	7	-0.807496378997385
6	8	-0.8311508168223014
6	9	-0.9093139525377296
6	10	-0.8147646731261204
6	11	-0.7500038492207963
6	12	-0.7915938021628008
6	13	-0.831801735514631
6	14	-0.8056030157055005
6	15	-0.7809177320981959
6	16	-0.7852125926442497
6	17	-0.7931672125545148
6	18	-0.7622680555742818
6	19	-0.7346183207676518
6	20	-0.8796956121338795
6	21	-0.8382233016591343
6	22	-0.8753090248826325
6	23	-0.8547024675463959
6	24	-0.8367382188807895
6	25	-1.3745076216287657
6	26	-0.07884913643337654
6	27	0.247888362780607
6	28	-0.3771125234297372
7	1	-0.5046642156130972
7	2	-0.6307632834409276
7	3	-0.5625253653862927
7	4	-0.5711019430606683
7	5	-0.5113372694131542
7	6	-0.5652512490157378
7	7	-0.536152249735828
7	8	-0.5718545995825295
7	9	-0.5463510901236006
7	10	-0.5940184826386172
7	11	-0.5001528814445635
7	12	-0.5031341562430072
7	13	-0.5551809605923168
7	14	-0.5657874876224014
7	15	-0.5794553498675867
7	16	-0.5539588102799371
7	17	-0.5222457465977683
7	18	-0.5193731195572653
7	19	-0.5583309999005834
7	20	-0.559286514727205
7	21	-0.43079123608325176
7	22	-0.5093587635340526
7	23	-0.5088161474244686
7	24	-0.1651249048087422
7	25	-0.046474070253225364
7	26	0.5450700434804574
7	27	0.005763125588956086
7	28	-0.5097201434198411
8	1	-0.5375460008998942
8	2	-0.5433996304041315
8	3	-0.5105966505434694
8	4	-0.5230115589862692
8	5	-0.4664256484459912
8	6	-0.517764170088256
8	7	-0.5854292833223411
8	8	-0.5867226584706273
8	9	-0.5676263530956902
8	10	-0.5394731127125851
8	11	-0.4696634940992155
8	12	-0.47076700748381484
8	13	-0.47820270577828694
8	14	-0.5393647217130706
8	15	-0.5014507868122067
8	16	-0.44392612148335076
8	17	-0.45387276060272086
8	18	-0.449938879054649
8	19	-0.462772355119732
8	20	-0.47674966801826457
8	21	-0.5518544042498164
8	22	-0.5533241966672335
8	23	-0.5263753665701927
8	24	-0.7097824969652393
8	25	-0.510096437338099
8	26	-0.1782807864244944
8	27	-0.28125512998913393
8	28	-0.5481552841199075
9	1	-0.47398319730132954
9	2	-0.490802604029021
9	3	-0.48664268181620685
9	4	-0.5648667172970008
9	5	-0.49917437953470767
9	6	-0.5272309380749789
9	7	-0.4887209473002443
9	8	-0.5057499674144594
9	9	-0.5118231144513672
9	10	-0.484539735654387
9	11	-0.44198827567883825
9	12	-0.4182070906908706
9	13	-0.5027576364897612
9	14	-0.5125270997080733
9	15	-0.4678093164624144
9	16	-0.4433513517713692
9	17	-0.45735732950666375
9	18	-0.46580680412630215
9	19	-0.4793295542603815
9	20	-0.48312747869588435
9	21	-0.4885698617880081
9	22	-0.405244635646298
9	23	-0.7176657133386541
9	24	-0.5267236619204283
9	25	-0.5789334959710786
9	26	-0.47241509479816557
9	27	-1.0693099975829625
9	28	-0.26156784778714126
10	1	-0.6131790245375939
10	2	-0.6093108570966024
10	3	-0.5828922130763914
10	4	-0.6499216401093832
10	5	-0.6013835446133626
10	6	-0.6092629627715027
10	7	-0.5944212485475617
10	8	-0.577430802473458
10	9	-0.632892615500154
10	10	-0.578334889605415
10	11	-0.47707635413731
10	12	-0.4828519465315182
10	13	-0.48085188778030385
10	14	-0.4842336677892618
10	15	-0.49137330792191847
10	16	-0.5313090199345325
10	17	-0.4835104908584995
10	18	-0.5472200204096467
10	19	-0.5313898077312942
10	20	-0.5400957784394009
10	21	-0.6248009103701122
10	22	-0.6232175145552716
10	23	-0.6962776460274398
10	24	-0.8200760767627528
10	25	-1.9511557181932986
10	26	-1.6124628324486494
10	27	-2.0660089794794843
10	28	-2.2447758678372693
11	1	-0.42315260753727557
11	2	-0.4721749879951247
11	3	-0.46394172898462216
11	4	-0.49823296821702456
11	5	-0.4646873667956868
11	6	-0.5163992211791921
11	7	-0.5102387455637825
11	8	-0.521246955984509
11	9	-0.5502888688374412
11	10	-0.5205113534855883
11	11	-0.5094509719810603
11	12	-0.4914659808828219
11	13	-0.5252626286010269
11	14	-0.5348344861732741
11	15	-0.5157796902529554
11	16	-0.4464566855218024
11	17	-0.5519276870577414
11	18	-0.5007533933640573
11	19	-0.5218990999850064
11	20	-0.4754433922301473
11	21	-0.502708230593818
11	22	-0.5038519500688992
11	23	-0.5419468679853239
11	24	-1.1728755602775252
11	25	-0.441036670574249
11	26	-0.08144058465424564
11	27	-0.5211976587247662
11	28	0.4258590527976551
12	1	-0.5737963281740406
12	2	-0.6441455796363371
12	3	-0.6077236837876612
12	4	-0.6237459678748678
12	5	-0.6198018170576276
12	6	-0.6632698243564263
12	7	-0.6000168612154937
12	8	-0.6483130316755705
12	9	-0.6294191051024995
12	10	-0.6269196793734224
12	11	-0.5566359777278862
12	12	-0.5366595588577567
12	13	-0.5825687738619791
12	14	-0.5712855026968313
12	15	-0.5770351902891022
12	16	-0.5929800443522169
12	17	-0.5778173014985555
12	18	-0.5971987029448869
12	19	-0.6344977314774098
12	20	-0.6150506930008675
12	21	-0.7012797390810803
12	22	-0.5835321595816865
12	23	-0.7271209251889417
12	24	-0.9886498847419176
12	25	-0.4478223848599612
12	26	-0.2588126947076006
12	27	-0.33549125695876114
12	28	-1.1019187249801234
13	1	-0.4722343795315709
13	2	-0.4974357082842076
13	3	-0.4435828956506995
13	4	-0.4584016944218874
13	5	-0.5118974219726482
13	6	-0.5169349255507072
13	7	-0.4767689611803618
13	8	-0.4907749307384819
13	9	-0.5185717148392683
13	10	-0.4722497496091478
13	11	-0.39570452906990283
13	12	-0.4069427430076402
13	13	-0.41028907125231484
13	14	-0.36450323541283325
13	15	-0.4290486652325498
13	16	-0.3691143668846024
13	17	-0.39473625454763095
13	18	-0.38464805715990025
13	19	-0.43973228284492905
13	20	-0.42598810866075354
13	21	-0.48909110836760306
13	22	-0.478517388857604
13	23	-0.19318378569467143
13	24	-0.18395216483238386
13	25	-0.17639381343139604
13	26	-0.13519010517591568
13	27	0.5469395961771895
13	28	-0.060252058313459145
14	1	-0.28518287668169506
14	2	-0.2809424404148757
14	3	-0.31726077127874674
14	4	-0.2838381612955132
14	5	-0.26680631750281236
14	6	-0.293203139811439
14	7	-0.340699448494
14	8	-0.28001639617691865
14	9	-0.3290050098204418
14	10	-0.3208472123363961
14	11	-0.2791967283853509
14	12	-0.24241062126485957
14	13	-0.2779162303703586
14	14	-0.335503334308342
14	15	-0.34388742334620304
14	16	-0.3159705450798356
14	17	-0.33860702465417347
14	18	-0.27606971172691175
14	19	-0.3177879637114458
14	20	-0.35395609841651066
14	21	-0.341928066069471
14	22	-0.44338817959477694
14	23	-0.36782469286460184
14	24	-0.3290770232864091
14	25	-0.5665878169587302
14	26	-0.13975498474079728
14	27	-0.2589427567639859
14	28	1.429612806551404
15	1	-0.45224614035359423
15	2	-0.5383422402941136
15	3	-0.5204973365807888
15	4	-0.5365182111148101
15	5	-0.5435706264750166
15	6	-0.5618728363399939
15	7	-0.5655904252671746
15	8	-0.5654362761085565
15	9	-0.5537460598217621
15	10	-0.5633034233792316
15	11	-0.5114018179718443
15	12	-0.5107073691898876
15	13	-0.5144896711472882
15	14	-0.5172242049544522
15	15	-0.5495005506456536
15	16	-0.4992338340995417
15	17	-0.5191839166645167
15	18	-0.5317006318332673
15	19	-0.590734330279659
15	20	-0.5392412311773924
15	21	-0.5406625378311745
15	22	-0.49490276362123353
15	23	-0.6502055826711839
15	24	-0.6624640695942929
15	25	-0.5118953331882352
15	26	-0.7294985744843885
15	27	-0.749530992058105
15	28	-2.2152520583134603
16	1	-0.38257923405827654
16	2	-0.31551125016694925
16	3	-0.3775883394482662
16	4	-0.3710182192029947
16	5	-0.38824274587675944
16	6	-0.38918185238481584
16	7	-0.40716648738982286
16	8	-0.40045321265782974
16	9	-0.3994063028073924
16	10	-0.42650433262613774
16	11	-0.3688056722428783
16	12	-0.3987246936078108
16	13	-0.3920276243566079
16	14	-0.42064699358174806
16	15	-0.4218569959463139
16	16	-0.41858347560062015
16	17	-0.41313833083800233
16	18	-0.4024563894751907
16	19	-0.3593607755643333
16	20	-0.3930118869983019
16	21	-0.41287556592119756
16	22	-0.34599128799761303
16	23	-0.33731150284674527
16	24	-0.2801838858672596
16	25	-0.9865139736450104
16	26	-0.9851031702529198
16	27	-1.769903662865552
16	28	-1.3118754349368373
17	1	-0.3664609127768017
17	2	-0.4063083899601665
17	3	-0.33584943126522404
17	4	-0.4292809253111969
17	5	-0.436675330555758
17	6	-0.3816276039688731
17	7	-0.4232696176750679
17	8	-0.4439924720424244
17	9	-0.48375258406539956
17	10	-0.375033350383859
17	11	-0.3580435058513416
17	12	-0.2999491077361043
17	13	-0.34357727057496135
17	14	-0.34661730260111767
17	15	-0.3693214144090007
17	16	-0.39815241858849504
17	17	-0.41164053033957515
17	18	-0.36182077933998613
17	19	-0.42536861556018124
17	20	-0.36039912508308447
17	21	-0.4075751859739327
17	22	-0.39099955180668644
17	23	-0.3467676135800559
17	24	-0.42103038341745247
17	25	-0.6460832544251787
17	26	0.176122170119406
17	27	-0.7788267667059898
17	28	-0.8962910193524181
18	1	-0.2805480879117823
18	2	-0.31827734408589237
18	3	-0.27026770921467147
18	4	-0.3298806954128253
18	5	-0.317392001713138
18	6	-0.3603514031313608
18	7	-0.36311511391650697
18	8	-0.352552940669284
18	9	-0.397483357610696
18	10	-0.3215200986962472
18	11	-0.25689391924716176
18	12	-0.2826785885617298
18	13	-0.27049503637225314
18	14	-0.2883289901541062
18	15	-0.31683777769198684
18	16	-0.30920820539144245
18	17	-0.308480617269538
18	18	-0.30802216199583654
18	19	-0.32226603543982435
18	20	-0.31374356752652943
18	21	-0.3524635728249592
18	22	-0.3304832449902193
18	23	-0.4316356070812759
18	24	-0.16063365454889578
18	25	0.4094782286369707
18	26	0.3294014626765218
18	27	-0.4090181715452843
18	28	-0.3950221732559882
19	1	-0.15997464383561777
19	2	-0.15044228373004387
19	3	-0.14848226730688907
19	4	-0.15637011102596432
19	5	-0.16639547354932915
19	6	-0.18696443117130457
19	7	-0.1888765099086953
19	8	-0.2530700659755354
19	9	-0.20897162969036032
19	10	-0.2283496128029583
19	11	-0.18261149344871797
19	12	-0.19631807043316485
19	13	-0.24077493784915305
19	14	-0.2561143454451411
19	15	-0.2278350557937614
19	16	-0.2167474783463632
19	17	-0.20405537231474824
19	18	-0.2515465111564552
19	19	-0.3174962457127677
19	20	-0.294010319324741
19	21	-0.24830492757896394
19	22	-0.3022398888047704
19	23	-0.3958427164895326
19	24	-0.13197831829895534
19	25	-0.3470272778263279
19	26	0.2501285991083009
19	27	0.3538023412752338
19	28	-0.16713611628447467
20	1	-0.3313061364263632
20	2	-0.3702763920551604
20	3	-0.30513504970946315
20	4	-0.3676809960301739
20	5	-0.4551474620295295
20	6	-0.3924950959927358
20	7	-0.3986254974618859
20	8	-0.4524993293845583
20	9	-0.4260728664745912
20	10	-0.403950264340061
20	11	-0.3294867498233742
20	12	-0.3005191214650509
20	13	-0.36083572249707885
20	14	-0.3783510242730159
20	15	-0.3596620111838007
20	16	-0.32380565351161295
20	17	-0.3305958001023157
20	18	-0.388947663320387
20	19	-0.411538899174154
20	20	-0.43983381029122626
20	21	-0.25935668103390697
20	22	-0.4057974333939427
20	23	-0.3471674121205197
20	24	-0.5334090298064922
20	25	-0.3597142767518591
20	26	-0.7406693158876863
20	27	-0.4742862368133487
20	28	0.4431263200649198
21	1	-0.17442413892472075
21	2	-0.16720074301683496
21	3	-0.26449951641776437
21	4	-0.2433844501175031
21	5	-0.24542324311062913
21	6	-0.22959298865742284
21	7	-0.23436432776127702
21	8	-0.22918949473879024
21	9	-0.22386695964099346
21	10	-0.20437025871120795
21	11	-0.14329116891725846
21	12	-0.1404861396243149
21	13	-0.12687300244242294
21	14	-0.15167609910614033
21	15	-0.14993074510017124
21	16	-0.15598612340989604
21	17	-0.18546139846320386
21	18	-0.13510060742842
21	19	-0.24246883731390056
21	20	-0.20592133512969468
21	21	-0.29961551131357567
21	22	-0.22661341154348236
21	23	-0.1057171556809493
21	24	-0.022195645197847114
21	25	-0.5908753443615211
21	26	-0.3773618223476376
21	27	-0.8665172934279681
21	28	0.1397479416865437
22	1	-0.15601666335852826
22	2	-0.07978300937909921
22	3	-0.10061916947041993
22	4	-0.1413014713666172
22	5	-0.13735144190429338
22	6	-0.0721738579854474
22	7	-0.16662619678130142
22	8	-0.13347243179749313
22	9	-0.1150102355613214
22	10	-0.12396538280053448
22	11	-0.08765512407860143
22	12	-0.09056265883904047
22	13	-0.10214638594710124
22	14	-0.13991582396874946
22	15	-0.11988321416934866
22	16	-0.10550580553272226
22	17	-0.09376998250088064
22	18	-0.12638871555610365
22	19	-0.13645142212421035
22	20	-0.14385491694645935
22	21	-0.20076432054556648
22	22	-0.1959107394611408
22	23	-0.3587339570595631
22	24	0.1263070869642391
22	25	-0.14713272968754865
22	26	0.5566348609027756
22	27	-0.21353099205810366
22	28	-0.42800568150186535
23	1	0.0183183812781067
23	2	0.01935346336721011
23	3	0.009431907108350401
23	4	-0.04251972898749301
23	5	0.00861665861467742
23	6	-0.057587909705198115
23	7	-0.05758746357233946
23	8	-0.04601974695458466
23	9	-0.055974045516414606
23	10	-0.02118348947232107
23	11	-0.03698906120830259
23	12	-0.03468655522889463
23	13	-0.06097108318751765
23	14	-0.0725961384022753
23	15	-0.028462208946841372
23	16	-0.039882000204549684
23	17	-0.07696836406409346
23	18	-0.05979203043469994
23	19	-0.0385045701985689
23	20	-0.024460802609766574
23	21	-0.00443456579088064
23	22	0.0593371082836569
23	23	0.05531075970073118
23	24	0.33170846561697687
23	25	0.5940505248390338
23	26	0.3327542638878569
23	27	1.0849851369741543
23	28	0.950462227400827
24	1	-0.14934435746572916
24	2	-0.17057044092928209
24	3	-0.20211637897409673
24	4	-0.18749658681671377
24	5	-0.1981233647435161
24	6	-0.20192425210434806
24	7	-0.16083625404694857
24	8	-0.12405789696424563
24	9	-0.2099425342805432
24	10	-0.1481318426292475
24	11	-0.07553400523907072
24	12	-0.0660852192558039
24	13	-0.12794122086955184
24	14	-0.11513953081318817
24	15	-0.09630584513517704
24	16	-0.1272742876576487
24	17	-0.16878837135993052
24	18	-0.1573958268946427
24	19	-0.1861429858801742
24	20	-0.20542306921493747
24	21	-0.16177047853616955
24	22	-0.2858814532123972
24	23	-0.6355431428110307
24	24	-0.4051161859964054
24	25	-0.14553322823346093
24	26	-0.10493383880854168
24	27	-0.29446605699316564
24	28	-0.6694292735033329
25	1	-0.09982034851098831
25	2	-0.05381097655677536
25	3	-0.004648550592918355
25	4	-0.1128634609135446
25	5	-0.062010169505839485
25	6	-0.011662009959565012
25	7	-0.01880459394647005
25	8	-0.08160792315054977
25	9	-0.0574803284585812
25	10	-0.04357636354665573
25	11	-0.001998057410197873
25	12	-0.006263051525152719
25	13	-0.025259248758651154
25	14	-0.03302759829592361
25	15	-0.04441045575104141
25	16	-0.03827710483952984
25	17	-0.016168351148479587
25	18	-0.0655061208438994
25	19	-0.07394505989910272
25	20	-0.023192273305667754
25	21	-0.04189596324614797
25	22	-0.0726733373622892
25	23	-0.20542592966192075
25	24	-0.5441935216490847
25	25	-0.9480204046619463
25	26	-0.6059767386337853
25	27	-0.04585752267034593
25	28	0.374607096616117
26	1	-0.07925354147199926
26	2	-0.009868444993230696
26	3	0.06916015102009254
26	4	0.05190429956868314
26	5	0.03188004881964446
26	6	0.1578867943381752
26	7	0.09806454058111314
26	8	-0.05058736818524068
26	9	0.07716589246619776
26	10	0.10598654050185274
26	11	0.1063288493935346
26	12	0.12175488906540011
26	13	0.11873730610662392
26	14	0.07802136211407884
26	15	0.17638612500422823
26	16	0.10765891965593966
26	17	0.08050842512039225
26	18	0.13233037049170093
26	19	0.25218076702923753
26	20	0.14821471477736736
26	21	0.13130202790821244
26	22	0.17849199755207223
26	23	0.12647109635529574
26	24	-0.31912380070824753
26	25	-0.20074163951834834
26	26	0.10810826312244615
26	27	-0.5122896127477574
26	28	-0.5278446509060544
27	1	0.016883102985907783
27	2	0.04316123398920979
27	3	0.03546227094741283
27	4	0.032752755050211135
27	5	0.01850052126059154
27	6	0.03603773316312697
27	7	0.036130682313398665
27	8	0.010833831087921908
27	9	0.010178127475285237
27	10	0.029158436322568093
27	11	0.09907118737051945
27	12	0.11172654260870729
27	13	0.11611877188494191
27	14	0.08058465708682405
27	15	0.11691671252694391
27	16	0.08580162104902911
27	17	0.07707874613795695
27	18	0.10969374621318906
27	19	0.16878060934116235
27	20	0.18241979692565025
27	21	0.1518733660330014
27	22	0.14658280571588733
27	23	0.28010280351475103
27	24	0.2896882972696133
27	25	-0.2790111960487778
27	26	-0.41043675774815114
27	27	-0.7071429323566107
27	28	-0.670191817349604
28	1	-0.1482772269584629
28	2	-0.07712957744374904
28	3	-0.09185259573204263
28	4	-0.19873590790778195
28	5	-0.15208938858019394
28	6	-0.09834814828708716
28	7	-0.16099450471902088
28	8	-0.17787386121976567
28	9	-0.1878636143240655
28	10	-0.18380691951859518
28	11	-0.1616383464871447
28	12	-0.10002515507017051
28	13	-0.1441724999355074
28	14	-0.18310534866802186
28	15	-0.19815292108134486
28	16	-0.10605082475952088
28	17	-0.08427533020963551
28	18	-0.11077511320865341
28	19	-0.07960101609388204
28	20	-0.07371388016449032
28	21	-0.12794311088298116
28	22	-0.02938419381376889
28	23	-0.12865952304014883
28	24	-0.3565762355577249
28	25	-0.4678223848599643
28	26	-1.196567453317975
28	27	-1.360565474816724
28	28	-2.132782922510991
29	1	-0.01849530280558298
29	2	0.028536867917431152
29	3	0.024840196695542716
29	4	0.02610667863040561
29	5	0.01812762048245986
29	6	-0.006311506122997912
29	7	-0.03280560354468065
29	8	0.05415935468360544
29	9	-0.05132662263117993
29	10	-0.004743882596557114
29	11	0.04491007862521457
29	12	0.034072979061029685
29	13	0.013445596243272462
29	14	0.0483794772641275
29	15	0.030092896182239315
29	16	0.05283109725978363
29	17	0.061655200785473596
29	18	0.016622187322106186
29	19	0.03918856554212624
29	20	-0.10946464253265731
29	21	-0.0604359325641326
29	22	-0.09340530474036512
29	23	-0.11341250302483985
29	24	-0.012501749803988105
29	25	-0.1024377694753511
29	26	-0.3106951556809676
29	27	-0.013844717548295193
29	28	0.4435358204744162
30	1	0.06619932052633004
30	2	0.10194026387651434
30	3	0.05683571533741372
30	4	0.08483859532458382
30	5	0.10047680739484122
30	6	0.10317384291325027
30	7	-0.015400527877687864
30	8	0.022571998652843206
30	9	0.033543536588460654
30	10	0.022970881202532212
30	11	0.08184355385753861
30	12	0.06804638582281797
30	13	0.03817227506965537
30	14	0.11160278545526836
30	15	0.06307251850440565
30	16	0.06140299292556506
30	17	0.04487806019969298
30	18	-0.013898506640778407
30	19	-0.013049007173130178
30	20	-0.01500889648927739
30	21	-0.07483774253446995
30	22	-0.12841611614958737
30	23	-0.12950597745165027
30	24	-0.05151634555446094
30	25	0.07466127527075628
30	26	-0.12731265813918213
30	27	1.11120974868264
30	28	0.048874925813521486
31	1	0.2602561965420591
31	2	0.3174551893342965
31	3	0.24961575704411842
31	4	0.2950805557664111
31	5	0.2934923769246396
31	6	0.28798651112137463
31	7	0.2790044548903481
31	8	0.2486461082536522
31	9	0.239955447789157
31	10	0.28575217054561364
31	11	0.29872692578118176
31	12	0.2981635502207851
31	13	0.33146326438048845
31	14	0.264679602589041
31	15	0.3166359462314219
31	16	0.321899681828242
31	17	0.32665210190963734
31	18	0.31691491881942824
31	19	0.3050843392830487
31	20	0.2336887292915435
31	21	0.24657969315335038
31	22	0.27143298805083305
31	23	0.25557688168781567
31	24	0.3892805468256242
31	25	0.09403328524312826
31	26	-0.4093541595123895
31	27	-0.6961976587247705
31	28	-1.471483942371428
32	1	0.26869223883720394
32	2	0.2733146846516519
32	3	0.3019238885072255
32	4	0.2549268503636384
32	5	0.2843651050058966
32	6	0.3016121053205367
32	7	0.29733685197921034
32	8	0.30734464777766135
32	9	0.32610211402857203
32	10	0.30869223106253685
32	11	0.2883388954978656
32	12	0.2903398706688236
32	13	0.28065553281039257
32	14	0.30101692918490386
32	15	0.3107150119139348
32	16	0.24900209563870845
32	17	0.2761170692544326
32	18	0.3151077750208273
32	19	0.28063716633584335
32	20	0.22164237805005627
32	21	0.1873875662237907
32	22	0.21957854946689537
32	23	0.05491113902321132
32	24	0.07338032568594599
32	25	-0.14143349597107857
32	26	-0.40511081486346967
32	27	-0.09507721054549734
32	28	0.34833003123878115
33	1	0.28565121999063336
33	2	0.24962891599160741
33	3	0.3086242008119555
33	4	0.33336537309041603
33	5	0.28438883168776385
33	6	0.32638269496418104
33	7	0.29099689382956484
33	8	0.29294283335707405
33	9	0.3146042434692973
33	10	0.2640951756878067
33	11	0.2228336661901693
33	12	0.30544644867198656
33	13	0.27236785084926396
33	14	0.31766976494559884
33	15	0.3066975862969983
33	16	0.3183679524633334
33	17	0.29343152014483564
33	18	0.3167965152660912
33	19	0.271027552157328
33	20	0.3206565960458789
33	21	0.26898172673487863
33	22	0.28102393641771073
33	23	0.18581377165779145
33	24	0.2094611128874604
33	25	0.1914996490383416
33	26	0.7674126551001095
33	27	0.19788836278060984
33	28	1.3279058364233833
34	1	0.20313992419254134
34	2	0.22176735221078303
34	3	0.24229189538827
34	4	0.26607169712023904
34	5	0.2126942909616858
34	6	0.24823972053441423
34	7	0.24079226680670018
34	8	0.24433896563076019
34	9	0.20943462245681843
34	10	0.21657914861405203
34	11	0.3098871944153814
34	12	0.26887758482783397
34	13	0.29128182639255584
34	14	0.2953669368598639
34	15	0.2742943430920377
34	16	0.2668573334906199
34	17	0.27200258758855966
34	18	0.28122131457686095
34	19	0.26329121143367473
34	20	0.27702615939698205
34	21	0.19582294803244338
34	22	0.21527690206084316
34	23	0.18434469310633972
34	24	-0.3358908898023145
34	25	0.007529727816091736
34	26	-0.17610986616610091
34	27	-0.13504280308172412
34	28	1.4283843053229077
35	1	0.2380228290133033
35	2	0.29060802007983
35	3	0.31695310340262495
35	4	0.2578062850818199
35	5	0.2912037878570075
35	6	0.3701074908027522
35	7	0.2851582903218244
35	8	0.24794278788455415
35	9	0.32056611483039177
35	10	0.3457830938568165
35	11	0.3190739270965466
35	12	0.32010188507445747
35	13	0.29780665386597605
35	14	0.2464771755272892
35	15	0.28961534266392874
35	16	0.30105831230298463
35	17	0.31106462601150753
35	18	0.221391026521097
35	19	0.30574144031022144
35	20	0.279334711322349
35	21	0.35848539661650847
35	22	0.3479881889669798
35	23	0.07818186818956718
35	24	0.5536612969746244
35	25	0.485415025211978
35	26	-0.22988707487289162
35	27	-0.16799253051964058
35	28	-1.1606041709895152
36	1	0.20822652488010363
36	2	0.32711416847718056
36	3	0.2933759489811365
36	4	0.2540372008934
36	5	0.25919908878782394
36	6	0.2762388762987342
36	7	0.2649317381402412
36	8	0.2600369214118814
36	9	0.31753619287563595
36	10	0.2579658920844423
36	11	0.22337472134479697
36	12	0.26820857629364525
36	13	0.2170461046023746
36	14	0.2802188536939667
36	15	0.262791211263
36	16	0.26602645531467317
36	17	0.21938697041994715
36	18	0.2718491025070051
36	19	0.25090272497428856
36	20	0.2862509709049377
36	21	0.18219730003770707
36	22	0.12387549013414656
36	23	0.2174158738778189
36	24	0.18718521098124796
36	25	0.7885412515036734
36	26	1.0057872034554194
36	27	1.558347795820687
36	28	1.5218907988293964
37	1	0.12208456036775317
37	2	0.18627079420883774
37	3	0.13454280668918273
37	4	0.15440259340398654
37	5	0.19611406875379345
37	6	0.1808477911505051
37	7	0.1294376869831808
37	8	0.1293642975527476
37	9	0.10120299533591037
37	10	0.189412882876681
37	11	0.1602662815358613
37	12	0.15675767105331317
37	13	0.16932544299901764
37	14	0.0723440864499878
37	15	0.15678985872697382
37	16	0.16666357004066867
37	17	0.1624212206081168
37	18	0.15482894693901272
37	19	0.10466834156397198
37	20	0.09971474465461228
37	21	0.18118490930513076
37	22	0.16427949078866533
37	23	0.2551722899905968
37	24	0.42821200044461705
37	25	0.4704492200783079
37	26	0.19840446117726884
37	27	0.29189757937047034
37	28	1.1447479416865391
38	1	0.3226809210480752
38	2	0.393627995939994
38	3	0.39919259906068305
38	4	0.38180952039420646
38	5	0.39251416402739636
38	6	0.40558477438550966
38	7	0.37708467242167387
38	8	0.36746098706255026
38	9	0.3518604447302778
38	10	0.36365597984308096
38	11	0.3727518676580175
38	12	0.3815311799977863
38	13	0.32790585917273773
38	14	0.358720077073869
38	15	0.3712055468045534
38	16	0.38318246482763385
38	17	0.3525633810592481
38	18	0.3798141312662082
38	19	0.3631944316805331
38	20	0.35522201622755034
38	21	0.2783439812627151
38	22	0.3310473306929822
38	23	0.422737577817081
38	24	-0.24711220334234696
38	25	-0.6991656684420562
38	26	-1.2318421090859886
38	27	-2.1303574383390966
38	28	-0.9352520583134591
39	1	0.3904833257421032
39	2	0.41081843695516795
39	3	0.3913986039266675
39	4	0.4239745769071277
39	5	0.3803180798114383
39	6	0.4216045507402413
39	7	0.4226912400289109
39	8	0.3832402291408741
39	9	0.40620425595198384
39	10	0.4129056327914711
39	11	0.4512452342111999
39	12	0.43784765185206
39	13	0.45128820478479525
39	14	0.4697320577489066
39	15	0.4625717085565242
39	16	0.38944336308498606
39	17	0.3933246937283741
39	18	0.3813657472469174
39	19	0.4386108722442259
39	20	0.4261916472484444
39	21	0.43121168258989684
39	22	0.4246404576916092
39	23	0.5470167366687235
39	24	0.28454877028486436
39	25	0.48130042215758095
39	26	0.44327309828728545
39	27	0.6918975793704689
39	28	0.048354499063592016
40	1	0.24536647564596592
40	2	0.28353709262273696
40	3	0.32117456710387415
40	4	0.32311420437116567
40	5	0.2619340905542842
40	6	0.2900227785199547
40	7	0.31180730126363443
40	8	0.276216118330332
40	9	0.31352104604273734
40	10	0.30872359808650884
40	11	0.3339613556889063
40	12	0.30601172954174416
40	13	0.26620357079428203
40	14	0.33835446464804164
40	15	0.2839590280845954
40	16	0.331104667559444
40	17	0.3160735759843192
40	18	0.3011430946103957
40	19	0.3483917818570177
40	20	0.3412878751827364
40	21	0.41010998663535503
40	22	0.3513477214810763
40	23	0.5563866366324532
40	24	0.5552349749916985
40	25	0.23524274923965294
40	26	0.31604095543013955
40	27	0.11500682306795085
40	28	0.33593438236450623
41	1	0.1666326861873415
41	2	0.2609723556521786
41	3	0.28046917186541975
41	4	0.28967988388844645
41	5	0.24275494776686912
41	6	0.3013627938363399
41	7	0.3140609978140816
41	8	0.28447181779257846
41	9	0.29758274919101524
41	10	0.25415014255872137
41	11	0.2902482265179316
41	12	0.2624972084312205
41	13	0.3003338610481805
41	14	0.29639514563805136
41	15	0.2609146021544646
41	16	0.32960164215275967
41	17	0.3246196135010493
41	18	0.35758850530181263
41	19	0.33199590615144814
41	20	0.38826890689581006
41	21	0.21946410179473474
41	22	0.25193028456627786
41	23	0.16569341099395274
41	24	0.011731034263277706
41	25	-0.23828501831192028
41	26	0.41946357447775995
41	27	0.38022510550287336
41	28	-1.5909897632314909
42	1	0.4411558165221976
42	2	0.4302250474754885
42	3	0.43085721226283624
42	4	0.45173184993512905
42	5	0.4127571925737854
42	6	0.3555455446489191
42	7	0.3892654450744999
42	8	0.3739106179613074
42	9	0.37900064362285235
42	10	0.3571732314320144
42	11	0.385537927104707
42	12	0.3514017141932442
42	13	0.39099673564203385
42	14	0.3690928665423243
42	15	0.38280057772800546
42	16	0.37288561819727306
42	17	0.32795124472804105
42	18	0.39311130347377343
42	19	0.32726745799072887
42	20	0.39198665448276415
42	21	0.3582707798444389
42	22	0.48162960980298664
42	23	0.47182947536295217
42	24	0.817582226702001
42	25	0.5391706221330423
42	26	0.8885569810711687
42	27	0.714913452386341
42	28	0.618801995740597
43	1	0.30822865736182337
43	2	0.3353718957657392
43	3	0.3643542140245444
43	4	0.3331727145135801
43	5	0.3598098157302374
43	6	0.4019435037343939
43	7	0.39012125808364573
43	8	0.42249557973938323
43	9	0.374432148429932
43	10	0.379262317329335
43	11	0.418862044108927
43	12	0.444253038335205
43	13	0.3955658093866887
43	14	0.39922434223090164
43	15	0.4269706112282705
43	16	0.3687952574419171
43	17	0.35612407209319485
43	18	0.41189643038150336
43	19	0.3874153415465571
43	20	0.46763954450691614
43	21	0.43868513783046126
43	22	0.4558551606877117
43	23	0.472727138016765
43	24	0.3436388715821792
43	25	-0.3011557181933
43	26	-0.5629331756914979
43	27	-0.6118839332345729
43	28	-0.9085853916467954
44	1	0.3005626087562092
44	2	0.3490294394034237
44	3	0.38694267765726664
44	4	0.37972014103845453
44	5	0.40693316101347676
44	6	0.4526800258397756
44	7	0.40476448041713553
44	8	0.3847028258967953
44	9	0.37050809444082944
44	10	0.4226171346794274
44	11	0.46573306046674645
44	12	0.48191493335905733
44	13	0.3897147562686598
44	14	0.4223694612397253
44	15	0.432127832695123
44	16	0.4333479593732861
44	17	0.41257540408124527
44	18	0.38069587853569686
44	19	0.3620183842829121
44	20	0.41603884997673646
44	21	0.3086454474779856
44	22	0.32183706655492017
44	23	0.09348392496348623
44	24	0.3176262193302648
44	25	0.0817959357507192
44	26	-0.306468102540876
44	27	0.7079690079418981
44	28	0.6725910789414442
45	1	0.11421636484600128
45	2	0.259287741627908
45	3	0.4550846778088413
45	4	0.35300877220378624
45	5	0.32330287987758766
45	6	0.5034397165455999
45	7	0.43164845234824156
45	8	0.2641818879091531
45	9	0.4495940481399856
45	10	0.44283283996770706
45	11	0.49937523454286037
45	12	0.5137691049244424
45	13	0.5189006534180436
45	14	0.48382453915597523
45	15	0.5526883555181001
45	16	0.49214801611737613
45	17	0.5118400433773047
45	18	0.5871932550015302
45	19	0.6850573308999586
45	20	0.5258846843478011
45	21	0.6397948459450333
45	22	0.526204514724121
45	23	0.5586867773469493
45	24	0.2866590647340672
45	25	0.8457976868246249
45	26	0.5191151424220095
45	27	-0.2451559920581019
45	28	0.5423598819850497
46	1	0.3677380508374313
46	2	0.46094665851801864
46	3	0.43426035249261474
46	4	0.4564321947396053
46	5	0.42016090255891925
46	6	0.4942994565097649
46	7	0.4705848601728633
46	8	0.46533976807473465
46	9	0.51251619749236
46	10	0.5017103596713852
46	11	0.4717240449328628
46	12	0.5238672205932389
46	13	0.5176674216799384
46	14	0.48146375310744105
46	15	0.5184111931629474
46	16	0.5247683700076919
46	17	0.5312824634160123
46	18	0.5565326200445
46	19	0.5622244656448743
46	20	0.5391634213778431
46	21	0.49421485608651494
46	22	0.4773642318094531
46	23	0.3633269352096846
46	24	0.4434564730413655
46	25	0.19697162263067014
46	26	0.7002517518176603
46	27	-0.03550114131183335
46	28	0.19808127501987371
47	1	0.4793458685090073
47	2	0.5570451707381565
47	3	0.5627333787235784
47	4	0.4997635757028007
47	5	0.5204271932974933
47	6	0.5517400868702467
47	7	0.5967315717123327
47	8	0.5505940773830176
47	9	0.5718285517605111
47	10	0.6006124115827163
47	11	0.588436527295265
47	12	0.6148805586973367
47	13	0.61882242989671
47	14	0.6178948763468313
47	15	0.5879939445762048
47	16	0.5873205202247362
47	17	0.5610485462990624
47	18	0.5533818204438177
47	19	0.6562447307180008
47	20	0.6475312353134441
47	21	0.6286438775371224
47	22	0.5847232397185138
47	23	0.5948304344797961
47	24	0.6488793534251371
47	25	0.4516407023883602
47	26	-0.4121022396208076
47	27	-0.1416931542202633
47	28	0.6140437163344288
48	1	0.5320173434746636
48	2	0.6332884208817404
48	3	0.5868966502864836
48	4	0.6049213748780318
48	5	0.5752929678032217
48	6	0.6211232094197285
48	7	0.6155732815913737
48	8	0.6234618788524315
48	9	0.6144982607715903
48	10	0.6510754593717252
48	11	0.5955283937020965
48	12	0.6176184615201166
48	13	0.5645173278416209
48	14	0.580481352449219
48	15	0.5291977455733203
48	16	0.5517628540398647
48	17	0.5468100429999438
48	18	0.5863137391957451
48	19	0.6406351155502037
48	20	0.48500522457869977
48	21	0.649854196427853
48	22	0.6530856638766451
48	23	0.49048368225882655
48	24	0.4769366717566115
48	25	0.7594503424127623
48	26	1.0615270665412524
48	27	0.9805530415553463
48	28	1.880132557071157
49	1	0.43136689776874704
49	2	0.48927985431077303
49	3	0.5035761855959322
49	4	0.4935841736460702
49	5	0.5192491413597793
49	6	0.5003817543342137
49	7	0.4903530587227678
49	8	0.47429439550182906
49	9	0.5014131576084893
49	10	0.507462846223163
49	11	0.526483752140237
49	12	0.48795545714603605
49	13	0.516300558528485
49	14	0.5303579575071282
49	15	0.5038477508439314
49	16	0.519395785658638
49	17	0.5308252891583933
49	18	0.502863517317742
49	19	0.6014734974340854
49	20	0.5198173095919287
49	21	0.5107616607718342
49	22	0.5143410559741355
49	23	0.6924030567798525
49	24	0.9824241417878241
49	25	1.2453559097136804
49	26	1.5770482578356422
49	27	1.770469007941898
49	28	2.231414608353205
50	1	0.49561936160505127
50	2	0.5812279484156448
50	3	0.5714762764994816
50	4	0.561385906299428
50	5	0.5233078285051533
50	6	0.606481236342141
50	7	0.6004498906952378
50	8	0.6314683972202815
50	9	0.5899243081863048
50	10	0.6298685106487127
50	11	0.6123774289752504
50	12	0.6652141041740336
50	13	0.6407506694402372
50	14	0.6263830810144668
50	15	0.6463049098941838
50	16	0.6347390079927067
50	17	0.5526541737371318
50	18	0.6458744113200439
50	19	0.6841689532933017
50	20	0.6557826226883634
50	21	0.7578711440694477
50	22	0.7813904436717678
50	23	0.7589090123412987
50	24	0.9644555025134736
50	25	1.4329558252567693
50	26	1.3851154089820525
50	27	1.265796110745633
50	28	0.7544031141003344
51	1	0.6470687930809618
51	2	0.7202755009960455
51	3	0.7385252679445387
51	4	0.7581644007570105
51	5	0.7545469776512803
51	6	0.8204581526614447
51	7	0.7506448003057642
51	8	0.7770865144773254
51	9	0.7926226150687015
51	10	0.777813720691853
51	11	0.7533286753477597
51	12	0.8005619448348895
51	13	0.7865274598802472
51	14	0.7936841129582177
51	15	0.8263756093682915
51	16	0.7723673432047775
51	17	0.7579371236864461
51	18	0.7586417058527672
51	19	0.7196757638239362
51	20	0.6964357796547844
51	21	0.7162985927395056
51	22	0.6897981872695382
51	23	0.7950996557971095
51	24	0.5632926193689158
51	25	0.6496018575642779
51	26	0.34943556327328196
51	27	0.7069769444498348
51	28	0.7689732937992204
52	1	0.5089549327073755
52	2	0.5540997432565717
52	3	0.5804573775987691
52	4	0.5474746478420087
52	5	0.5810134614744626
52	6	0.650054592828802
52	7	0.6162345676731249
52	8	0.6136536908558696
52	9	0.6603090364835467
52	10	0.6583379583517299
52	11	0.6555598494839998
52	12	0.6899154535943097
52	13	0.6756136455738186
52	14	0.629052173024867
52	15	0.6351235604876706
52	16	0.5770504227127233
52	17	0.5840834485709934
52	18	0.5879522194652722
52	19	0.6101793313875419
52	20	0.6234787910381954
52	21	0.5949864246376251
52	22	0.4827479299693209
52	23	0.6479696560766186
52	24	0.597947141535002
52	25	0.9575507494683961
52	26	0.7986707547320648
52	27	1.2980280630600092
52	28	1.6509548382382633
53	1	0.42442161960055813
53	2	0.5123472079198095
53	3	0.5526138039013304
53	4	0.5106919692965803
53	5	0.5000676591346505
53	6	0.6047799949586121
53	7	0.5729879615496714
53	8	0.593098692479515
53	9	0.614406069461694
53	10	0.5833511846243908
53	11	0.6306069501757321
53	12	0.6666741467944988
53	13	0.6519798697369694
53	14	0.61409548873727
53	15	0.6303090385779839
53	16	0.6317513732061855
53	17	0.618137640942436
53	18	0.5941993057123582
53	19	0.5868672242030186
53	20	0.5864217270670196
53	21	0.6378806769006076
53	22	0.6483451972350309
53	23	0.6890993771126119
53	24	0.28085779584912984
53	25	0.49265871479639145
53	26	0.0854401100195119
53	27	0.7401659776388669
53	28	-0.37787500913313465
54	1	0.5416164440494242
54	2	0.6359561135142613
54	3	0.6416235195269877
54	4	0.6121535852721394
54	5	0.6245208269121321
54	6	0.6900923422862988
54	7	0.6446316168928377
54	8	0.6631119693500267
54	9	0.6540150700322727
54	10	0.6373365212463895
54	11	0.651853135841101
54	12	0.6926535340977722
54	13	0.6892856093887119
54	14	0.6151230026724974
54	15	0.6152902196348506
54	16	0.670106122336108
54	17	0.626905753860413
54	18	0.7021300458769559
54	19	0.7850013633930288
54	20	0.7188338715254119
54	21	0.6850584557350032
54	22	0.6772210195555743
54	23	0.8439067209610513
54	24	0.776294656409199
54	25	-0.014334012766937576
54	26	0.049538762447689066
54	27	-0.1773570790146266
54	28	0.6980812750198737
55	1	0.5537107013772413
55	2	0.6670893554295674
55	3	0.6980616711845258
55	4	0.6715180431921084
55	5	0.6880949420709683
55	6	0.742635069100082
55	7	0.6999974698625095
55	8	0.6999895416209725
55	9	0.7737159288096365
55	10	0.6916098950481882
55	11	0.7564573556295784
55	12	0.747768702684958
55	13	0.7728878259798364
55	14	0.7616027662064724
55	15	0.7397711189244163
55	16	0.693432297293306
55	17	0.7200208573962996
55	18	0.7727502466265364
55	19	0.8017756927667392
55	20	0.7583185297787836
55	21	0.8145035532595912
55	22	0.8222966610316718
55	23	0.8887925697143046
55	24	0.8691120173622267
55	25	0.9568638076086557
55	26	0.814377561014787
55	27	1.0006277381006257
55	28	1.191508505066821
56	1	0.6512377365876034
56	2	0.7396186589172231
56	3	0.795034369437154
56	4	0.765159548257003
56	5	0.7259368026262862
56	6	0.820752876842981
56	7	0.7693890474776452
56	8	0.8053576131881783
56	9	0.799794722644819
56	10	0.8291921908033828
56	11	0.7632176761758345
56	12	0.832454379477717
56	13	0.7898764495014419
56	14	0.8088479232324417
56	15	0.8494622846019269
56	16	0.8036924831281311
56	17	0.8086378223558555
56	18	0.8192986908180657
56	19	0.7753005954271401
56	20	0.8119497759384231
56	21	0.7593422734336812
56	22	0.7738413742042454
56	23	1.028277074272836
56	24	0.8724329417142727
56	25	1.1506961336585562
56	26	0.5718936186603827
56	27	0.2314065079418981
56	28	0.3361765131151131
57	1	0.6023235955932833
57	2	0.6644002913859239
57	3	0.664717267845198
57	4	0.6828245343134043
57	5	0.6594775508661996
57	6	0.7212505493835835
57	7	0.6615802029343101
57	8	0.6819876514875816
57	9	0.7470884022256428
57	10	0.6727232092759934
57	11	0.6483058806030186
57	12	0.6577500538410419
57	13	0.6470984096874091
57	14	0.6769704548227935
57	15	0.6519790727812094
57	16	0.6381805728535781
57	17	0.6647695928654187
57	18	0.6759617562977809
57	19	0.7257560612530369
57	20	0.7254920045543827
57	21	0.7421934230440996
57	22	0.7373723122537967
57	23	0.47359241039551137
57	24	1.0320663296797576
57	25	1.765228462597662
57	26	1.5417952657749723
57	27	1.5774865518015488
57	28	1.7472876242262245
58	1	0.562725802174441
58	2	0.6547520848410073
58	3	0.683612966149802
58	4	0.684110492439288
58	5	0.6542866361943922
58	6	0.7281202273500043
58	7	0.6943470919370895
58	8	0.6902014009640709
58	9	0.7492402638583329
58	10	0.686198895678146
58	11	0.6589148356408217
58	12	0.7066767822518543
58	13	0.6818048915641555
58	14	0.7222950922408131
58	15	0.6866021868305552
58	16	0.6751945503898966
58	17	0.6389292277969503
58	18	0.6981513388477651
58	19	0.7920899795177618
58	20	0.6987561662582351
58	21	0.783270779844436
58	22	0.8845405968623723
58	23	0.8112540745872181
58	24	1.0942738405956902
58	25	1.456547363039192
58	26	1.3534024679542256
58	27	1.022721260194153
58	28	0.32790583642338333
59	1	0.759079690537142
59	2	0.8630228296426239
59	3	0.8948992359650418
59	4	0.9093729247194489
59	5	0.8364996252544898
59	6	0.9553256752086909
59	7	0.9406469152749821
59	8	0.9244185799202569
59	9	0.9144326122717743
59	10	0.9736733729349041
59	11	0.939920334258332
59	12	0.9654219767903882
59	13	0.9541143109183992
59	14	0.9600516287768457
59	15	0.9553324021656806
59	16	1.0275481085144804
59	17	1.01938914552791
59	18	0.9924159039289577
59	19	1.1222612064661348
59	20	1.0665195665791316
59	21	1.1484355020592432
59	22	1.0449877823637976
59	23	1.256304325236826
59	24	1.1711835413272098
59	25	0.8580885463141215
59	26	0.679203834218022
59	27	1.2044312720928403
59	28	0.719293396231997
60	1	0.6093040110838928
60	2	0.702707497056771
60	3	0.6543227484009932
60	4	0.672280419272397
60	5	0.6664153909750539
60	6	0.7645749776630524
60	7	0.7076730758225267
60	8	0.7100727763211907
60	9	0.7624033108112158
60	10	0.7380909999050331
60	11	0.7423792853577282
60	12	0.7408498379746007
60	13	0.7626578263396198
60	14	0.7563081708955295
60	15	0.7973124060828809
60	16	0.7583398641446806
60	17	0.7719268659694478
60	18	0.830304017327272
60	19	0.8908843768602139
60	20	0.8499429520827135
60	21	0.937263956656345
60	22	0.8448119382391965
60	23	1.0555342847798528
60	24	0.9037319735711762
60	25	1.2027937288841102
60	26	1.140328236131893
60	27	0.8473920848649783
60	28	1.4109017878403876
77	1	0.49255265476670473
77	2	0.47315629367559353
77	3	0.46641447178095063
77	4	0.5352050919056026
77	5	0.500669593156303
77	6	0.4558072751503559
77	7	0.4944081190088312
77	8	0.5393209329519664
77	9	0.5425033350446284
77	10	0.48080963712346403
77	11	0.4270002035516782
77	12	0.36737590657052976
77	13	0.41066974090460917
77	14	0.45915736348637637
77	15	0.4231100376626955
77	16	0.3416465430813105
77	17	0.43143474034886964
77	18	0.34195984186339246
77	19	0.4124019895359723
77	20	0.48741591944291685
77	21	0.4149372844864416
77	22	0.36732428785326476
77	23	0.5745937576010647
77	24	0.5099302685237319
77	25	-0.04118145821903596
77	26	0.25070835309096395
77	27	0.4169336544065416
77	28	-2.1994030017096833
78	1	0.3958425435453492
78	2	0.40724515007312334
78	3	0.3598930401781786
78	4	0.4365681396655958
78	5	0.3942543674144403
78	6	0.33918738351277966
78	7	0.31312648650920494
78	8	0.3498883765424736
78	9	0.3871179876151416
78	10	0.3608899048540408
78	11	0.2821704880698235
78	12	0.27174332582549
78	13	0.3425355551017262
78	14	0.36452871303087875
78	15	0.30217545378568644
78	16	0.32283099167840135
78	17	0.33682140348061296
78	18	0.3235184323865212
78	19	0.26476078013890714
78	20	0.3178194423845184
78	21	0.28401021731571774
78	22	0.2306974739669272
78	23	0.10415955831312829
78	24	-0.10215313470280307
78	25	-0.3449410289277637
78	26	-1.7644543040508935
78	27	-1.3521725014920634
78	28	-1.7996588379744765
79	1	0.33413687350565624
79	2	0.3061943105927014
79	3	0.29258934262936265
79	4	0.31569163630467045
79	5	0.3125179788895167
79	6	0.2981694898982923
79	7	0.3045351692265683
79	8	0.3674314981487399
79	9	0.3530887237063638
79	10	0.32315429881764146
79	11	0.2181102635692156
79	12	0.19922695699835913
79	13	0.2675032338708192
79	14	0.3132464874320746
79	15	0.2709805221420609
79	16	0.28132053703126303
79	17	0.30769452703342637
79	18	0.26465720030817863
79	19	0.21995058092509367
79	20	0.3021181264119903
79	21	0.2771581539804302
79	22	0.1901435167408394
79	23	0.12577028692565762
79	24	0.38903986459740736
79	25	1.0761336590960795
79	26	0.5758545519213669
79	27	1.126990747072334
79	28	1.4034576191058932
80	1	0.47496996479666365
80	2	0.5549291032880532
80	3	0.5161430401781786
80	4	0.5908537931713767
80	5	0.5400989045145081
80	6	0.49181382233943793
80	7	0.5030567885080899
80	8	0.5465177317005896
80	9	0.6155073139967229
80	10	0.4714215745118153
80	11	0.47937409751347104
80	12	0.49395498032143337
80	13	0.5104526214424681
80	14	0.5436089082781095
80	15	0.5234490474486577
80	16	0.4767395720360952
80	17	0.45177282374176997
80	18	0.49852887206724006
80	19	0.39831075410897654
80	20	0.5171507113437244
80	21	0.5562724092113811
80	22	0.48332062384508134
80	23	0.3671057037429506
80	24	0.5478243919441681
80	25	0.7194204134939426
80	26	0.75521821531715
80	27	0.8155140529869414
80	28	0.7532725318504774
81	1	0.5053641924187104
81	2	0.5411084885631396
81	3	0.4394054380172179
81	4	0.49807719163315767
81	5	0.4525432844815782
81	6	0.4651672908474467
81	7	0.4933246426957254
81	8	0.5276739985946151
81	9	0.6021080730249508
81	10	0.4905970587612174
81	11	0.4023347205681702
81	12	0.4309394060992844
81	13	0.5133567272804243
81	14	0.4715539581832857
81	15	0.4241406834583543
81	16	0.4656631062323626
81	17	0.4848161570301528
81	18	0.48393000681746656
81	19	0.4852997258025056
81	20	0.5249465299731284
81	21	0.5391816557603448
81	22	0.4257097108758856
81	23	0.7486187353504832
81	24	0.9348396494139735
81	25	1.5444726971072456
81	26	1.2207058105026078
81	27	1.4922081383766823
81	28	0.9814146083532052
82	1	0.3441463216784797
82	2	0.30838360206481497
82	3	0.35757222106555275
82	4	0.4159853095264481
82	5	0.3450340996276182
82	6	0.3357161789494256
82	7	0.37138802019735806
82	8	0.3837984937290386
82	9	0.46341288725475493
82	10	0.3421300299166887
82	11	0.29611020023478574
82	12	0.2975105279066881
82	13	0.31972832819893426
82	14	0.29185060615481717
82	15	0.2743270564492306
82	16	0.2683528418418888
82	17	0.33072054188487243
82	18	0.274636132106572
82	19	0.2665447990870078
82	20	0.3325382752192638
82	21	0.3090159991920203
82	22	0.2069022752570433
82	23	0.31129463112971223
82	24	0.5969566621130227
82	25	0.5512615846056832
82	26	0.6460645596994326
82	27	0.3983759846860835
82	28	0.5819893209968825
83	1	0.33715831643115024
83	2	0.4012275701822787
83	3	0.3048681511696998
83	4	0.37098824129139985
83	5	0.3579472546429088
83	6	0.31538255925053704
83	7	0.3116186952287734
83	8	0.3697448660774185
83	9	0.3514618745905409
83	10	0.3451448668972432
83	11	0.30365665964075106
83	12	0.27246656061572594
83	13	0.3351024393139781
83	14	0.34404254240075716
83	15	0.3068610977529147
83	16	0.3104454194946342
83	17	0.3063557706337079
83	18	0.32214422344462434
83	19	0.3164309944773649
83	20	0.33685186907899123
83	21	0.3165496317941745
83	22	0.28795745160984154
83	23	0.3691268385446307
83	24	0.49332765916874877
83	25	0.6819971097248754
83	26	0.4915924260183786
83	27	1.2445430820159729
83	28	0.70242910110683
84	1	0.4648356985087716
84	2	0.5136416864415381
84	3	0.4504247128713601
84	4	0.5129753055544768
84	5	0.4822448074016634
84	6	0.44661915088830284
84	7	0.4745956079863589
84	8	0.4944912117680431
84	9	0.5090423897163205
84	10	0.4729303888109584
84	11	0.33720606184384394
84	12	0.3192139775789826
84	13	0.3373554666753549
84	14	0.422787045029672
84	15	0.3275528860494177
84	16	0.32449880558406363
84	17	0.3424007310768147
84	18	0.3578228055255437
84	19	0.2947968554781326
84	20	0.4116306280954589
84	21	0.3673616889353468
84	22	0.3267760144670646
84	23	0.44442217706389897
84	24	0.37261230894520025
84	25	0.07654621582263132
84	26	0.4748707840905766
84	27	0.6386860622054655
84	28	-0.2587814700781621
85	1	0.43353214221811953
85	2	0.3785263668526042
85	3	0.3669729226254148
85	4	0.402857623625394
85	5	0.34148468451918745
85	6	0.28463501629677523
85	7	0.34181339671361144
85	8	0.3537718774924983
85	9	0.3411510451266935
85	10	0.33298195920631457
85	11	0.23735725161351695
85	12	0.2691558198236095
85	13	0.2720892768275007
85	14	0.2747257615073835
85	15	0.2864260735906754
85	16	0.2584253412241253
85	17	0.2517983581316301
85	18	0.2791324855885762
85	19	0.2429173907138349
85	20	0.30338905531247917
85	21	0.2635564252169118
85	22	0.21983835864369183
85	23	0.36144578826755946
85	24	-0.011177837710235394
85	25	0.40841523890241405
85	26	0.8018908816838319
85	27	1.2671133032439101
85	28	2.5047479416865386
86	1	0.38042493789518517
86	2	0.4065918498849399
86	3	0.3331820767230269
86	4	0.4009432993895885
86	5	0.3530379094537963
86	6	0.31269666492903525
86	7	0.33331606437320005
86	8	0.3441527168533227
86	9	0.337548022696339
86	10	0.28635281403787616
86	11	0.23096262616428476
86	12	0.24915521626063253
86	13	0.3047008316856079
86	14	0.31299559498613405
86	15	0.3181822376994461
86	16	0.28771401563119525
86	17	0.26776906047478377
86	18	0.22893306237714484
86	19	0.2449225667648136
86	20	0.20713148636460943
86	21	0.3201801582346704
86	22	0.2838262249657575
86	23	0.17449323452628818
86	24	0.7828156754481981
86	25	0.7512411602905402
86	26	0.8135522444285002
86	27	0.20906549916996653
86	28	0.392334148583096
87	1	0.3572419403395344
87	2	0.3595302938408764
87	3	0.30870933431916825
87	4	0.3318237529849526
87	5	0.35996464179817167
87	6	0.3007205732432965
87	7	0.3879757821679135
87	8	0.39462316298337896
87	9	0.3816542488674486
87	10	0.37926086070680753
87	11	0.32725186351225943
87	12	0.2650292437166186
87	13	0.3103834458698671
87	14	0.26475060990136967
87	15	0.3165109053992765
87	16	0.28836574260397185
87	17	0.33798443830321645
87	18	0.31434019360845866
87	19	0.3281927342170263
87	20	0.41163169657856
87	21	0.34242139874874056
87	22	0.3004121518872722
87	23	0.014470832130641043
87	24	0.2646241016684101
87	25	-0.43403860107618186
87	26	0.49188882364719433
87	27	0.29529170297735874
87	28	-0.009326132387535324
88	1	0.38232759535750205
88	2	0.3597150322159024
88	3	0.32627414090507045
88	4	0.34432874354769183
88	5	0.34678492097302893
88	6	0.385261169539838
88	7	0.3739929876093484
88	8	0.3836006974510511
88	9	0.40105473103786693
88	10	0.39866285360829323
88	11	0.29809471960152933
88	12	0.36909727509532786
88	13	0.41695117063883913
88	14	0.4270933239132475
88	15	0.344752082764181
88	16	0.41369135665091505
88	17	0.40176087729859233
88	18	0.39552792252936797
88	19	0.36043201246550893
88	20	0.4791189230700965
88	21	0.433310026312256
88	22	0.44315557608642564
88	23	0.4275466359093798
88	24	0.22677265606942854
88	25	0.9311323189727858
88	26	0.6787729854459386
88	27	0.7269907470723354
88	28	0.9777914199474083
89	1	0.2543511618411429
89	2	0.3001572211320962
89	3	0.21714712790203095
89	4	0.2899946404941218
89	5	0.26374427537826506
89	6	0.24034405191574848
89	7	0.20788733946366733
89	8	0.19000830851810235
89	9	0.22641592819000778
89	10	0.18442455862486895
89	11	0.1365223962187727
89	12	0.16625897887215757
89	13	0.18088638153975722
89	14	0.18117464690494955
89	15	0.18152722581329783
89	16	0.1653090897547358
89	17	0.23645732426888344
89	18	0.20232532451253604
89	19	0.10993509523154188
89	20	0.25483508063575755
89	21	0.07375610917905107
89	22	0.08043041780585725
89	23	-0.12120051771157136
89	24	0.011617056233525602
89	25	0.3341256670880881
89	26	0.35152706654125154
89	27	-0.07987112811252217
89	28	0.2293049037118564
90	1	0.3331333741763771
90	2	0.33997947699170084
90	3	0.30250755381688066
90	4	0.32994990458107054
90	5	0.34691599297364206
90	6	0.30408972255305144
90	7	0.3291725762917821
90	8	0.3772985525733361
90	9	0.32217350338090256
90	10	0.40171351767970975
90	11	0.32555290081918997
90	12	0.28180379032239244
90	13	0.2790305577830381
90	14	0.3285759473200045
90	15	0.31096857522934584
90	16	0.31138211117136194
90	17	0.24579174348544086
90	18	0.2978215005110201
90	19	0.28158996642344647
90	20	0.41093828692612533
90	21	0.30209795407186135
90	22	0.43468048636368195
90	23	0.26463600347377536
90	24	0.34860987406767663
90	25	0.39087326731394967
90	26	0.05760715678378148
90	27	-0.09567272434156848
90	28	0.20967547791842378
91	1	0.2804235853431365
91	2	0.29833258011843355
91	3	0.16913641490612719
91	4	0.2524230976636801
91	5	0.2955430825400498
91	6	0.28045704714833875
91	7	0.2986451874983942
91	8	0.36240907310362047
91	9	0.3811451306168081
91	10	0.3399333553224011
91	11	0.27043074145105805
91	12	0.17567169293910467
91	13	0.2462730671096267
91	14	0.27888709053866023
91	15	0.26526482120996775
91	16	0.27596180146520766
91	17	0.2768266677081286
91	18	0.2617554850964936
91	19	0.22853993066611622
91	20	0.20001996462399774
91	21	0.2913023541433972
91	22	0.28891560222762536
91	23	0.28753029047294376
91	24	0.1254871138376643
91	25	-0.5218764389140205
91	26	-0.532917377903189
91	27	-0.3862474099685471
91	28	-1.4821270583134591
92	1	0.24087086544511038
92	2	0.240973676138573
92	3	0.1782590946430318
92	4	0.22713860782947393
92	5	0.21752323281123154
92	6	0.18344483600328942
92	7	0.19286988433999852
92	8	0.2754193623394485
92	9	0.16841233607858186
92	10	0.17530772262841054
92	11	0.179122086186716
92	12	0.0893167213976156
92	13	0.17717817657145218
92	14	0.1717784993433611
92	15	0.15502106289475392
92	16	0.0857340417632102
92	17	0.12022995186699603
92	18	0.18079903077362047
92	19	0.04969480735040577
92	20	0.11361562758191468
92	21	0.022246508640108686
92	22	0.024352857153843388
92	23	0.09440320570411131
92	24	0.5058675490613993
92	25	0.5723705411850517
92	26	1.02564118065537
92	27	1.2632226311303043
92	28	0.7504622274008241
93	1	0.21593077389906767
93	2	0.16450558874949195
93	3	0.12639114384442252
93	4	0.18466305360121282
93	5	0.1561584809999701
93	6	0.16271695129013608
93	7	0.12556785045499197
93	8	0.16529933726316415
93	9	0.1271026047678987
93	10	0.16961215605416413
93	11	0.058036392077319476
93	12	0.0675287793100594
93	13	0.0848560664487863
93	14	0.09724749867001492
93	15	0.10802553291009787
93	16	0.06344153158097754
93	17	0.06239229276832248
93	18	0.07287416620540199
93	19	0.07549781437217717
93	20	0.02501686691331173
93	21	0.03512896103332963
93	22	-0.002808887862364884
93	23	-0.0814450241216349
93	24	-0.23818215470067372
93	25	0.24390399950485886
93	26	0.26934250910245794
93	27	0.5204690079418981
93	28	0.2725401494787505
94	1	0.2261800622843566
94	2	0.20788032654473199
94	3	0.16683232146689875
94	4	0.18499250340594386
94	5	0.20517992265226326
94	6	0.1048609911938243
94	7	0.15455645678675722
94	8	0.22379900123376473
94	9	0.18875107571663108
94	10	0.15028427751978768
94	11	0.10156841356440083
94	12	0.11566980826498252
94	13	0.11619609530502117
94	14	0.1486513809453669
94	15	0.17580947775428513
94	16	0.16720114445003986
94	17	0.17911653090585844
94	18	0.15022585556923929
94	19	0.11697017330754278
94	20	0.1734050738135693
94	21	0.1571782553476595
94	22	0.21090632256536423
94	23	0.14291462907157637
94	24	0.27537989013725195
94	25	-0.54711041074993
94	26	-0.6762054623677471
94	27	-1.4113491738762818
94	28	-1.9775055794402192
95	1	0.0381269484855693
95	2	0.02652566302390369
95	3	0.1427869777313333
95	4	0.06992944729248052
95	5	0.06813042696416716
95	6	0.1976533738461015
95	7	0.21001924992365417
95	8	0.026372281411745746
95	9	0.26297880035361487
95	10	0.19261263480298396
95	11	0.1244692341542546
95	12	0.2224627873868883
95	13	0.22033201450430795
95	14	0.15640967133875705
95	15	0.2566544021244326
95	16	0.22259759125547163
95	17	0.27941986928404106
95	18	0.3239330927507851
95	19	0.4173922230507898
95	20	0.302215721603325
95	21	0.4675939335663557
95	22	0.49570137105459366
95	23	0.37634610567518934
95	24	0.34979482233457304
95	25	0.5204719295213067
95	26	0.18588199018527973
95	27	0.7470315079418981
95	28	1.1971008828630119
96	1	-0.047984018158693686
96	2	-0.04990960199103256
96	3	-0.08729049242381848
96	4	-0.024383609189520428
96	5	-0.018905139170435348
96	6	-0.06599638871154667
96	7	-0.06851539188850353
96	8	-0.038412502905949
96	9	-0.0629256357157999
96	10	-0.10284110098223209
96	11	-0.18429259155978173
96	12	-0.17037095333797225
96	13	-0.10647686474761997
96	14	-0.1166126994824026
96	15	-0.12231286203999048
96	16	-0.17917214754648114
96	17	-0.1493382522217459
96	18	-0.17623466666609744
96	19	-0.17038520347671238
96	20	-0.14390179783571
96	21	-0.14552035493008475
96	22	-0.16789596189153144
96	23	-0.344350660844718
96	24	-0.24033788556181435
96	25	0.0899283750184523
96	26	-0.09541737790318905
96	27	0.25827388599067547
96	28	0.8003801255945859
97	1	-0.09240808201493422
97	2	-0.10716595572694132
97	3	-0.12247134804852777
97	4	-0.037809047243825944
97	5	-0.1054170582166094
97	6	-0.22583210198833825
97	7	-0.13265044150075767
97	8	-0.10133530612367991
97	9	-0.22708358313228416
97	10	-0.16632838889307777
97	11	-0.2186612902224283
97	12	-0.26172550162533526
97	13	-0.2443056503967398
97	14	-0.18927437028813898
97	15	-0.19355777430949672
97	16	-0.16910369489505683
97	17	-0.1888201891763046
97	18	-0.1556900881735288
97	19	-0.24019017568642909
97	20	-0.18136409895525674
97	21	-0.2648709158582321
97	22	-0.12332299978733374
97	23	-0.4290720384710198
97	24	-0.0729137959964774
97	25	-0.1505146925522709
97	26	0.019594037621921245
97	27	0.18142791205148967
97	28	-0.4264801284888975
98	1	0.09113610949970763
98	2	0.10520167225872257
98	3	0.014689907530112123
98	4	0.09928812159262179
98	5	0.08231792402425242
98	6	0.07650857920402387
98	7	0.04905794614110448
98	8	0.0814017139148362
98	9	0.08235822461749365
98	10	0.012667935927225926
98	11	-0.02494245772153647
98	12	-0.03090604144942688
98	13	0.006651126265758478
98	14	0.018191946517902124
98	15	0.0504893620995972
98	16	0.08440878246324246
98	17	0.09791505774607856
98	18	0.050878506522238354
98	19	0.026684517501500693
98	20	-0.04047064039917814
98	21	0.045276691029407345
98	22	-2.3386957067828007E-5
98	23	-0.05841498623870223
98	24	0.15501035059670443
98	25	0.3556099583743588
98	26	0.34379495086393064
98	27	0.22185789683078383
98	28	-0.4869761962444912
99	1	-0.04524349442723263
99	2	-0.020105072263909562
99	3	-0.09321322031594548
99	4	-0.10991155478243542
99	5	-0.10810295863682029
99	6	-0.1407432399534656
99	7	-0.10240536949758905
99	8	-0.0970751085212811
99	9	-0.09558917329782446
99	10	-0.06400630711341648
99	11	-0.10646209306935361
99	12	-0.08854192981596753
99	13	-0.04569442072719454
99	14	-0.07610121113466306
99	15	-0.08232959261909656
99	16	-0.08399374031782969
99	17	-0.053366245282227
99	18	-0.11107836589923181
99	19	-0.11867086348316747
99	20	-0.13079671436265272
99	21	-0.06799964982764806
99	22	-0.10442797146801297
99	23	0.005419187439272832
99	24	0.4479101342273637
99	25	0.2674717327870937
99	26	0.39461885398086594
99	27	0.20842521232145828
99	28	0.9738388507774474
100	1	-0.04963451892260906
100	2	-0.06490194097669644
100	3	-0.14885156930912302
100	4	-0.07205225766587375
100	5	-0.10810382063613133
100	6	-0.1552852258136852
100	7	-0.11765293052800274
100	8	-0.10705450328972432
100	9	-0.12084871267067854
100	10	-0.1571992651996723
100	11	-0.20317220948179227
100	12	-0.19620641968534613
100	13	-0.16499842984001845
100	14	-0.1568648287411989
100	15	-0.1572916100560775
100	16	-0.11456296558618106
100	17	-0.09416579331875141
100	18	-0.14084059123585035
100	19	-0.10562409099974701
100	20	-0.10072302773933473
100	21	-0.15715530350617257
100	22	-0.1571531946554643
100	23	-0.04741854444628757
100	24	0.22415855913199323
100	25	0.4029982838330426
100	26	0.1214542067962654
100	27	-0.39305300463671955
100	28	-0.2273868897741309
101	1	0.012796279750958206
101	2	-0.07289017594749225
101	3	-0.0584658245647276
101	4	-0.04279243326106297
101	5	-0.05639410298465464
101	6	-0.20441631121310877
101	7	-0.15630385040243056
101	8	-0.09609616260915033
101	9	-0.137994240140479
101	10	-0.07591593269992813
101	11	-0.16460117750483505
101	12	-0.12476093466879945
101	13	-0.13990934829080715
101	14	-0.10487235971184106
101	15	-0.12943780411185912
101	16	-0.1217674854886539
101	17	-0.1582392299840052
101	18	-0.13899478908173535
101	19	-0.17118306821421214
101	20	-0.21809266999385102
101	21	-0.17797621787691043
101	22	-0.03230309666444953
101	23	-0.066917625741155
101	24	-0.33422858146764156
101	25	-0.10554693575816998
101	26	-0.3436169663805586
101	27	0.1388900605734804
101	28	0.882929759868361
102	1	0.07870271654770278
102	2	0.09839783624950371
102	3	0.07896886956206828
102	4	0.05758891983329306
102	5	0.06060872395836725
102	6	-0.00420820194441518
102	7	-0.004647516738735646
102	8	0.02283703925416347
102	9	-0.0451673336986147
102	10	-0.013857385770030817
102	11	-0.07762651587410119
102	12	-0.04221352301287595
102	13	-0.03653430868377683
102	14	-0.08003364404332558
102	15	-0.06370231773189516
102	16	-0.04536308912231135
102	17	-0.0832080930891621
102	18	-0.09631676480617557
102	19	-0.13052289333900546
102	20	-0.0710045572417215
102	21	-0.05445035728615011
102	22	-0.0804498434841463
102	23	-0.16099335655049174
102	24	-0.42020963359936303
102	25	-0.6959190615971238
102	26	-0.8874371519144901
102	27	-0.5509595634866713
102	28	-0.20107484312358537
103	1	0.06064854187439295
103	2	-0.010345749149948347
103	3	-0.008992190301597702
103	4	0.013609170130891357
103	5	0.024173681402423597
103	6	-0.01990385450601906
103	7	0.0235637961421844
103	8	0.01763413501729616
103	9	-0.04845678098408257
103	10	-0.027033343111540376
103	11	-0.03804469655740661
103	12	-0.10088911699039471
103	13	-0.06683362698617401
103	14	-0.09451180430691153
103	15	-0.07485034731819695
103	16	-0.08589701126879135
103	17	-0.09196817476804142
103	18	-0.09988406635736169
103	19	-0.09068794122441659
103	20	-0.10234555044639393
103	21	-0.053688980960345134
103	22	-0.14632401723354604
103	23	-0.10553172438817171
103	24	-0.11745422707461017
103	25	-0.6167899364823839
103	26	-0.8787507112365276
103	27	-0.3833771459042552
103	28	-1.2193429674043657
104	1	-0.12871495664452226
104	2	-0.15536092305496396
104	3	-0.22366412436695526
104	4	-0.19596646808330576
104	5	-0.1789498474994602
104	6	-0.25068382200714723
104	7	-0.24615748772046686
104	8	-0.19457945505370589
104	9	-0.17219775444963403
104	10	-0.23333169743716553
104	11	-0.2899913661917637
104	12	-0.2937411744925953
104	13	-0.20987426793755048
104	14	-0.2753690255729211
104	15	-0.2391222745282775
104	16	-0.2554076819450657
104	17	-0.24726781105353268
104	18	-0.2445075692149885
104	19	-0.21423594517084155
104	20	-0.21601451325716425
104	21	-0.16553740012290774
104	22	-0.2110873847479624
104	23	-0.2900129495003583
104	24	-0.6909450407229016
104	25	-1.1253786549564282
104	26	-1.8091078540936678
104	27	-1.784218492058102
104	28	-1.5701726932340918
105	1	-0.1841674593067708
105	2	-0.2650060065066526
105	3	-0.3287828976504983
105	4	-0.2724121823379875
105	5	-0.32601315984619106
105	6	-0.33933892831959866
105	7	-0.3335351351459934
105	8	-0.3452163878061896
105	9	-0.3809320854857674
105	10	-0.38864676859288494
105	11	-0.4030332669224137
105	12	-0.4396756490292688
105	13	-0.41934197370346027
105	14	-0.4436601087818772
105	15	-0.46993576093158396
105	16	-0.43174440604529707
105	17	-0.3958486960820835
105	18	-0.40590579030864404
105	19	-0.5097191691891609
105	20	-0.4079966341238901
105	21	-0.4898979481235344
105	22	-0.5004090883319563
105	23	-0.5589011654785452
105	24	-0.18231720275355912
105	25	0.022373693571410058
105	26	-0.33821332805895565
105	27	-0.5295309920580991
105	28	-0.49689589392989575
106	1	-0.1791903023965844
106	2	-0.2329222582761048
106	3	-0.19233377341227254
106	4	-0.2747132052521124
106	5	-0.21591621957433205
106	6	-0.2665500608610287
106	7	-0.24952661796208275
106	8	-0.20269020649065794
106	9	-0.20034263257274887
106	10	-0.22918744204149277
106	11	-0.26968159923681156
106	12	-0.2687864474315589
106	13	-0.25259582866602415
106	14	-0.3038364066978758
106	15	-0.25437748822179884
106	16	-0.28385333409683255
106	17	-0.29370589750123344
106	18	-0.26712123858054326
106	19	-0.30086724778499985
106	20	-0.2779960824455756
106	21	-0.254094651075107
106	22	-0.26519240846185
106	23	-0.1610954160745095
106	24	-0.37558097183222117
106	25	0.07937525525802869
106	26	-0.10791737790319189
106	27	-0.35966797835947517
106	28	-0.4694986336559239
107	1	-0.252958667739108
107	2	-0.2817588369656221
107	3	-0.322374368659716
107	4	-0.32832599607484525
107	5	-0.317558213960794
107	6	-0.3219243322166818
107	7	-0.28970841799331737
107	8	-0.2838661365804427
107	9	-0.2944757475148876
107	10	-0.3115729157514622
107	11	-0.31509851351816565
107	12	-0.3137966164541979
107	13	-0.32874211644858065
107	14	-0.32277650475485586
107	15	-0.36023551704514034
107	16	-0.33236622732433574
107	17	-0.29381270170761553
107	18	-0.3424759342523558
107	19	-0.36644485672704974
107	20	-0.32505905996136164
107	21	-0.3849964792122975
107	22	-0.31580143500362823
107	23	-0.04118688913256108
107	24	-0.2604065606550776
107	25	-0.6796867916396252
107	26	-0.9218062667920819
107	27	-1.1001192273522165
107	28	-0.12206524512664885
108	1	-0.18770998022515784
108	2	-0.2354002835123623
108	3	-0.26658289079366426
108	4	-0.24747713386197034
108	5	-0.22746469916838663
108	6	-0.24889893979152333
108	7	-0.23461155201902528
108	8	-0.1837548784768046
108	9	-0.19989569352660652
108	10	-0.19863576475337652
108	11	-0.24335973556667057
108	12	-0.22680357686310515
108	13	-0.19120348061278492
108	14	-0.20985347607883398
108	15	-0.24579431940207286
108	16	-0.23113485627926877
108	17	-0.2269524702387642
108	18	-0.2859121058195626
108	19	-0.3481785737998493
108	20	-0.2636329871995926
108	21	-0.22152712098232996
108	22	-0.2097076949665535
108	23	-0.48574203278408845
108	24	-0.2598068269005154
108	25	0.11735111671732312
108	26	0.18780334281753142
108	27	0.7704690079418981
108	28	0.5980812750198723
109	1	-0.2128232144387141
109	2	-0.23239629740052692
109	3	-0.26088125414291596
109	4	-0.26933493193646285
109	5	-0.229931559344287
109	6	-0.28492276941585004
109	7	-0.27549640683086096
109	8	-0.1810033937423583
109	9	-0.2696006279208305
109	10	-0.2835673783514281
109	11	-0.2530651543419893
109	12	-0.29075632113025307
109	13	-0.29001738788299036
109	14	-0.3425206562097216
109	15	-0.2953087957592544
109	16	-0.2819735778455694
109	17	-0.24439203888422867
109	18	-0.2924266411370695
109	19	-0.2702161823156928
109	20	-0.23300876671194715
109	21	-0.36839907204280564
109	22	-0.3297900559379343
109	23	-0.06886467112068573
109	24	0.013564750781043244
109	25	-0.6148812083893773
109	26	-1.329887074872886
109	27	0.41835633188556187
109	28	1.1517044634256735
110	1	-0.3137304195146484
110	2	-0.4473889766071153
110	3	-0.4228602296067905
110	4	-0.3470230817930613
110	5	-0.36209234063255735
110	6	-0.42619219368236116
110	7	-0.4201404770747672
110	8	-0.42257570116656495
110	9	-0.4102065322454038
110	10	-0.4534185532584516
110	11	-0.4743833903284411
110	12	-0.5723114090649801
110	13	-0.5759505697244549
110	14	-0.4967046357529057
110	15	-0.5227144113923643
110	16	-0.5223805115158058
110	17	-0.4829021006809313
110	18	-0.5325549161106693
110	19	-0.563176402994749
110	20	-0.5549109139446884
110	21	-0.5645328870768793
110	22	-0.49384828467295705
110	23	-0.29982647359181414
110	24	-0.3525565516945335
110	25	-0.4874598470956144
110	26	-0.24720309218890435
110	27	-0.2961976587247719
110	28	-0.8477520583134606
111	1	-0.2878405740884844
111	2	-0.35484469951811093
111	3	-0.34968812901178836
111	4	-0.3716959269120963
111	5	-0.3224925744490932
111	6	-0.3466766033126376
111	7	-0.31578586095105265
111	8	-0.3173533617170605
111	9	-0.3509674168687624
111	10	-0.36942229593003617
111	11	-0.3792539246265534
111	12	-0.41290735998996553
111	13	-0.39590279955941554
111	14	-0.3632891581243811
111	15	-0.3552951935910258
111	16	-0.3413861107020324
111	17	-0.36143100164547803
111	18	-0.4010218948894959
111	19	-0.41045741188522555
111	20	-0.33044904598287417
111	21	-0.2979692626409616
111	22	-0.2936488606412908
111	23	-0.10447459013212068
111	24	-0.0961239494340802
111	25	0.4101538056162255
111	26	-0.16299867871619966
111	27	-0.14468250720961606
111	28	0.22665270359130574
112	1	-0.31689483955347697
112	2	-0.41171179659466617
112	3	-0.4093293037429575
112	4	-0.37517842702073523
112	5	-0.3636965972835142
112	6	-0.44194834822535967
112	7	-0.38145266927477195
112	8	-0.3608420978024611
112	9	-0.4048156209449729
112	10	-0.3996038182902879
112	11	-0.40567516025775774
112	12	-0.4040979413410781
112	13	-0.3663110200099098
112	14	-0.41257466551828514
112	15	-0.3802274445208269
112	16	-0.3038401684867367
112	17	-0.3378015639134375
112	18	-0.2844176381944976
112	19	-0.27984181633856764
112	20	-0.30179373619815664
112	21	-0.2783033640686696
112	22	-0.24398421143765603
112	23	-0.31216734111981026
112	24	-0.28561373137557666
112	25	-0.08484366145570732
112	26	-0.32503207324369043
112	27	0.2032175459535921
112	28	-0.5378161608775613
113	1	-0.6145075027498166
113	2	-0.7333646973964818
113	3	-0.6874719424002151
113	4	-0.6486985448693829
113	5	-0.6599985138506383
113	6	-0.7241865900746092
113	7	-0.7127330807528054
113	8	-0.7110184605229009
113	9	-0.7039425372258705
113	10	-0.7493143725758458
113	11	-0.7700106539588845
113	12	-0.7635479682462929
113	13	-0.8267657228885739
113	14	-0.7754873075339219
113	15	-0.6932437002310294
113	16	-0.7212143532206028
113	17	-0.739854207493778
113	18	-0.741402603048158
113	19	-0.7323686915584346
113	20	-0.7346977232446434
113	21	-0.7037084552718724
113	22	-0.7217655413609307
113	23	-0.5831684890928841
113	24	-0.5906853957591665
113	25	0.009122860096809404
113	26	0.3102198769987723
113	27	0.12573216583663793
113	28	1.311661521933452
114	1	-0.3985464188436154
114	2	-0.433395938567962
114	3	-0.5204312841461487
114	4	-0.5301595110620596
114	5	-0.45520093404086026
114	6	-0.48125790093250487
114	7	-0.47582607444336134
114	8	-0.5008468341927426
114	9	-0.5492796687825106
114	10	-0.5278660959019632
114	11	-0.454013220113886
114	12	-0.5044796943975314
114	13	-0.5717082551420845
114	14	-0.4586502701481052
114	15	-0.5091622895520587
114	16	-0.4827505619031527
114	17	-0.464504621845407
114	18	-0.4931727353245208
114	19	-0.4765117543790254
114	20	-0.456219622244177
114	21	-0.5273020262913093
114	22	-0.4619990393402702
114	23	-0.37740742561260987
114	24	-1.007539009642251
114	25	-0.5897736043721622
114	26	-0.36625071123652475
114	27	-1.0384481895103335
114	28	-0.9807066037680059
115	1	-0.3068937121173221
115	2	-0.4056633578375113
115	3	-0.4416807582054858
115	4	-0.397994566874992
115	5	-0.3562704501754581
115	6	-0.45274522662484884
115	7	-0.3678834393369641
115	8	-0.3232800713431203
115	9	-0.41153805221912165
115	10	-0.3467918434274537
115	11	-0.41201538135636895
115	12	-0.3883595615041102
115	13	-0.39280798268757877
115	14	-0.4245577045923312
115	15	-0.36113217010892384
115	16	-0.41719830696850835
115	17	-0.37916242128670774
115	18	-0.37568721013258966
115	19	-0.4178496425836471
115	20	-0.4222187479579347
115	21	-0.2855142897954721
115	22	-0.3041682946100366
115	23	-0.3224208990251043
115	24	-0.3202358087247248
115	25	-1.338192755230338
115	26	-1.3076569612365248
115	27	-0.29404712109035813
115	28	-0.4296340807853696
116	1	-0.6504003018690199
116	2	-0.8041871936031839
116	3	-0.6046157025362291
116	4	-0.7662109546788614
116	5	-0.6685644374276833
116	6	-0.49236222840735877
116	7	-0.4929552460796103
116	8	-0.6324741942755523
116	9	-0.5029645484998682
116	10	-0.5585734793886985
116	11	-0.5386726030605331
116	12	-0.5600720611189587
116	13	-0.456771985816971
116	14	-0.49099133727684574
116	15	-0.40949768573091916
116	16	-0.46236284446047904
116	17	-0.39428190203984315
116	18	-0.4327406079028506
116	19	-0.2817798120661692
116	20	-0.3438717987818336
116	21	-0.23960699574998046
116	22	-0.27044862334220454
116	23	-0.19030468552758606
116	24	-0.4533194877332818
116	25	-0.5971327296875515
116	26	0.21642645411780848
116	27	0.7219841594570511
116	28	0.5486189094284768
117	1	-0.4607391503686955
117	2	-0.553787627024505
117	3	-0.48535382791320103
117	4	-0.4741249697305392
117	5	-0.5155495795597389
117	6	-0.5292402831462795
117	7	-0.5455866352989815
117	8	-0.5096614178046721
117	9	-0.576157263294597
117	10	-0.5160092461055399
117	11	-0.5759447349532891
117	12	-0.6178002772184854
117	13	-0.6141521197878674
117	14	-0.6113601144275904
117	15	-0.5664118321781686
117	16	-0.5668633817447812
117	17	-0.5436742983120624
117	18	-0.5760096687352885
117	19	-0.5330969048518526
117	20	-0.5289595490721339
117	21	-0.45531500622878696
117	22	-0.4380724297304184
117	23	-0.4928958149506144
117	24	-0.17962316050338245
117	25	-0.37219396955941875
117	26	0.04596302922148965
117	27	-0.6950482334374115
117	28	-1.4148438950481506
118	1	-0.4007030282832389
118	2	-0.4407449101810883
118	3	-0.41715098497905245
118	4	-0.3752009298393233
118	5	-0.4144829330209774
118	6	-0.4698060339712029
118	7	-0.5024529654853467
118	8	-0.49621767673339434
118	9	-0.5222945704766602
118	10	-0.5252193737080688
118	11	-0.5399624523650033
118	12	-0.5495624752916299
118	13	-0.5201361547397951
118	14	-0.5259758976624127
118	15	-0.5900766756362543
118	16	-0.5475226169770906
118	17	-0.5709002249957322
118	18	-0.5947576013700271
118	19	-0.5640047909353356
118	20	-0.6474843079416459
118	21	-0.6623263049978263
118	22	-0.6258088138423332
118	23	-0.6224602920330895
118	24	-0.592768123648348
118	25	-1.1836118585441753
118	26	-1.5012872075868913
118	27	-0.5295309920580991
118	28	-1.2539333769947802
119	1	-0.7615338181783002
119	2	-0.8717113472215416
119	3	-0.9169407766473512
119	4	-0.8817834176043249
119	5	-0.8561288134328962
119	6	-0.9016528785873206
119	7	-0.8041940586729268
119	8	-0.8315414948708266
119	9	-0.8014610959618693
119	10	-0.8128345886383812
119	11	-0.8022305563892402
119	12	-0.8601858804841598
119	13	-0.8658159152265341
119	14	-0.7906897858345303
119	15	-0.8521675426294166
119	16	-0.8476919044060338
119	17	-0.8452989005833231
119	18	-0.8382691923358934
119	19	-0.7960497322005153
119	20	-0.8783498601822401
119	21	-0.915821532239633
119	22	-0.7853530108628064
119	23	-0.3707312736255304
119	24	-0.40985944404363295
119	25	-0.20371982075739936
119	26	-0.1040129489987649
119	27	-0.7268282893553959
119	28	0.04391460835320515
120	1	-0.8057097825138726
120	2	-0.981477420151748
120	3	-0.9650941851667341
120	4	-0.9691501890164531
120	5	-0.9792875531075538
120	6	-0.9740057085254819
120	7	-0.893307437257377
120	8	-0.8492841831410729
120	9	-0.994669606497439
120	10	-0.8484575693375831
120	11	-0.9407826548526614
120	12	-0.9492290487595554
120	13	-0.992546327757367
120	14	-0.944222229434935
120	15	-0.9427372318934815
120	16	-0.9291921920872426
120	17	-0.9339837749893576
120	18	-0.9622016701295308
120	19	-0.8921211659977288
120	20	-0.9784185260333871
120	21	-0.8958643733549891
120	22	-0.7508832323113594
120	23	-0.5269672123726608
120	24	-0.7193009770435026
120	25	-0.23395141711802836
120	26	0.13729538805425534
120	27	-0.2659893253914376
120	28	-0.026161149222552638
>>END_MODULE
>>Per sequence quality scores	pass
#Quality	Count
2	257325.0
3	5676.0
4	2709.0
5	3467.0
6	4442.0
7	7361.0
8	6687.0
9	4880.0
10	4784.0
11	6023.0
12	7994.0
13	9395.0
14	10945.0
15	12330.0
16	12592.0
17	13692.0
18	16293.0
19	20849.0
20	26924.0
21	32022.0
22	35964.0
23	40703.0
24	44692.0
25	46153.0
26	44487.0
27	45656.0
28	50308.0
29	56426.0
30	63502.0
31	72892.0
32	86869.0
33	106345.0
34	137718.0
35	205884.0
36	344219.0
37	626388.0
38	1347202.0
39	3809262.0
40	807348.0
>>END_MODULE
>>Per base sequence content	fail
#Base	G	A	T	C
1	5.405685052829947	32.20366303752819	51.666883625381324	10.723768284260546
2	24.138367895414117	36.68610190594407	21.02965487266502	18.14587532597679
3	15.665814912404114	22.48270939637176	17.680097787189126	44.171377904035005
4	24.939911210087853	43.97846450003354	14.125505164163688	16.95611912571492
5	24.57714772739123	29.18692720238225	33.88635628900617	12.349568781220343
6	27.076280265187464	14.562320286006555	41.88577987696257	16.47561957184341
7	17.510008996957723	25.58916326397112	20.154690315993253	36.746137423077904
8	21.017507093755125	41.305800809820994	19.433013904992507	18.24367819143137
9	17.11368940857759	38.90873668361896	33.128436306236324	10.849137601567124
10	25.043995275885045	20.952274635754666	23.25274465343336	30.750985434926932
11	40.385473184041345	7.208516108725722	18.582580979729826	33.823429727503104
12	16.84001120117956	14.388467383082357	29.92844494043122	38.843076475306866
13	19.099131085229775	21.57378783652049	42.20215298218537	17.12492809606437
14	38.05970892137843	28.63012205108393	21.69023982403976	11.619929203497874
15	42.391861861794226	18.86502236629564	27.04812194120741	11.694993830702725
16	15.355665509671459	16.34595179872716	28.6716188289622	39.62676386263919
17	32.21589901791902	21.5909327920622	33.90870647638749	12.284461713631293
18	37.16046140819454	17.617858233341824	24.234271833284247	20.987408525179386
19	30.29473396897549	14.795295174389524	38.289280567044926	16.62069028959006
20	58.09378558804929	13.679913049914491	19.79802544354802	8.42827591848819
21	17.51832162418383	27.2307735346483	25.852837243345256	29.398067597822614
22	37.90091559592536	11.85823133403828	40.88967106253401	9.351182007502347
23	13.56185194583808	26.777288143880984	41.44591690574608	18.21494300453485
24	17.665617609557806	21.115251134885106	44.083604723625164	17.135526531931923
25	23.192064923354376	20.41727558222692	22.76701595099655	33.623643543422155
26	14.794878068673029	21.84847977541112	25.383436570383626	37.97320558553221
27	14.807108620713333	19.511625671240026	27.596720365868734	38.084545342177904
28	14.57356147189007	34.854991081456035	18.04056285921913	32.53088458743476
>>END_MODULE
>>Per sequence GC content	warn
#GC Content	Count
0	4.0
1	4.0
2	4.0
3	3.0
4	2.0
5	2.0
6	2.0
7	7.0
8	21.0
9	35.0
10	41.0
11	50.0
12	67.0
13	103.5
14	156.5
15	237.5
16	355.5
17	527.5
18	865.5
19	1277.5
20	3446.0
21	6469.5
22	7578.0
23	8371.0
24	10180.5
25	21112.5
26	36957.0
27	43282.5
28	54529.0
29	68221.0
30	159029.0
31	315304.0
32	391161.0
33	495122.5
34	704619.5
35	817691.5
36	873734.5
37	877458.5
38	844894.5
39	1030875.0
40	1206512.0
41	1236482.5
42	1252436.5
43	1427235.5
44	1629939.0
45	1792165.0
46	2248636.5
47	2569634.0
48	2422560.5
49	2272116.0
50	1855707.0
51	1439298.0
52	1132650.0
53	799342.0
54	727262.5
55	634536.0
56	571341.5
57	589602.5
58	623123.0
59	581235.0
60	540797.0
61	471733.0
62	438911.0
63	447966.5
64	388545.0
65	353611.5
66	311383.0
67	262244.5
68	201596.5
69	141101.5
70	124822.5
71	96578.5
72	72459.0
73	68704.0
74	55126.5
75	39770.5
76	32678.0
77	28591.5
78	27268.5
79	30211.5
80	31578.5
81	31063.5
82	32901.5
83	31716.0
84	29932.0
85	28721.0
86	28059.5
87	28425.0
88	28685.5
89	28644.0
90	28514.5
91	21118.5
92	8932.0
93	3017.0
94	1761.0
95	1476.0
96	1460.0
97	1058.5
98	407.0
99	157.0
100	157.0
>>END_MODULE
>>Per base N content	pass
#Base	N-Count
1	1.044332058843327
2	0.09907081999353433
3	0.015536105862622428
4	7.347357463635321E-4
5	0.0
6	0.0
7	0.0
8	0.0
9	2.725632607477619E-4
10	2.3701153108501035E-5
11	0.0
12	1.303563420967557E-4
13	7.82138052580534E-4
14	0.0016353795644865714
15	0.02698376281402843
16	0.008852380686025136
17	0.0
18	0.0
19	0.0
20	0.0
21	0.0
22	0.0
23	4.2153273517838215E-5
24	0.02372200933239488
25	0.0012437269521849172
26	0.0
27	0.0
28	0.0
>>END_MODULE
>>Sequence Length Distribution	warn
#Length	Count
17	296550.0
18	206261.0
19	234627.0
20	694768.0
21	1219479.0
22	3414428.0
23	1605075.0
24	445606.0
25	88655.0
26	87333.0
27	69941.0
28	75685.0
>>END_MODULE
>>Sequence Duplication Levels	fail
#Total Deduplicated Percentage	4.793743663392415
#Duplication Level	Percentage of deduplicated	Percentage of total
1	78.57583889476268	3.7667242979751188
2	7.837957319672277	0.7514631647023835
3	3.25649643165297	0.4683242740228931
4	1.8618033284766882	0.35700031633472123
5	1.1776038392478971	0.28225654711905934
6	0.8617078168963933	0.2478483832165678
7	0.6348236353710759	0.21302272456022825
8	0.5142081265081148	0.19719855584905285
9	0.41702425574646684	0.17991966451190072
>10	3.3971600215167457	3.3828062357106683
>50	0.5685761155502302	1.9243959556982908
>100	0.6192895497710823	6.337457724078288
>500	0.11351589750261037	3.8547854041620866
>1k	0.11400837428136358	11.777950265395521
>5k	0.024131362158906326	8.123007210819164
>10k+	0.025855030884542496	58.13583927584405
>>END_MODULE
>>Overrepresented sequences	fail
#Sequence	Count	Percentage	Possible Source
AACATTCAACGCTGTCGGTGAGT	506697	6.004651588309074	No Hit
AACATTCAACGCTGTCGGTGAG	478404	5.669363225859665	No Hit
TTCAAGTAATCCAGGATAGGCT	412185	4.88462989701375	No Hit
AAGCTGCCAGTTGAAGAACTGT	283526	3.3599465681204324	No Hit
TTCACAGTGGCTAAGTTCTG	236052	2.7973522967839433	No Hit
TGAGGTAGTAGGTTGTATAGTT	173803	2.059665756858403	No Hit
TCGGATCCGTCTGAGCTTGGCT	138248	1.6383185074720257	No Hit
AACATTCAACGCTGTCGGTGA	119261	1.413311610436471	No Hit
TGAGGTAGTAGATTGTATAGTT	119095	1.4113444147284655	No Hit
TCTTTGGTTATCTAGCTGTATGA	112484	1.3330002531283152	No Hit
CCTGTCTGAGCGTCGCT	80858	0.9582139190235882	No Hit
TTCACAGTGGCTAAGTTCTGC	80505	0.954030665499938	No Hit
TGAGATGAAGCACTGTAGCT	62434	0.7398788965880767	No Hit
TGTAAACATCCTCGACTGGAAGCT	52990	0.627962051609735	No Hit
TCTTTGGTTATCTAGCTGTATG	51917	0.615246382967024	No Hit
TGAGGTAGTAGGTTGTATAGT	51100	0.6055644619222015	No Hit
AGCAGCATTGTACAGGGCTATGA	50436	0.5976956790901791	No Hit
TTCAAGTAATCCAGGATAGGCA	50160	0.5944249199612059	No Hit
TGAGGTAGTAGTTTGTACAGTT	49803	0.5901942641313386	No Hit
CAACGGAATCCCAAAAGCAGCTG	46920	0.5560290519254343	No Hit
AGCTGGTGTTGTGAATCAGGCCG	46903	0.555827592124012	No Hit
TGAGATGAAGCACTGTAGCTCT	46852	0.5552232127197452	No Hit
TGAGGTAGTAGGTTGTATGGTT	44261	0.5245183688676822	No Hit
TATTGCACTCGTCCCGGCCTCC	43436	0.5147416432104255	No Hit
TATTGCACTTGTCCCGGCCTGT	43127	0.5110798150551621	No Hit
TGTAAACATCCTTGACTGGAAGCT	42257	0.5007698134529641	No Hit
TGAGATGAAGCACTGTAGCTC	41724	0.4944534561495486	No Hit
AACATTCAACGCTGTCGGTGAGA	38107	0.4515899207528245	No Hit
TCACAGTGAACCGGTCTCTTT	37739	0.44722890858086023	No Hit
TGAGGTAGTAGATTGTATAGT	36023	0.42689331921376644	No Hit
TCTTTGGTTATCTAGCTGTAT	34661	0.41075283394687717	No Hit
TCGAGGAGCTCACAGTCTAGT	32949	0.3904646468860003	No Hit
CATTATTACTTTTGGTACGCG	32724	0.3877982671612939	No Hit
TGTAAACATCCTCGACTGGA	32237	0.3820270363793739	No Hit
TGAGGTAGTAGGTTGTGTGGTT	32211	0.3817189213889634	No Hit
AACATTCATTGCTGTCGGTGGG	31828	0.3771801505686855	No Hit
TCCCTGAGACCCTAACTTGTGA	31602	0.37450192026742485	No Hit
TGAGATGAAGCACTGTAGCTCA	30407	0.3603404812850955	No Hit
TGTAAACATCCCCGACTGGAAGCT	29942	0.35482996318736904	No Hit
CGCCTGTCTGAGCGTCGCT	29849	0.35372785956782365	No Hit
TGAGGTAGTAAGTTGTATTGTT	26509	0.314146933876627	No Hit
AACATTCATTGCTGTCGGTGGGT	26134	0.309702967668783	No Hit
TAGCAGCACGTAAATATTGGCG	24981	0.29603925290173216	No Hit
TGAGACCTCTGGGTTCTGAGCT	24949	0.2956600344519961	No Hit
TGAGGTAGTAGTTTGTGCTGTT	24534	0.2907420451819822	No Hit
TCGGATCCGTCTGAGCTTGGCTT	24248	0.2873527802874665	No Hit
TTCAAGTAATCCAGGATAGGC	22418	0.2656662251931881	No Hit
TCGGATCCGTCTGAGCTTGGCA	21800	0.25834256888266127	No Hit
GTACAGTACTGTGATAACTGA	21618	0.2561857639497877	No Hit
TCCAGCATCAGTGATTTTGTT	21199	0.2512203723735567	No Hit
AACATTCAACCTGTCGGTGAGT	20406	0.24182286516603607	No Hit
TGTAAACATCCTACACTCTCAGCT	19590	0.23215279469776762	No Hit
AACATTCAACGCTGTCGGTGAGTT	19580	0.23203428893222514	No Hit
AATATAACACAGATGGCCTGT	19371	0.22955751843238675	No Hit
AGCTGGTGTTGTGAATCAGGCCA	19330	0.22907164479366252	No Hit
AACATTCAACCTGTCGGTGAGTT	19144	0.22686743755457192	No Hit
TATTGCACTTGTCCCGGCCTGTAA	18863	0.2235374255428275	No Hit
TATTGCACTCGTCCCGGCCTCA	18630	0.22077624120568715	No Hit
AACATTCAACGCTGTCGGTG	18473	0.2189157006866698	No Hit
TAGCACCATCTGAAATCGGTT	18060	0.21402141256976434	No Hit
TATACAAGGGCAAGCTCTCTGT	17600	0.2085701473548091	No Hit
AACATTCAACGCTGTCGGTGAGG	17470	0.20702957240275655	No Hit
GCTAAATTTGACTGGCTT	17310	0.20513348015407645	No Hit
TCCAGCATCAGTGATTTTGTTG	17253	0.20445799729048417	No Hit
TTCACAGTGGCTAAGTTCTGCT	17211	0.20396027307520567	No Hit
ATAGGCGATAGAAATTGAAACCT	16516	0.19572412237000153	No Hit
TAGTAGACCGTATAGCGTACG	16243	0.19248891497069115	No Hit
TCGGATCCGTCTGAGCTTGGC	15696	0.1860066495955161	No Hit
TGTAAACATCCTACACTCAGCT	15176	0.17984434978730585	No Hit
AGCTACATTGTCTGCTGGGTTT	15150	0.17953623479689534	No Hit
ATAGTAGACCGTATAGCGTACG	14939	0.17703576314394848	No Hit
CACCCGTAGAACCGACCTTGCG	14735	0.17461824552688138	No Hit
TTCAAGTAATCCAGGATAGGCG	14181	0.1680530261158266	No Hit
TTCCCTTTGTCATCCTATGCCT	14150	0.1676856582426448	No Hit
TAACAGTCTACAGCCATGGTCG	13975	0.16561180734565098	No Hit
TTCAAGTAATTCAGGATAGGTT	13916	0.1649126233289502	No Hit
TATTGCACTTGTCCCGGCCTGTA	13535	0.16039755366178077	No Hit
CATCATCGTCTCAAATGAGTCT	13478	0.15972207079818848	No Hit
AGCTACATCTGGCTACTGGGTCTC	13324	0.1578970820088339	No Hit
TTCAAGTAATCCAGGATAGGCTT	13303	0.15764821990119465	No Hit
TCGGATCCGTCTGAGCTTGG	13275	0.1573164037576756	No Hit
TCACAGTGAACCGGTCTCTT	13241	0.1569134841548311	No Hit
CTCCCCGGGGGAGCGCC	13091	0.15513589767169353	No Hit
CTAGACTGAAGCTCCTTGAGGA	13080	0.15500554132959676	No Hit
AACATTCATTGCTGTCGGTGGA	12880	0.15263542601874666	No Hit
AGCAGCATTGTACAGGGCTATG	12784	0.1514977706695386	No Hit
AACCCGTAGATCCGAACTTGTG	12729	0.15084598895905482	No Hit
TCCCTGAGACCCTTTAACCTGT	12568	0.1489380461338205	No Hit
TGAGGTAGGAGGTTGTATAGTT	12421	0.14719601138034566	No Hit
TACAGTACTGTGATAACTGACT	12290	0.14564358585173887	No Hit
CGCGACCTCAGATCAGA	12063	0.14295350497392398	No Hit
TGTAAACATCCTCGACTGGAA	11946	0.1415669875170767	No Hit
AACATTCAACGCTGTCGGTGG	11816	0.1400264125650241	No Hit
CCTGTCTGAGCGTCGCA	11491	0.1361749751848927	No Hit
AGCAGCATTGTACAGGGCTATGT	11359	0.13461069907973164	No Hit
TAGCACCATCTGAAATCGGTTA	11108	0.13163620436461473	No Hit
TAGCTTATCAGACTGATGTTGA	11088	0.13139919283352974	No Hit
TTCACAGTGGCTAAGTTCTGCA	11053	0.13098442265413096	No Hit
AACATTCATTGCTGTCGGTGGGA	11040	0.1308303651589257	No Hit
GTACAGTACTGTGATAACTGAA	11014	0.1305222501685152	No Hit
AGCTACATTGTCTGCTGGGTTTC	10973	0.13003637652979094	No Hit
TACAGTACTGTGATAACTGAAG	10774	0.12767811179549507	No Hit
TCGTACGACTCTTAGCGG	10162	0.12042555894429376	No Hit
AACATTCAACGCTGTCGGTGAA	10073	0.11937085763096547	No Hit
TCTTTGGTTATCTAGCTGTATGT	10047	0.11906274264055494	No Hit
AACATTCAACGCTGTCGGTGT	9986	0.11833985747074567	No Hit
TACGCCTGTCTGAGCGTCGCT	9930	0.11767622518370764	No Hit
GTCAGGATGGCCGAGCGGTCTAAGGC	9695	0.11489133969345877	No Hit
TCGGATCCGTCTGAGCTTGGCTA	9572	0.11343371877728596	No Hit
TCGGATCCGTCTGAGCTTGGCTTT	9481	0.11235531631084916	No Hit
AACATTCATTGCTGTCGGTGGGTT	9442	0.11189314382523338	No Hit
TTATAAAGCAATGAGACTGATT	9405	0.11145467249272611	No Hit
TCGAGGAGCTCACAGTCTAGTA	9330	0.11056587925115734	No Hit
TCAGTGCACTACAGAACTTTGT	9215	0.10920306294741851	No Hit
TTCAAGTAATCCAGGATAGGCC	9087	0.10768618914847444	No Hit
GTACAGTACTGTGATAACT	9063	0.10740177531117245	No Hit
TATTGCACTCGTCCCGGCCTCCA	8988	0.10651298206960365	No Hit
TATTGCACTTGTCCCGGCCTGTAT	8960	0.10618116592608463	No Hit
TATTGCACTCGTCCCGGCCTC	8907	0.10555308536870935	No Hit
TGAGGTAGTAGGTTGTGTGGTTT	8889	0.10533977499073285	No Hit
CCTCGACACAAGGGTTTGT	8733	0.10349108504826977	No Hit
TAAGGCACGCGGTGAATGCCA	8652	0.10253118834737547	No Hit
CACCCGTAGAACCGACCTTGC	8611	0.10204531470865119	No Hit
TCGACACAAGGGTTTGT	8560	0.10144093530438443	No Hit
TTCCCTTTGTCATCCTATGCCA	8546	0.10127502723262492	No Hit
TCGGATCCGTCTGAGCTTGGCTAT	8520	0.10096691224221442	No Hit
>>END_MODULE
>>Adapter Content	pass
#Position	Illumina Universal Adapter	Illumina Small RNA 3' Adapter	Illumina Small RNA 5' Adapter	Nextera Transposase Sequence	SOLID Small RNA Adapter
1	0.0	0.0	0.0	0.0	0.0
2	0.0	0.0	0.0	0.0	0.0
3	0.0	0.0	0.0	0.0	0.0
4	0.0	0.0	0.0	0.0	0.0
5	0.0	0.0	0.0	0.0	0.0
6	0.0	0.0	0.0	0.0	0.0
7	0.0	0.0	0.0	0.0	0.0
8	0.0	0.0	0.0	0.0	0.0
9	0.0	0.0	0.0	0.0	0.0
10	0.0	0.0	0.0	0.0	0.0
11	0.0	0.0	0.0	0.0	0.0
12	0.0	0.0	0.0	0.0	0.0
13	0.0	0.0	0.0	0.0	0.0
14	0.0	0.0	0.0	0.0	0.0
15	0.0	0.0	0.0	0.0	0.0
16	0.0	0.0	0.0	0.0	0.0
>>END_MODULE
>>Kmer Content	fail
#Sequence	Count	PValue	Obs/Exp Max	Max Obs/Exp Position
GCGACCA	135	0.0	1389.7125	22
ACTTTCG	40	0.0	1065.9727	22
ATGGCCA	180	0.0	1042.2844	22
GCACCCA	180	0.0	1042.2844	22
TCTGATA	255	0.0	969.82623	22
CTTAACC	5	0.009837685	912.04346	21
ATCACGG	5	0.009837685	912.04346	21
CCATAAT	5	0.009837685	912.04346	21
ACGTCTA	5	0.009837685	912.04346	21
CCAACGT	5	0.009837685	912.04346	21
TTTTAGC	5	0.009837685	912.04346	21
GCCCATT	75	0.0	909.63	22
TATGAAC	30	1.03862476E-7	852.7782	22
CCTGACC	385	0.0	841.7031	22
GGCGACC	385	0.0	817.2857	21
TTCGCCA	55	1.8189894E-12	775.25287	22
TAGTCTT	100	0.0	767.5003	22
GGGTTGG	35	1.9232903E-7	730.9527	22
GGAATAA	130	0.0	721.58154	22
CGTCGAT	60	1.8189894E-12	710.6485	22
>>END_MODULE
