##FastQC	0.11.5
>>Basic Statistics	pass
#Measure	Value
Filename	cc2
File type	Conventional base calls
Encoding	Illumina 1.5
Total Sequences	7530906
Sequences flagged as poor quality	0
Sequence length	17-28
%GC	47
>>END_MODULE
>>Per base sequence quality	pass
#Base	Mean	Median	Lower Quartile	Upper Quartile	10th Percentile	90th Percentile
1	36.53230939278753	39.0	38.0	40.0	31.0	40.0
2	36.36711519171797	39.0	38.0	40.0	30.0	40.0
3	36.580767572985245	40.0	38.0	40.0	30.0	40.0
4	36.3736972682968	39.0	38.0	40.0	30.0	40.0
5	36.5361550124248	40.0	38.0	40.0	31.0	40.0
6	36.418215152333595	39.0	38.0	40.0	30.0	40.0
7	36.571826816056394	40.0	38.0	40.0	30.0	40.0
8	36.43691595672553	39.0	38.0	40.0	30.0	40.0
9	36.40047664915748	40.0	38.0	40.0	30.0	40.0
10	36.462193791822656	40.0	38.0	40.0	30.0	40.0
11	36.62214479904543	40.0	38.0	40.0	31.0	40.0
12	36.61416408596788	40.0	38.0	40.0	31.0	40.0
13	36.59648892178444	40.0	38.0	40.0	31.0	40.0
14	36.52092178550629	40.0	38.0	40.0	31.0	40.0
15	36.53574709337761	40.0	38.0	40.0	31.0	40.0
16	36.53271704626243	40.0	38.0	40.0	31.0	40.0
17	36.46188586074504	40.0	38.0	40.0	31.0	40.0
18	36.36989376564485	39.0	38.0	40.0	31.0	40.0
19	36.23371997816594	39.0	38.0	40.0	30.0	40.0
20	36.361535336215255	39.0	38.0	40.0	31.0	40.0
21	36.0623648178117	39.0	38.0	40.0	30.0	40.0
22	36.321301551190714	40.0	38.0	40.0	30.0	40.0
23	35.95763589533218	39.0	37.0	40.0	29.0	40.0
24	35.94329907069693	39.0	37.0	40.0	30.0	40.0
25	36.06286848489304	39.0	38.0	40.0	30.0	40.0
26	36.05432379539387	39.0	38.0	40.0	31.0	40.0
27	36.2924375062889	39.0	38.0	40.0	31.0	40.0
28	36.07169007951228	39.0	38.0	40.0	31.0	40.0
>>END_MODULE
>>Per tile sequence quality	fail
#Tile	Base	Mean
1	1	-3.1640266652546742
1	2	-3.0459701727007555
1	3	-2.535109768430729
1	4	-3.00015648537984
1	5	-2.544223370916164
1	6	-1.9767472887791229
1	7	-1.6757649649966666
1	8	-1.8524324172199371
1	9	-2.0018764307128762
1	10	-1.7670398652286536
1	11	-1.44908457956668
1	12	-1.5866211413197604
1	13	-1.5659592012267112
1	14	-1.496625314475267
1	15	-1.2646399406417643
1	16	-1.2121288171626645
1	17	-1.3039577132837579
1	18	-1.3732945331390667
1	19	-1.2755827941157634
1	20	-1.2206327820799245
1	21	-1.1148436508221877
1	22	-1.021627685743816
1	23	-0.6803384721494581
1	24	-1.3673414393615957
1	25	-1.3046424699665238
1	26	-1.5019871389829902
1	27	-0.9962359297439392
1	28	0.4566526517284757
2	1	-0.7403203242184304
2	2	-0.7290592552983739
2	3	-0.7513853588702517
2	4	-0.7353092830185375
2	5	-0.7534890526709219
2	6	-0.768871517217633
2	7	-0.8203181683666472
2	8	-0.8334107188577775
2	9	-0.8544107843892235
2	10	-0.8021886861170557
2	11	-0.8164774133393422
2	12	-0.7944792384354926
2	13	-0.7888515338466249
2	14	-0.827390556835077
2	15	-0.7958797675596188
2	16	-0.7666033728455943
2	17	-0.8061934279129801
2	18	-0.8197946393207758
2	19	-0.7684482943043065
2	20	-0.8335359325306868
2	21	-0.8629304196068404
2	22	-0.8658301467225087
2	23	-1.0045747246952814
2	24	-1.1569065605579425
2	25	-0.936510022428827
2	26	-1.5020716073601363
2	27	-1.4730452060334258
2	28	-2.8005117524947494
3	1	-0.611398852179903
3	2	-0.589588292810987
3	3	-0.728945031578796
3	4	-0.7695903660700125
3	5	-0.721137301144239
3	6	-0.7667404226268388
3	7	-0.7976505208309987
3	8	-0.8597522565379734
3	9	-0.8226600974092619
3	10	-0.7953707137181496
3	11	-0.7479081451136835
3	12	-0.7617428736118725
3	13	-0.7794599902251065
3	14	-0.765597550751778
3	15	-0.785913828319913
3	16	-0.7445786701456143
3	17	-0.7726377946511604
3	18	-0.8113045806156407
3	19	-0.7128287370082305
3	20	-0.7805302705346762
3	21	-0.7884839311744685
3	22	-0.7614449010200275
3	23	-0.8305541061385782
3	24	-1.1521150619100027
3	25	-0.5018950615386615
3	26	-0.7567057537016026
3	27	-1.0360305382163375
3	28	-1.2946293995535783
4	1	-0.5379512935057065
4	2	-0.509302548332208
4	3	-0.5874797793888575
4	4	-0.6648210574992461
4	5	-0.6348550429641264
4	6	-0.6983734325213504
4	7	-0.6714989138433367
4	8	-0.6868013737456806
4	9	-0.6249548939968363
4	10	-0.6799527595800825
4	11	-0.5705193488067977
4	12	-0.5714678400506656
4	13	-0.6169858716089465
4	14	-0.6388158231171133
4	15	-0.6162101570387364
4	16	-0.6636318023639447
4	17	-0.6884305808998477
4	18	-0.7173014902271078
4	19	-0.6577412159624174
4	20	-0.668832048808035
4	21	-0.6143314596046707
4	22	-0.5447606309659747
4	23	-0.60610729174509
4	24	-0.42184376774446974
4	25	-0.3232095298179871
4	26	0.19098655399070452
4	27	0.3388793392169731
4	28	-0.12493242985660657
5	1	-0.8376977471886562
5	2	-0.6130538056281409
5	3	-0.591129382686745
5	4	-0.6719006470407933
5	5	-0.6614793328377644
5	6	-0.6370756168113019
5	7	-0.623208782790222
5	8	-0.7183606989814777
5	9	-0.6540574649947573
5	10	-0.6336135745192308
5	11	-0.5904060577137926
5	12	-0.5559051052985637
5	13	-0.5512765961565762
5	14	-0.5542155609413086
5	15	-0.5129911851221607
5	16	-0.5200558988835979
5	17	-0.5430287719991966
5	18	-0.5301870194885367
5	19	-0.39775213778584373
5	20	-0.4889308165081232
5	21	-0.45263345792243115
5	22	-0.5048629714417388
5	23	-0.46191680837042526
5	24	-0.024477790941020316
5	25	0.48098154724375064
5	26	0.37036321181563636
5	27	0.33054673298714476
5	28	0.2491206004464246
6	1	-12.25500926271388
6	2	-25.1375821005372
6	3	-12.709747932040873
6	4	-12.441538075758032
6	5	-12.36074025779978
6	6	-10.260660099278407
6	7	-10.523608311393314
6	8	-10.370353631661182
6	9	-10.574242025811746
6	10	-10.6015786848157
6	11	-8.420086642449423
6	12	-8.605644985765036
6	13	-8.22247131637626
6	14	-9.929765375856256
6	15	-9.493431094149098
6	16	-9.843638512787756
6	17	-10.400594155157762
6	18	-9.67490456018853
6	19	-10.165918727353674
6	20	-10.994056610599692
6	21	-9.634141255703174
6	22	-11.028055930443525
6	23	-10.958111121184697
6	24	-17.640421449339794
6	25	-18.75233466824545
6	26	-18.12232373122969
6	27	-19.454814567254452
6	28	-16.687221992146167
7	1	-0.7765476375072353
7	2	-1.479241485067142
7	3	-0.8474876542384777
7	4	-0.8688379358900562
7	5	-0.8173691163545129
7	6	-0.7459205606483081
7	7	-0.751684196778001
7	8	-0.7462771847127954
7	9	-0.7494556995928505
7	10	-0.8069931350511439
7	11	-0.5989996908539865
7	12	-0.6185294400110735
7	13	-0.6189804095380396
7	14	-0.6748951047140466
7	15	-0.6216979152144972
7	16	-0.5625523147711178
7	17	-0.6439223345663692
7	18	-0.5953546717117248
7	19	-0.6008937343052168
7	20	-0.6163362483454051
7	21	-0.7214152777668659
7	22	-0.7500160637232085
7	23	-0.5422415348545613
7	24	-0.5428009649653376
7	25	-1.495910116902138
7	26	-1.945653122122657
7	27	-2.2738913192010557
7	28	-2.1102543995535754
8	1	-0.3954405998227557
8	2	-0.22963454079334866
8	3	-0.3617616179622445
8	4	-0.33430869834507604
8	5	-0.4155123448562392
8	6	-0.39250562352580687
8	7	-0.37219591605079216
8	8	-0.3895343491297609
8	9	-0.4392067201445684
8	10	-0.3803411933193104
8	11	-0.34022222662753876
8	12	-0.3243304834701064
8	13	-0.3427736873487319
8	14	-0.40429724891182417
8	15	-0.3335196086017973
8	16	-0.322208673069845
8	17	-0.4229844204703994
8	18	-0.35402336596795436
8	19	-0.3622449019394267
8	20	-0.2778868166920532
8	21	-0.44321246640537737
8	22	-0.2917148316821212
8	23	-0.40527771239299426
8	24	-0.12402186779957702
8	25	-0.2984662991924054
8	26	0.04007390731534599
8	27	-0.3505042224268635
8	28	0.1001757952516229
9	1	-0.3277968252884236
9	2	-0.19302876308486816
9	3	-0.28709872214437127
9	4	-0.32144092425708237
9	5	-0.3187633114712014
9	6	-0.37658891614341883
9	7	-0.39896250957385604
9	8	-0.44628407818355953
9	9	-0.4330707133133558
9	10	-0.4144788806362243
9	11	-0.36200356057297256
9	12	-0.3722535678547274
9	13	-0.3814513078467243
9	14	-0.3805964450497896
9	15	-0.3948842925198903
9	16	-0.3644443036032925
9	17	-0.4059994969204581
9	18	-0.3508865486374404
9	19	-0.36210536582105135
9	20	-0.37530401215842346
9	21	-0.5431853679790066
9	22	-0.47517479989387823
9	23	-0.6398987399430567
9	24	-0.4001811475272774
9	25	-0.14510802605858686
9	26	-0.695891274063591
9	27	-0.3536732365113693
9	28	-0.2412960662202437
10	1	-0.2860947198524926
10	2	-0.17942695501316308
10	3	-0.2819536793049622
10	4	-0.3823396661903615
10	5	-0.33503257439964784
10	6	-0.3489277734718712
10	7	-0.41194300753139146
10	8	-0.437453432829642
10	9	-0.44536801785545777
10	10	-0.4595413510695181
10	11	-0.4264353716036311
10	12	-0.45851669287975483
10	13	-0.4837000529442008
10	14	-0.44950745995893016
10	15	-0.5035690483965283
10	16	-0.4472971382418507
10	17	-0.4645105342650666
10	18	-0.4160733289673786
10	19	-0.4182340057286993
10	20	-0.43835069928633885
10	21	-0.4115156307930192
10	22	-0.5514020452706276
10	23	-0.8001820756589737
10	24	-0.5549684915680828
10	25	-0.798893420395494
10	26	0.3006496181992233
10	27	0.7303963986911484
10	28	-0.40806223537447295
11	1	-0.2558890554772546
11	2	-0.07590130096023984
11	3	-0.3172452231358349
11	4	-0.2898593271512837
11	5	-0.22961395855739397
11	6	-0.30409559267848607
11	7	-0.2958723138518593
11	8	-0.2912834016059165
11	9	-0.31355133063975416
11	10	-0.2921519263346326
11	11	-0.2878076165564707
11	12	-0.24527653467381327
11	13	-0.335556458057539
11	14	-0.3077476501901302
11	15	-0.3039706600269554
11	16	-0.3040139889778928
11	17	-0.2895377392680416
11	18	-0.3617546912262597
11	19	-0.30668940721444926
11	20	-0.30773372821383305
11	21	-0.36555369965833506
11	22	-0.28488205071303696
11	23	-0.4260306633926021
11	24	-0.5507319655194465
11	25	-0.6531415026070988
11	26	0.5077286354386672
11	27	0.11528525125734745
11	28	0.1166382060802249
12	1	-0.28038074419427517
12	2	-0.15957040416609658
12	3	-0.25777412759627083
12	4	-0.3382539010858707
12	5	-0.28609476013733826
12	6	-0.3611952698720913
12	7	-0.311424194196519
12	8	-0.3300107770434906
12	9	-0.3448247059429548
12	10	-0.3941106709139959
12	11	-0.29081082240770684
12	12	-0.3259275476974395
12	13	-0.2819179719660596
12	14	-0.35217745407685186
12	15	-0.38866382341248595
12	16	-0.30182549162530137
12	17	-0.30020232449529516
12	18	-0.29068625439376916
12	19	-0.21718704538106692
12	20	-0.2531953098972295
12	21	-0.244729194457328
12	22	-0.20058288548185743
12	23	0.2047604945409276
12	24	-0.007149501305235617
12	25	-0.12924901878430717
12	26	-0.21453184065812536
12	27	0.04214283639666405
12	28	0.5814269384745927
13	1	-0.35273470083457426
13	2	-0.22531624493886682
13	3	-0.3596239932009695
13	4	-0.3719914066066963
13	5	-0.3825968761583525
13	6	-0.4184618009876644
13	7	-0.4646167337700149
13	8	-0.48635649767570044
13	9	-0.4605992257274636
13	10	-0.4538119746147089
13	11	-0.41661173119796757
13	12	-0.417724333244081
13	13	-0.48772420047413334
13	14	-0.41759164465528187
13	15	-0.42480192094454594
13	16	-0.351728821318666
13	17	-0.36788325114945764
13	18	-0.3815316314000299
13	19	-0.37024589073957515
13	20	-0.40047457199530356
13	21	-0.4505954735695852
13	22	-0.47082614379385745
13	23	-0.3202928818768527
13	24	-0.5841652762772327
13	25	-0.5529797595882187
13	26	-0.42012455712040264
13	27	0.025489155056575896
13	28	-0.14008394500812216
14	1	-0.49390550264003963
14	2	-0.34979429928965544
14	3	-0.4902921052246896
14	4	-0.4973328260535155
14	5	-0.4861785629545068
14	6	-0.5353848552829064
14	7	-0.5932951067231471
14	8	-0.628458619099149
14	9	-0.6603686215956515
14	10	-0.5792005381956855
14	11	-0.5754225129816533
14	12	-0.5619205899090716
14	13	-0.6380041001899741
14	14	-0.6501424865449934
14	15	-0.5620727934896834
14	16	-0.5515349091863868
14	17	-0.5563813967561444
14	18	-0.5590334009446991
14	19	-0.5436462766549042
14	20	-0.5536056003026246
14	21	-0.5276168218821411
14	22	-0.479211779592454
14	23	-0.3004247916296876
14	24	-0.05689106998336513
14	25	0.49032712079731766
14	26	0.5900250155291644
14	27	0.6884817915591483
14	28	0.8008929885061278
15	1	-0.227386534226369
15	2	-0.08511379531562113
15	3	-0.28074840272158497
15	4	-0.22248331664377474
15	5	-0.2708922766447017
15	6	-0.34856743672079915
15	7	-0.3397955429205908
15	8	-0.374213976952376
15	9	-0.3355571732859346
15	10	-0.2833726422572198
15	11	-0.3485773528290892
15	12	-0.32806019036808465
15	13	-0.3391576592542265
15	14	-0.27139428573397595
15	15	-0.3083238556163721
15	16	-0.2755493198458794
15	17	-0.3024426713183672
15	18	-0.3157588153482962
15	19	-0.25886521968507026
15	20	-0.3406443624674864
15	21	-0.33654299036936663
15	22	-0.32853810356152735
15	23	-0.41996692992468354
15	24	-0.29467382713231416
15	25	0.019378071260177876
15	26	0.8882693706765039
15	27	0.43449577757313307
15	28	0.5471616452225447
16	1	-0.2122357257038061
16	2	-0.06556658739032173
16	3	-0.22191433239192548
16	4	-0.23641737049074152
16	5	-0.2821269273918716
16	6	-0.3028372271881352
16	7	-0.2971030406820674
16	8	-0.25355384315504637
16	9	-0.34150612068184927
16	10	-0.30589028217886494
16	11	-0.3391187343053801
16	12	-0.3631016461582277
16	13	-0.3619395244063739
16	14	-0.407333250369895
16	15	-0.3927899763968341
16	16	-0.3340931976196373
16	17	-0.3018508171695231
16	18	-0.304373560334362
16	19	-0.3147136162237487
16	20	-0.32715701327472857
16	21	-0.4307719607752105
16	22	-0.43023480739694264
16	23	-0.5578345961369706
16	24	-0.3117529816669844
16	25	-0.17437836098681458
16	26	-0.6639694352936445
16	27	-0.7031266000492451
16	28	1.7130629081387312
17	1	-0.06611709911881292
17	2	0.05667981167187719
17	3	-0.06464183337360652
17	4	-0.12692223855857065
17	5	-0.07405132683768301
17	6	-0.1728948109109183
17	7	-0.1608634430025404
17	8	-0.16302681420347653
17	9	-0.17737652396547787
17	10	-0.1376133896747902
17	11	-0.08489342265766453
17	12	-0.029776731545950952
17	13	-0.12024872800578379
17	14	-0.09150899638575538
17	15	-0.13119956254315213
17	16	-0.026838537618793623
17	17	-0.06950462004138558
17	18	-0.049047638738983323
17	19	-0.08553442514880061
17	20	-0.11900727254107579
17	21	-0.09646728468704424
17	22	-0.029232088611493623
17	23	0.09139630291902279
17	24	0.15307420109516556
17	25	0.6127256690038081
17	26	1.0023418653460183
17	27	1.3435098620801753
17	28	0.9200764827993666
18	1	0.013092241839878227
18	2	0.13447559721949887
18	3	-0.00237275890432187
18	4	-0.026371804324185177
18	5	0.009028021166663791
18	6	-0.041122715839641444
18	7	-0.1021560715212857
18	8	-0.09187465396708205
18	9	-0.09405808676529404
18	10	-0.12122018263195855
18	11	-0.1289684185209623
18	12	-0.10623720602109188
18	13	-0.19564727926378822
18	14	-0.15058201995095288
18	15	-0.14958619766239423
18	16	-0.1941673269722486
18	17	-0.14716973687597346
18	18	-0.16450592185466206
18	19	-0.14635158767588052
18	20	-0.09593809021213673
18	21	-0.17129792541213362
18	22	-0.10646244949400341
18	23	-0.16655294611089033
18	24	0.4033741710981644
18	25	-0.01903617508283162
18	26	-0.17981254981810935
18	27	0.7153121041037451
18	28	-0.09462939955357541
19	1	-0.13001349146220775
19	2	0.02538022535611617
19	3	-0.15297890541315695
19	4	-0.17921420198046434
19	5	-0.17887048800092487
19	6	-0.20578320615987167
19	7	-0.19902108029634746
19	8	-0.17715307045725126
19	9	-0.20218533085922985
19	10	-0.13084242958557013
19	11	-0.09259741792324405
19	12	-0.09922153996428307
19	13	-0.09518525869602001
19	14	-0.13270781866057746
19	15	-0.07796132666666011
19	16	-0.04778575027246745
19	17	-0.09480543760857074
19	18	-0.03738326429692762
19	19	-0.08312081839937946
19	20	-0.05008143604841564
19	21	-0.16475491685118726
19	22	-0.04789510299765709
19	23	-0.16219377231433185
19	24	-0.14474095409817522
19	25	-0.9150074657223826
19	26	-1.16772616186487
19	27	-0.17283246670167074
19	28	-0.7047988910790011
20	1	0.1208537218752852
20	2	0.18421213514424295
20	3	0.08904871990441876
20	4	0.06384909821615992
20	5	0.06737617164121446
20	6	0.018140866334341865
20	7	-0.00776484618659623
20	8	-0.03161329695838333
20	9	-0.029774758162965043
20	10	-0.05820158911024009
20	11	0.0015424715769967179
20	12	-0.024203717894991428
20	13	-0.02029199919901714
20	14	-0.033191170322872665
20	15	-0.01238645602361288
20	16	0.024259885240546453
20	17	-0.019499453789208587
20	18	-0.013871145277384755
20	19	-0.06617449399286102
20	20	-0.0030654924713005016
20	21	-0.10668142352423615
20	22	-0.11172272753930201
20	23	-0.04571702866430627
20	24	0.018471361012871057
20	25	0.4076813505193897
20	26	0.4782942462983968
20	27	1.2267345835432835
20	28	0.6646298597056841
21	1	0.08296771038785522
21	2	0.2148476901629479
21	3	0.07040778004274983
21	4	0.0693554327591599
21	5	0.04051319278670462
21	6	0.0311974299432336
21	7	-0.001065548351910195
21	8	-0.05253740323374956
21	9	-0.09977411044128104
21	10	-0.047995946228965636
21	11	0.019106092726332236
21	12	-0.033334597938690536
21	13	-0.009592022131862166
21	14	-0.029299693464921006
21	15	-0.041923124948553436
21	16	0.05479239999372254
21	17	0.03357139470868731
21	18	0.025755148764986302
21	19	-0.02328882769992191
21	20	0.012379621456176437
21	21	-0.0028170871617803073
21	22	-0.029589016293932957
21	23	0.030427706029072965
21	24	-0.09408460154308784
21	25	-0.17437836098681458
21	26	-0.17524233906745224
21	27	-0.34112922242686494
21	28	-0.7553436852678601
22	1	0.11658101959847755
22	2	0.27017244699310794
22	3	0.1104463397362565
22	4	0.039081818492604725
22	5	0.07975343386013378
22	6	0.03607538186506076
22	7	0.037326769493425616
22	8	0.03754733058469384
22	9	0.037367898261685184
22	10	0.04859466772113308
22	11	0.026702316890229838
22	12	0.04951362490265865
22	13	0.06766107394559384
22	14	0.009609005158722539
22	15	0.07226439571633847
22	16	0.06876903902445974
22	17	0.1212620413680412
22	18	0.11903187593973996
22	19	0.097270675423907
22	20	0.0670837254553831
22	21	0.07122898229060581
22	22	0.04990179384590476
22	23	-0.25888070240551286
22	24	-0.3376031200616083
22	25	0.49015452548155025
22	26	-0.2781964369314167
22	27	-0.07040218161053957
22	28	-0.1371825910429365
23	1	0.17780278690158724
23	2	0.34477880071554523
23	3	0.18019997494029383
23	4	0.17147815490920237
23	5	0.17323401956664242
23	6	0.17807363941617638
23	7	0.20240837321340166
23	8	0.18722057340404774
23	9	0.16940917172303926
23	10	0.17272852528853377
23	11	0.14372416348433603
23	12	0.21658297806217064
23	13	0.17759711612393403
23	14	0.18178712926354024
23	15	0.1507220184653022
23	16	0.16317074932902642
23	17	0.1373133963125852
23	18	0.12840106596483736
23	19	0.13780898734813007
23	20	0.06032546273168293
23	21	0.01197152443010907
23	22	0.17717683336000078
23	23	0.2641327582979187
23	24	0.19453429179278459
23	25	0.19215145328493577
23	26	0.14771732322147813
23	27	0.07449577757313364
23	28	0.6808808045280585
24	1	0.08029591198757657
24	2	0.1889632903464289
24	3	0.11914373228035657
24	4	0.06890246409427192
24	5	0.07329561731581435
24	6	0.035511060573092834
24	7	0.02553862010655905
24	8	0.007263204546987367
24	9	0.06015228215067481
24	10	0.03753665031356945
24	11	0.008757443031662149
24	12	0.006832900126163111
24	13	0.015342469425142724
24	14	0.02472814403974155
24	15	0.019385037088085255
24	16	0.06748706184401243
24	17	0.010475296546367474
24	18	0.06326186740814421
24	19	0.0398032441497449
24	20	0.032416290228162836
24	21	-0.016171445619285407
24	22	0.05206172983555746
24	23	0.19542527530472142
24	24	0.24020563665049366
24	25	0.2585004268919704
24	26	-0.2759097338011074
24	27	-0.42998183436716175
24	28	-0.6803436852678644
25	1	0.05475902564477053
25	2	0.2035782404184161
25	3	0.05645826735403858
25	4	0.02892608543903208
25	5	0.04118961682661393
25	6	-0.009676485548496316
25	7	0.0013926191624165085
25	8	0.03060944454055914
25	9	0.01692468210411846
25	10	0.011042067034146896
25	11	0.032853685093130025
25	12	0.03466061526621189
25	13	0.028180888910213753
25	14	0.05268107800809929
25	15	0.04622004867128737
25	16	-0.02730115401183042
25	17	0.04448216020724516
25	18	0.011687655585717494
25	19	0.10144147607746135
25	20	0.08860375605460291
25	21	-0.003523246712973105
25	22	0.0066681468110729725
25	23	0.019527587159117843
25	24	0.18744880101834838
25	25	-0.3511113155322718
25	26	-0.16772616186487
25	27	-0.9106894076120469
25	28	-2.1715524764766556
26	1	-0.2110212458309917
26	2	0.11135584703431078
26	3	0.15335229402078454
26	4	0.020063201373986317
26	5	0.07538768837035548
26	6	0.194918903674278
26	7	0.18049980622922135
26	8	0.00496533716413694
26	9	0.17408373549430678
26	10	0.2344519281424411
26	11	0.1382500880165125
26	12	0.2646424300674184
26	13	0.20304098431912365
26	14	0.2689995713848248
26	15	0.2668587626071357
26	16	0.28529315801412736
26	17	0.3188907951176674
26	18	0.2690930699573286
26	19	0.33911800817931237
26	20	0.2527816198224926
26	21	0.38887066963273753
26	22	0.34169251484254914
26	23	0.49128499279132143
26	24	0.2734301094295617
26	25	-0.038057673799990255
26	26	-0.18962242036826638
26	27	-0.30328200020463925
26	28	-1.080343685267863
27	1	0.023464243240930216
27	2	0.19957027255926363
27	3	0.13171133925567347
27	4	0.05039240404447298
27	5	0.07263329673692454
27	6	0.057729164286975276
27	7	0.10507972886394867
27	8	0.0967437300217
27	9	0.04345359152163297
27	10	0.08852106122251513
27	11	0.13516401727989802
27	12	0.1739865198379391
27	13	0.07474729426890292
27	14	0.13811649804704018
27	15	0.15715940616957624
27	16	0.14578999564057682
27	17	0.1951537561832879
27	18	0.1425206868154234
27	19	0.20030501888484054
27	20	0.15074461267637673
27	21	0.19088203246529645
27	22	0.3376737802408627
27	23	0.27084683892250183
27	24	0.40932224041336696
27	25	0.008723243291257177
27	26	0.520110166696405
27	27	0.5117050798987179
27	28	0.11813655789323008
28	1	0.31277069976962935
28	2	0.4476126833184466
28	3	0.28426456349755824
28	4	0.3425027930018629
28	5	0.3533303521340727
28	6	0.32725647763275845
28	7	0.31738666963617135
28	8	0.29481248022475626
28	9	0.3494237881121265
28	10	0.26874810645519176
28	11	0.22711656296201
28	12	0.24162304015373337
28	13	0.24846358480882458
28	14	0.24148187448061975
28	15	0.23528505885403206
28	16	0.27573786597470473
28	17	0.2612274308180531
28	18	0.24982486732110232
28	19	0.30607684055649287
28	20	0.2240443464597135
28	21	0.24432541539670893
28	22	0.24935601331893764
28	23	0.1982507041644581
28	24	0.6131262405839522
28	25	0.5174912788073485
28	26	0.6637820511764474
28	27	0.5457078987852597
28	28	0.014461509537333939
29	1	0.19217698395932814
29	2	0.36110825402186464
29	3	0.14076028264268814
29	4	0.04956618389759626
29	5	0.14685725267890604
29	6	0.15964591015342933
29	7	0.16772021188747743
29	8	0.1016411132964663
29	9	0.1257390484702512
29	10	0.12114282868461146
29	11	0.15636655137727473
29	12	0.13886057124598494
29	13	0.0595664164327232
29	14	0.07383500161348877
29	15	0.10258052148559216
29	16	0.08521149086641344
29	17	0.14211715040458017
29	18	0.12826213777989892
29	19	0.18719645857475342
29	20	0.12527653300210773
29	21	0.11654360146741283
29	22	0.19396728077952474
29	23	0.29883734879553003
29	24	-0.2649941186551388
29	25	0.1818250831461441
29	26	-0.673523935519782
29	27	-0.7148847534003195
29	28	-1.3241375962748876
30	1	0.24477530119588664
30	2	0.38448349427100226
30	3	0.2521276501435352
30	4	0.27951880832453924
30	5	0.2659135153615608
30	6	0.20686625309303963
30	7	0.08518611105666452
30	8	0.15207740138358616
30	9	0.1684634346639271
30	10	0.1614472578256141
30	11	0.15480233568359125
30	12	0.12649942813374793
30	13	0.13117529784179283
30	14	0.17122477885496323
30	15	0.14887022588986554
30	16	0.24275495334281771
30	17	0.16919091511717
30	18	0.2216645897307572
30	19	0.24724241322434892
30	20	0.2027884991259441
30	21	0.263069798705871
30	22	0.3337480164316702
30	23	0.3144531967111277
30	24	0.5658256993828346
30	25	0.24209659263099326
30	26	0.6393918072740092
30	27	0.6831914297470476
30	28	-0.1571293995535754
31	1	0.2996457852219123
31	2	0.5314887512732795
31	3	0.36503732242195497
31	4	0.38892540264310327
31	5	0.383177841665173
31	6	0.3455140141268416
31	7	0.37358366934682863
31	8	0.38403102503990993
31	9	0.3488147319187007
31	10	0.3866111316091647
31	11	0.35336440479499487
31	12	0.3809371325471247
31	13	0.38110452941030815
31	14	0.45141317879250664
31	15	0.4014670984530184
31	16	0.4278066061774979
31	17	0.4425672749530847
31	18	0.4729282918662392
31	19	0.44048797187757316
31	20	0.38599669122216795
31	21	0.48229891271147807
31	22	0.5841235594386802
31	23	0.6570598406352772
31	24	0.7832985192826527
31	25	1.0064607998523414
31	26	1.424110572829008
31	27	1.177763751429346
31	28	1.7196563147321413
32	1	0.276109171308903
32	2	0.4469536199093369
32	3	0.3450636457002716
32	4	0.292160388965101
32	5	0.28741113889101655
32	6	0.29371085808740816
32	7	0.25712725996132946
32	8	0.2116210107193126
32	9	0.2264000129145316
32	10	0.2273931647668519
32	11	0.1815946864334208
32	12	0.25346832115674545
32	13	0.17604802730811997
32	14	0.29065643617771286
32	15	0.23412896251749515
32	16	0.23539308055647723
32	17	0.2677630356889438
32	18	0.29195784460367236
32	19	0.30276258644106235
32	20	0.2767249770554514
32	21	0.15249122283589855
32	22	0.2405360273804007
32	23	0.18004065992010254
32	24	0.22898961335621948
32	25	0.6531579688543445
32	26	0.2702289196652288
32	27	0.15449577757313193
32	28	1.7544272042200078
33	1	0.382357179250576
33	2	0.5663160948426054
33	3	0.44460821136514994
33	4	0.40855901311681464
33	5	0.43531117740414516
33	6	0.4321829825512111
33	7	0.39263943475780394
33	8	0.409132348851287
33	9	0.44464942525732454
33	10	0.4093680249907621
33	11	0.39087012501826024
33	12	0.40557583586477364
33	13	0.40000070264245124
33	14	0.3460441239292109
33	15	0.41240498543944426
33	16	0.3995464889682765
33	17	0.40984808993933086
33	18	0.40321871943455534
33	19	0.48368428960814214
33	20	0.47477178117368624
33	21	0.39119345004582584
33	22	0.4527759174471484
33	23	0.21538347802154334
33	24	0.18942615472215607
33	25	0.7198699587867949
33	26	0.4812323906282927
33	27	0.9000596873475715
33	28	-0.836008709898401
34	1	0.5192587126419781
34	2	0.7171525862023529
34	3	0.5912841587625124
34	4	0.5506589390315639
34	5	0.5939180830961135
34	6	0.5695052550792781
34	7	0.5489520009770459
34	8	0.5102383237231649
34	9	0.5658693341996681
34	10	0.5646563721374207
34	11	0.5569225560752358
34	12	0.5693969400604146
34	13	0.6055811645912499
34	14	0.5882007654204102
34	15	0.588742904620176
34	16	0.581011272272093
34	17	0.5579736443636776
34	18	0.5658338128106166
34	19	0.5954738162455016
34	20	0.5299608826062112
34	21	0.5401904625050307
34	22	0.45558795744511826
34	23	0.680758608638051
34	24	0.805603700620459
34	25	0.7048413666539659
34	26	1.2616726246767769
34	27	1.5608594139367682
34	28	2.2501981866533214
35	1	0.4523069278252123
35	2	0.6129837204417257
35	3	0.4687214932526018
35	4	0.5091114086814983
35	5	0.5035238282467418
35	6	0.5023974469537862
35	7	0.5069015362330447
35	8	0.4367756798125271
35	9	0.5141949922135254
35	10	0.5046592460482486
35	11	0.5028943809623811
35	12	0.5264399349477316
35	13	0.5286933917077619
35	14	0.5410917424961568
35	15	0.4748497416771329
35	16	0.5064332222218724
35	17	0.49435619964793176
35	18	0.467082920527659
35	19	0.5326504779272625
35	20	0.499310740969797
35	21	0.4866236158961641
35	22	0.4503067816446773
35	23	0.6071411902865762
35	24	0.37469846723998046
35	25	0.41676788407247045
35	26	0.03355331365590786
35	27	-0.3617361064848339
35	28	-1.298019230062053
36	1	0.3907261067927763
36	2	0.6084167535498892
36	3	0.3766112647478863
36	4	0.43399986669167134
36	5	0.4226597948049928
36	6	0.3988903895774243
36	7	0.4025813690243112
36	8	0.40162197078075224
36	9	0.4188779315013207
36	10	0.4306237715256884
36	11	0.4290361226853392
36	12	0.45228744558070844
36	13	0.37991227461994725
36	14	0.4208455682821679
36	15	0.4277589548370031
36	16	0.4865211527530988
36	17	0.45852724459831506
36	18	0.514102365285936
36	19	0.4914222875913481
36	20	0.45234991634237787
36	21	0.44643710798476377
36	22	0.42083210690908857
36	23	0.25968792331332935
36	24	-0.29174358127754374
36	25	0.5540391474306929
36	26	1.2381329559758143
36	27	1.0760705807227424
36	28	1.970944370938227
37	1	0.5004275705627421
37	2	0.6944694662830386
37	3	0.5318850636377022
37	4	0.4952668545051111
37	5	0.517787894615708
37	6	0.4865132787286157
37	7	0.5114137692242267
37	8	0.48687081965035617
37	9	0.5014394358931682
37	10	0.5264684699454776
37	11	0.540733455146686
37	12	0.5555055595346374
37	13	0.5179255644602279
37	14	0.5074814893991615
37	15	0.548647385577766
37	16	0.5843582638145861
37	17	0.5545336462657247
37	18	0.6239640837130196
37	19	0.5903463636093065
37	20	0.5848536841724723
37	21	0.569008465759616
37	22	0.6802586430233788
37	23	0.45924620190545085
37	24	0.7077672503087626
37	25	1.1094669890654316
37	26	1.2916712096491807
37	27	0.7597670954025944
37	28	-0.9929344842993402
38	1	0.4926730970284581
38	2	0.6590100114185873
38	3	0.47975302916573526
38	4	0.5256752643571687
38	5	0.4958677572959047
38	6	0.4164938609145423
38	7	0.43856674325112266
38	8	0.38972456721778315
38	9	0.4318081132141103
38	10	0.451713836729148
38	11	0.4522729334764932
38	12	0.5252154985499686
38	13	0.4360528896063016
38	14	0.4974564150630343
38	15	0.4807259417603049
38	16	0.5028723108255875
38	17	0.5089645146220008
38	18	0.48266895013345845
38	19	0.5604846523381752
38	20	0.5729957402747203
38	21	0.46243664159037223
38	22	0.3888108983169829
38	23	0.5408285465963161
38	24	0.0731364411556612
38	25	1.001208343058039
38	26	1.061208356727846
38	27	1.3778856080816126
38	28	0.8092167542925779
39	1	0.5140404611255391
39	2	0.6945509190184538
39	3	0.5244614912977923
39	4	0.5492239114788475
39	5	0.5702160782973493
39	6	0.5181949194863691
39	7	0.5057333262847976
39	8	0.4942251980277348
39	9	0.5557403514464312
39	10	0.5046703286206196
39	11	0.5369399097719949
39	12	0.5381471371242981
39	13	0.49624415389498466
39	14	0.4858666167289911
39	15	0.5415756400197722
39	16	0.5377991719662774
39	17	0.5381628042201498
39	18	0.6063206032052477
39	19	0.5270055406939846
39	20	0.5106781756963414
39	21	0.5922058793619485
39	22	0.5547781801882223
39	23	0.4545692441763123
39	24	0.5406648537946026
39	25	0.17623243446772818
39	26	-0.7379178749137267
39	27	-0.091633254684929
39	28	-1.4434666088558998
40	1	0.47242866481827406
40	2	0.6543181919284464
40	3	0.49157326213265407
40	4	0.5045062958079427
40	5	0.4496086206740131
40	6	0.48065424214362196
40	7	0.47878240149679385
40	8	0.4722411137468612
40	9	0.47869629534572056
40	10	0.465465291085458
40	11	0.4816530590479857
40	12	0.4854505163009861
40	13	0.4570960628949834
40	14	0.4843606739811932
40	15	0.5152368206973108
40	16	0.4879632770856688
40	17	0.47776828197436316
40	18	0.4814425175321233
40	19	0.5263313472564235
40	20	0.5625669784645666
40	21	0.5417276928350816
40	22	0.49248524702989727
40	23	0.31784753389718645
40	24	0.5802665212332272
40	25	0.9727088375289554
40	26	0.6832942462983951
40	27	0.5875392558340025
40	28	0.6370779175195977
41	1	0.590170578718201
41	2	0.8262051939491357
41	3	0.6979538206991691
41	4	0.682268015132955
41	5	0.7138544755858973
41	6	0.6856952581083959
41	7	0.6655877061390214
41	8	0.7011945040877023
41	9	0.690016166342815
41	10	0.6878373922001799
41	11	0.6760433062143392
41	12	0.6524089115262726
41	13	0.6853308374744529
41	14	0.644772573294695
41	15	0.6843858565210397
41	16	0.612054970850977
41	17	0.5863742744536538
41	18	0.6461422091288256
41	19	0.70555926508694
41	20	0.6394041351272151
41	21	0.5811883818103354
41	22	0.6361848543051707
41	23	0.5346837267769118
41	24	0.8138571346595143
41	25	0.8794482774909866
41	26	1.4206076791342213
41	27	0.8998478902491911
41	28	1.7387039337797603
42	1	0.47390618852696065
42	2	0.7232399589514529
42	3	0.5474001773278445
42	4	0.5959890280278515
42	5	0.551024666873225
42	6	0.5635425750784862
42	7	0.544934336330634
42	8	0.5746918890465693
42	9	0.5263561653321673
42	10	0.5838775917104755
42	11	0.6170047616334529
42	12	0.6371977156588855
42	13	0.5797545809454618
42	14	0.5896288838471975
42	15	0.5723063073601011
42	16	0.5887444114595723
42	17	0.517295901314732
42	18	0.5747956113375494
42	19	0.6048651289137013
42	20	0.5080769849930107
42	21	0.6873612404695066
42	22	0.5587744106796819
42	23	0.515822188204389
42	24	0.4957302132717203
42	25	0.8553618987534435
42	26	0.9055164685206236
42	27	1.218495777573132
42	28	2.4508251459009713
43	1	0.5435101014191872
43	2	0.709193526722089
43	3	0.6424608842117223
43	4	0.633937527880704
43	5	0.5923863819827062
43	6	0.5968614749602281
43	7	0.5060371549206835
43	8	0.5600408922357119
43	9	0.556489950907185
43	10	0.5409669740868708
43	11	0.5325592177747893
43	12	0.506287256055856
43	13	0.5401556979218398
43	14	0.5450940418638908
43	15	0.511384960061946
43	16	0.5203797904410479
43	17	0.539525891911147
43	18	0.5780284319786162
43	19	0.5889115666495641
43	20	0.5141534569482786
43	21	0.5777153572062659
43	22	0.5571636587729216
43	23	0.7183820060739521
43	24	1.0985461298748262
43	25	1.2722643032796128
43	26	1.751349801853955
43	27	1.404495777573132
43	28	0.4923271221855572
44	1	0.5352516593407586
44	2	0.7884651853873876
44	3	0.6476913245513245
44	4	0.6628932420812887
44	5	0.6004340461434907
44	6	0.6480825864217081
44	7	0.5790661553127663
44	8	0.6036742186294717
44	9	0.6186335818823636
44	10	0.620021011395643
44	11	0.5952073324000438
44	12	0.5705444586897386
44	13	0.5814353701563135
44	14	0.5991409558859999
44	15	0.5631872261298625
44	16	0.5626463354444056
44	17	0.5629875222890917
44	18	0.5499105346363109
44	19	0.6053252142307741
44	20	0.5639898220525339
44	21	0.5736518992626358
44	22	0.5384108380820649
44	23	0.6344551681417201
44	24	0.8455775881190988
44	25	1.4252642186557622
44	26	0.826476064480218
44	27	0.6655672061445657
44	28	0.32759282266864886
45	1	0.4019861051147373
45	2	0.7660979818752054
45	3	0.7146079179902358
45	4	0.6893728577048392
45	5	0.6499516013083309
45	6	0.8064386565349508
45	7	0.7155086865840659
45	8	0.6223232749907694
45	9	0.7204432865000214
45	10	0.7724280607825023
45	11	0.6608700573163588
45	12	0.7135708665450196
45	13	0.7293152885663261
45	14	0.7232061278152955
45	15	0.7630522156417143
45	16	0.731657050690977
45	17	0.7822612566056222
45	18	0.7921944382449269
45	19	0.9570048398948714
45	20	0.8179195939183685
45	21	1.0645413213063009
45	22	0.9710001018965002
45	23	0.9755422343690441
45	24	1.011130027311708
45	25	0.3385470015883527
45	26	0.3832942462983979
45	27	0.5821880852654431
45	28	1.9853706004464229
46	1	0.6292971095181912
46	2	0.8606112800091239
46	3	0.7758622489253426
46	4	0.7803726049761792
46	5	0.7399063217941659
46	6	0.7364668052788375
46	7	0.7245055778970482
46	8	0.7378754248650878
46	9	0.7881529050042388
46	10	0.8026005014068289
46	11	0.7110457846582392
46	12	0.8041640070160909
46	13	0.7660895495839881
46	14	0.7961183463122978
46	15	0.7843706873678542
46	16	0.7850323477716472
46	17	0.760448283284056
46	18	0.7403280862965147
46	19	0.7644691555403398
46	20	0.7322877523120965
46	21	0.7724092817785433
46	22	0.7312053968903882
46	23	0.7979163785075656
46	24	1.3476949829194211
46	25	0.8347991281906744
46	26	0.921755784759938
46	27	1.4046545077318626
46	28	2.0818411886817216
47	1	0.5700791076177438
47	2	0.812074689293965
47	3	0.6255373727271731
47	4	0.6292064526946959
47	5	0.6270265451143544
47	6	0.6137119040831251
47	7	0.5978671577863963
47	8	0.6706107248483093
47	9	0.6401854788224668
47	10	0.6375201405160169
47	11	0.6678713981333431
47	12	0.6813865106157664
47	13	0.6937899443115043
47	14	0.655562300258886
47	15	0.677555147375621
47	16	0.6844428322526213
47	17	0.7074444727022566
47	18	0.7617847013384988
47	19	0.7745921611407312
47	20	0.7324708639310487
47	21	0.7199891011476893
47	22	0.76787000454798
47	23	0.8028786914537847
47	24	1.1502404927820038
47	25	0.20171448234006562
47	26	0.361316224320376
47	27	-0.18161933034053135
47	28	0.1382473127751922
48	1	0.8009848428070399
48	2	1.0003354336212382
48	3	0.7995441467542648
48	4	0.8300480532761796
48	5	0.7956894621202721
48	6	0.8531528280942595
48	7	0.8371556825749238
48	8	0.9015913981090051
48	9	0.8818145633050136
48	10	0.8428300374032105
48	11	0.8264661602508738
48	12	0.8873875753034213
48	13	0.8414820884137981
48	14	0.8732111498723469
48	15	0.8239643964347536
48	16	0.8140194974371724
48	17	0.861471680034235
48	18	0.8258818090017996
48	19	0.8622843778937934
48	20	0.8470929489415155
48	21	0.9318207577265056
48	22	0.8504294716224408
48	23	0.7039037886612789
48	24	1.0975438037216776
48	25	0.7644386298825765
48	26	0.7064986661878976
48	27	1.5174709841847047
48	28	2.6597565653587054
49	1	0.596937375546851
49	2	0.7071039681617606
49	3	0.5784907494184708
49	4	0.6481143481006768
49	5	0.5926186173751162
49	6	0.5830615409146702
49	7	0.5789247317118509
49	8	0.6064226067885841
49	9	0.5860114116056963
49	10	0.6065227441284264
49	11	0.6203460541921899
49	12	0.6654234534084935
49	13	0.6178301643785886
49	14	0.640180613944267
49	15	0.6362533286139112
49	16	0.6402536217681032
49	17	0.6401156333784854
49	18	0.6986940945199933
49	19	0.6485674667093946
49	20	0.624822227592766
49	21	0.7105756216847681
49	22	0.6922789671702816
49	23	0.7099581472770353
49	24	0.6970447505070325
49	25	0.8288355205673099
49	26	0.44943181243596086
49	27	0.7337550368323917
49	28	-0.508422503001853
50	1	0.7006231800008749
50	2	0.9272635374375042
50	3	0.7614177657181855
50	4	0.8154278685144121
50	5	0.7458088459202443
50	6	0.823901757142103
50	7	0.7917880996046804
50	8	0.7572995414708004
50	9	0.8352419459653859
50	10	0.7747278846690477
50	11	0.7038300088505949
50	12	0.7726026340220287
50	13	0.7930037071589737
50	14	0.7606225430466651
50	15	0.7398637416865768
50	16	0.717960718556327
50	17	0.8281925913507706
50	18	0.821755680848689
50	19	0.802268858378099
50	20	0.7716490472982969
50	21	0.8383032294269483
50	22	0.839944558169087
50	23	1.0205298778151786
50	24	1.5774934982958797
50	25	1.9267904701820129
50	26	1.657487794685494
50	27	1.7275260806034396
50	28	1.9822936773695048
51	1	0.786228615647552
51	2	0.9878529991224951
51	3	0.8429281675420626
51	4	0.8588119485492101
51	5	0.8437368805979872
51	6	0.8655666489241369
51	7	0.8606114260884539
51	8	0.8649865418157816
51	9	0.9471406725481586
51	10	0.9001842300066016
51	11	0.8800310557825455
51	12	0.8887484845417433
51	13	0.8888174792637855
51	14	0.9382247989000305
51	15	0.8685349780562106
51	16	0.8634443621194947
51	17	0.8327558947360529
51	18	0.8583699374353344
51	19	0.8950941125319147
51	20	0.7936203738470695
51	21	0.833208271040057
51	22	0.7622781798905862
51	23	0.7244462543256986
51	24	0.46356175449036385
51	25	0.24426767382943382
51	26	0.5061513891555407
51	27	0.4898803929577511
51	28	-0.1660579709821448
52	1	0.6568080149081297
52	2	0.8743540439590092
52	3	0.7123716604554673
52	4	0.7615736426809434
52	5	0.6811796640202843
52	6	0.707888125995936
52	7	0.7151002322033833
52	8	0.7123802705795441
52	9	0.7611880421653083
52	10	0.7147933724646549
52	11	0.685288218594124
52	12	0.7075942866269855
52	13	0.6657753698580464
52	14	0.7294031638556078
52	15	0.6909904270033351
52	16	0.6959967563748322
52	17	0.7342650044910002
52	18	0.681394079991847
52	19	0.7703126132235383
52	20	0.7464279151086473
52	21	0.8530623442059735
52	22	0.7432874897419666
52	23	0.7956666754254158
52	24	0.7918849925051035
52	25	0.2812107136157067
52	26	0.13048525753435314
52	27	0.2982581538107567
52	28	1.0303706004464246
53	1	0.7416227103989712
53	2	1.0379370863557185
53	3	0.8243157317310548
53	4	0.8528838402206631
53	5	0.8232578802123669
53	6	0.8800901869686868
53	7	0.8357664922679646
53	8	0.8293822151101082
53	9	0.8486645629212646
53	10	0.8971167521519732
53	11	0.753613072045141
53	12	0.8037950224281616
53	13	0.825021041943593
53	14	0.7716519570511693
53	15	0.7803819287496339
53	16	0.80838356463628
53	17	0.7527954554073091
53	18	0.8627880092729185
53	19	0.8764813121316806
53	20	0.8081125994306149
53	21	0.7654885151444333
53	22	0.7630212276924553
53	23	0.9855730585559499
53	24	1.5080318005733133
53	25	1.5375878123747029
53	26	2.0332942462983965
53	27	1.5771506448297714
53	28	1.1235524186282433
54	1	0.7870258834283774
54	2	0.9668793820444606
54	3	0.8734735553938009
54	4	0.8792159457258464
54	5	0.8644354416810955
54	6	0.9467268972470677
54	7	0.9631072160477174
54	8	0.9633767222778573
54	9	0.986500801933964
54	10	0.9630147112573297
54	11	0.9538735029972472
54	12	0.9624313114659984
54	13	0.9547400478610513
54	14	0.9796691624474718
54	15	0.9953367921252507
54	16	0.9246901451314926
54	17	0.9110883295568399
54	18	0.9954026531464137
54	19	0.9952370891682065
54	20	1.012502526343802
54	21	1.051784865205839
54	22	1.046524467667517
54	23	1.1595119626112194
54	24	1.054440855998763
54	25	1.5844724108828245
54	26	1.2936988705758523
54	27	1.856313959391315
54	28	1.8527390214990547
55	1	0.7648817860895818
55	2	1.0048346576290825
55	3	0.8924960147052161
55	4	0.9110799998201955
55	5	0.8897963582117185
55	6	0.9262100046994561
55	7	0.9463287021869675
55	8	0.9617756872852752
55	9	0.9582761863229692
55	10	0.9683259177963848
55	11	0.9417126673175318
55	12	0.9678553752615429
55	13	0.9467533524489298
55	14	0.9806525959319359
55	15	0.9302641818381971
55	16	0.9296561800615137
55	17	0.9273999191161479
55	18	0.9825303700557271
55	19	1.016325431702505
55	20	1.0302540939277662
55	21	1.083486044065829
55	22	1.0107538005435117
55	23	1.142356459433671
55	24	0.7546607969994668
55	25	0.2171631409894701
55	26	0.34881148767770753
55	27	0.385239579226031
55	28	0.5328215808385792
56	1	0.843008165644946
56	2	1.0128090567469457
56	3	0.8945314620581044
56	4	0.8763835177829264
56	5	0.8540589086946255
56	6	0.9226216152788851
56	7	0.8963163282798732
56	8	0.9035758218200627
56	9	0.9088204418700556
56	10	0.9451899842814555
56	11	0.9451515574820633
56	12	0.9380330809747974
56	13	0.9544866443797844
56	14	0.9749765987836767
56	15	0.9725276418840068
56	16	1.0278318382255165
56	17	0.9297149612053204
56	18	1.0157256114749913
56	19	1.0111646674840102
56	20	0.9404233108377866
56	21	0.9967214492121386
56	22	0.9334964172427931
56	23	1.1106900728125098
56	24	1.158175431111374
56	25	1.1360761844677256
56	26	1.3270442462983993
56	27	1.655448158525516
56	28	2.545370600446425
57	1	0.9250776024135376
57	2	1.1628102168583183
57	3	0.9811895673193476
57	4	0.9916559027812042
57	5	0.9604598364531043
57	6	1.0085513595248017
57	7	0.9918760005416161
57	8	1.0194043222908036
57	9	1.0324953688642182
57	10	1.0134803680091053
57	11	0.9538801999941313
57	12	1.0010695476144562
57	13	1.0127701081759568
57	14	1.0552454128233748
57	15	1.0277577693091047
57	16	1.0179028494393947
57	17	0.9804502327059197
57	18	0.9869185925904915
57	19	1.0575037146040955
57	20	1.023719075965964
57	21	1.0117361434583643
57	22	0.91046879206759
57	23	0.9427299391448187
57	24	0.587047398135546
57	25	0.6021872955788368
57	26	1.2507641258164668
57	27	0.6744957775731351
57	28	0.9297608443488627
58	1	0.819783117467594
58	2	1.0521036380563658
58	3	0.8549843676287523
58	4	0.8847064052270994
58	5	0.8211267252098509
58	6	0.8385584250515663
58	7	0.8355317025079927
58	8	0.8778092885863202
58	9	0.9088721942037736
58	10	0.8869078873032024
58	11	0.9415854300332569
58	12	0.9454217954441404
58	13	0.9266548312725007
58	14	0.9276700028007525
58	15	0.9370692209974933
58	16	0.9256336257110647
58	17	0.935380720596676
58	18	0.9109187992058594
58	19	1.0074598054126938
58	20	0.9970592774221885
58	21	0.9460666435861782
58	22	0.9279093347284331
58	23	0.7552261464932712
58	24	0.6172125034221381
58	25	1.1954240105546816
58	26	1.0185883639454545
58	27	1.551544957901001
58	28	1.5303706004464246
59	1	0.9439139840563584
59	2	1.1058765121011973
59	3	0.9952774283964487
59	4	1.001639035035069
59	5	0.9630626284736721
59	6	1.0451030824010275
59	7	1.0466730021564317
59	8	1.036139492578208
59	9	1.050113260139824
59	10	1.0466092678368852
59	11	1.0438143755357743
59	12	1.0367190351179332
59	13	1.0396351954784322
59	14	1.0902012859213315
59	15	1.1018136999744925
59	16	1.0669055424244647
59	17	1.0412150380255412
59	18	1.166499889294478
59	19	1.2584239405683633
59	20	1.15341441654013
59	21	1.2133328741059444
59	22	1.08549280212614
59	23	1.3398915490440757
59	24	1.5039192464607538
59	25	1.7647025580941005
59	26	1.883294246298398
59	27	2.0218641986257637
59	28	2.4609261560019817
60	1	-1.0710677702179652
60	2	-1.119495984083109
60	3	-0.7264768086388997
60	4	-1.0326434779034912
60	5	-0.83283376115957
60	6	-0.10085396059822926
60	7	0.07387814973800744
60	8	-0.09462406866926898
60	9	-0.1692989863713663
60	10	0.09190372252832901
60	11	0.36394700505805844
60	12	0.20150142873838917
60	13	0.2244923617730592
60	14	0.16380886858640054
60	15	0.49088397584787913
60	16	0.5054737501174955
60	17	0.4407163256666706
60	18	0.4427180381984286
60	19	0.45303255427184297
60	20	0.5274076319950325
60	21	0.6559866934472467
60	22	0.7898839679767491
60	23	0.9941489511183761
60	24	0.6759052513234707
60	25	0.771458959587342
60	26	1.265459851393942
60	27	1.3440609949644369
60	28	1.0508251459009728
61	1	0.7695622907700894
61	2	0.8932049492251792
61	3	0.7041007779228892
61	4	0.8126318529849499
61	5	0.7505890899721948
61	6	0.5305727864815921
61	7	0.6783320632225838
61	8	0.7462164555970148
61	9	0.8056050820389586
61	10	0.6429816085811026
61	11	0.3527108686383116
61	12	0.4132188528830838
61	13	0.5143810652379344
61	14	0.5518448445435382
61	15	0.47787010041186306
61	16	0.4097328536865774
61	17	0.5423775340937667
61	18	0.3908177308194354
61	19	0.35730429298023125
61	20	0.49776526385116426
61	21	0.6398755060679377
61	22	0.38945120659768406
61	23	0.5085243168382618
61	24	0.7868299865143555
61	25	0.6019766584013766
61	26	0.13329424629839792
61	27	1.1017685048458645
61	28	1.7421052943239772
79	1	0.8883620549556497
79	2	1.004356668585821
79	3	0.8276655008997977
79	4	0.9475547619177149
79	5	0.8539699117812347
79	6	0.7963939579930823
79	7	0.8539595401124203
79	8	0.9209393865322468
79	9	0.8760707370480887
79	10	0.7996503472777832
79	11	0.713906463972755
79	12	0.7752757630209359
79	13	0.8052015610874577
79	14	0.7851567510754336
79	15	0.7700567791391393
79	16	0.7832313842199383
79	17	0.8265146958268303
79	18	0.7788007254900435
79	19	0.793812404054357
79	20	0.8689798150346277
79	21	0.8704670040850218
79	22	0.8697778331559576
79	23	0.5334403652640916
79	24	0.802575665635537
79	25	1.2244095178010639
79	26	1.4521565217474972
79	27	1.3131512397580067
79	28	1.8127780078538294
80	1	0.7130190399234735
80	2	0.8126340787778545
80	3	0.6069747399251924
80	4	0.644954780572121
80	5	0.6034886955142156
80	6	0.6050612355753984
80	7	0.61599638928773
80	8	0.58081713288815
80	9	0.6583504492318184
80	10	0.5827735942207255
80	11	0.5219914165049957
80	12	0.4878117616901321
80	13	0.5464237994426426
80	14	0.6129270019194522
80	15	0.5272048768228217
80	16	0.5426033462688054
80	17	0.5485221787421821
80	18	0.5306977390003027
80	19	0.4858571464503001
80	20	0.5019869421382595
80	21	0.5150802803819516
80	22	0.43754637181363165
80	23	0.2931933754680287
80	24	0.8865023413319904
80	25	0.6257700620187521
80	26	0.329621929914218
80	27	0.6310175167035723
80	28	1.2988132233972465
81	1	0.585230197188622
81	2	0.7415305029256061
81	3	0.520825132465518
81	4	0.580211568426634
81	5	0.5556353202865054
81	6	0.5471588927151103
81	7	0.5876064352523471
81	8	0.5590891146150341
81	9	0.6185411591955017
81	10	0.5830900196528432
81	11	0.44647587959585877
81	12	0.4300736375768821
81	13	0.4585955987247843
81	14	0.5351294504396762
81	15	0.4729568111112954
81	16	0.4360694313668745
81	17	0.4150745922195327
81	18	0.4100496662522062
81	19	0.44243873446281157
81	20	0.5495339587446821
81	21	0.5375991325750178
81	22	0.5561869743325261
81	23	0.35836387179594453
81	24	0.6156743008282319
81	25	0.3910761844677282
81	26	0.15388248159251816
81	27	0.09791920099655727
81	28	-2.021902126826305
82	1	0.5403309427462943
82	2	0.6398419073434667
82	3	0.45776015971257067
82	4	0.5002364809546052
82	5	0.42112541909298784
82	6	0.4165844827649394
82	7	0.42953867706714277
82	8	0.42687758139820886
82	9	0.4289506986464602
82	10	0.405017853321084
82	11	0.3572494115894145
82	12	0.29444824530729363
82	13	0.347372829416031
82	14	0.4069834983345686
82	15	0.31727464747769574
82	16	0.35028211766537964
82	17	0.4234893658104326
82	18	0.32995281174199675
82	19	0.4654473799959504
82	20	0.4591948158715624
82	21	0.521514821557048
82	22	0.3844983556411137
82	23	0.44397832996709496
82	24	0.3460031740938163
82	25	-0.009717466325923851
82	26	-0.484864957681701
82	27	-0.10908631197910523
82	28	-0.12094518902726037
83	1	0.7350326425439846
83	2	0.8538349762222097
83	3	0.6835733351320883
83	4	0.7624571002718596
83	5	0.702443786935298
83	6	0.6218160889887798
83	7	0.6165138832129671
83	8	0.6864424103655367
83	9	0.6276187932647233
83	10	0.6156170859759698
83	11	0.47310543350669576
83	12	0.5404024634088387
83	13	0.5087559382484486
83	14	0.5719503982292053
83	15	0.5544567811762207
83	16	0.47383146511464247
83	17	0.5761058888163006
83	18	0.5328641193639854
83	19	0.5250533845199072
83	20	0.5220245644486141
83	21	0.5553318841029622
83	22	0.5646813930666497
83	23	0.6534863922699472
83	24	0.9233617922190902
83	25	0.7898616095689448
83	26	0.4123947753989299
83	27	0.15887077757313506
83	28	-0.07677225669642951
84	1	0.3235885762046351
84	2	0.510177153516139
84	3	0.3156911243940499
84	4	0.37022852531401185
84	5	0.28893646273737517
84	6	0.2638602057673367
84	7	0.27610883154505217
84	8	0.34265076933502314
84	9	0.3338999584751363
84	10	0.2817253839072009
84	11	0.17361718827755368
84	12	0.19379976521618403
84	13	0.2151734515951702
84	14	0.21516821686315524
84	15	0.19545955323938813
84	16	0.21614620197539125
84	17	0.20013484451956032
84	18	0.1712115897530282
84	19	0.11535836661281706
84	20	0.16489512148694274
84	21	0.17752502542875703
84	22	0.10446379235616376
84	23	0.35863033592675464
84	24	0.4838493565113495
84	25	0.07214614331546443
84	26	0.46892960541441653
84	27	0.0020819844696902123
84	28	-0.37796273288690685
85	1	0.5011339843022284
85	2	0.5307581850308338
85	3	0.40255382609014134
85	4	0.455691506687792
85	5	0.38821993688626577
85	6	0.37349548365170904
85	7	0.3968499292997407
85	8	0.4245613680264171
85	9	0.4346326473387805
85	10	0.42754544498122016
85	11	0.25680591950427356
85	12	0.28102980810616174
85	13	0.2891630141214492
85	14	0.3606789379844244
85	15	0.24207527963576325
85	16	0.2591683862900993
85	17	0.2306274288675425
85	18	0.2720255259019453
85	19	0.21798731984404185
85	20	0.33620770014623247
85	21	0.37231249550524126
85	22	0.2577673244560401
85	23	0.18647790688366683
85	24	-0.053474660747276914
85	25	0.423643234276156
85	26	0.2986788616830154
85	27	0.10927838626878383
85	28	-0.1330909380151155
86	1	0.5575000325536905
86	2	0.6071400537122713
86	3	0.4451372914511964
86	4	0.424269432693535
86	5	0.45095507349648045
86	6	0.3414271430575937
86	7	0.36013179337650314
86	8	0.33635695884476746
86	9	0.35338105255446806
86	10	0.33487835334967286
86	11	0.19370728443188057
86	12	0.1915820077658239
86	13	0.22198902407519228
86	14	0.2888357332347695
86	15	0.27162965926859073
86	16	0.33814816868625996
86	17	0.3492175195424494
86	18	0.3524807426208625
86	19	0.2712234637485551
86	20	0.3888592591992577
86	21	0.30779775635200934
86	22	0.37400105195526834
86	23	0.5908961965605073
86	24	0.4336371655926641
86	25	-0.06294680403802033
86	26	0.2133435073821417
86	27	0.06085941393676819
86	28	1.4053706004464246
87	1	0.5027239556420398
87	2	0.5690973465418026
87	3	0.4107864841825446
87	4	0.4014328268133127
87	5	0.4954306756537079
87	6	0.3872454503971028
87	7	0.37376523625770375
87	8	0.45310682633400745
87	9	0.4225955778486892
87	10	0.3840295442121189
87	11	0.22753312489696498
87	12	0.30875904002400034
87	13	0.28165414517078347
87	14	0.34693691011643324
87	15	0.2516442872718656
87	16	0.2562251319500035
87	17	0.2940981202635271
87	18	0.2942469124575382
87	19	0.13308784312818744
87	20	0.19075062165213552
87	21	0.21122252242152229
87	22	0.18029659708050616
87	23	-0.005639687421584938
87	24	-0.12458437842840908
87	25	0.6201598498063703
87	26	0.2813041965471541
87	27	1.4073202050540488
87	28	1.709718426533378
88	1	0.35909014604327893
88	2	0.4683260773308362
88	3	0.26265327585151255
88	4	0.27607398952554973
88	5	0.30354041805729537
88	6	0.18952419185529834
88	7	0.15389833012078924
88	8	0.2485520806944166
88	9	0.22962187706497872
88	10	0.2023965885607737
88	11	0.2039752083710482
88	12	0.18890772807004197
88	13	0.2178491354980352
88	14	0.17840895743979956
88	15	0.15947694261076606
88	16	0.16819219504485972
88	17	0.240728273316698
88	18	0.17141971642348608
88	19	0.17597377967716454
88	20	0.2281426090833989
88	21	0.19628404418777734
88	22	0.11564273191233099
88	23	0.22771848976732656
88	24	0.30999666418865957
88	25	0.8221106672263474
88	26	1.082157882662031
88	27	0.43311646722830943
88	28	0.2515244466002713
89	1	0.335206068431674
89	2	0.46064782098040524
89	3	0.24693982234352063
89	4	0.25853671629052144
89	5	0.2891410452689058
89	6	0.23523666767346896
89	7	0.22317665351049953
89	8	0.2647476371235271
89	9	0.2849392594971647
89	10	0.23120764383754278
89	11	0.1987059076674882
89	12	0.16767566194135952
89	13	0.20831502990514394
89	14	0.1373642267232924
89	15	0.213524502553895
89	16	0.15630898162277873
89	17	0.24937911744324026
89	18	0.15785767955647856
89	19	0.2060680184517807
89	20	0.23633794873648384
89	21	0.33125192247676694
89	22	0.29857421681534646
89	23	0.20386583114620294
89	24	0.12168806767785156
89	25	0.5160761844677282
89	26	0.8661513891555401
89	27	0.9681465712239259
89	28	1.2004525676595392
90	1	0.28703181776370457
90	2	0.39465010429420744
90	3	0.21072386527958997
90	4	0.24165140923809503
90	5	0.23888819430007402
90	6	0.21128845578604682
90	7	0.22672013207417763
90	8	0.28799245396911033
90	9	0.22700808783189075
90	10	0.1642085387541954
90	11	0.15462774046731198
90	12	0.17058379730941908
90	13	0.15159043839705788
90	14	0.1620450471244652
90	15	0.15438121093252022
90	16	0.1521939074055183
90	17	0.15157908915838192
90	18	0.1481670866820224
90	19	0.029342550785116828
90	20	0.0857122426832646
90	21	0.05832749066485832
90	22	0.03200266177084643
90	23	0.014686076970519935
90	24	0.3126683920520108
90	25	-0.24750059455848827
90	26	0.5327787823808734
90	27	0.39630028885132873
90	28	0.6053706004464274
91	1	0.32183810384871236
91	2	0.43076183976886995
91	3	0.2991634284003979
91	4	0.3829209611353406
91	5	0.3313069570555669
91	6	0.3037225371076815
91	7	0.2583574858989266
91	8	0.2632219579296873
91	9	0.23379437035360695
91	10	0.2559524959987911
91	11	0.17468238536116587
91	12	0.156126994157745
91	13	0.2202522145704151
91	14	0.1973992331730443
91	15	0.12815923639221438
91	16	0.18795652940621466
91	17	0.1823753216112607
91	18	0.2118075143588669
91	19	0.17882543236429171
91	20	0.21037865566903236
91	21	0.1631820110857447
91	22	0.21545130614642716
91	23	0.11842527530471614
91	24	0.028223513622165797
91	25	-0.020688521414626848
91	26	-0.5808205862374862
91	27	-1.097563045956278
91	28	-0.7089151138392893
92	1	0.25948288767413885
92	2	0.36859399345993893
92	3	0.22078488490017634
92	4	0.2163414653029463
92	5	0.18450352877745502
92	6	0.07384859469045324
92	7	0.09717700657510164
92	8	0.11657997863178338
92	9	0.07416393674849076
92	10	0.07143321149885651
92	11	0.02733066937725681
92	12	-0.011948460049147513
92	13	0.0015448889332816407
92	14	0.023520810914426704
92	15	0.030448745542017264
92	16	0.026716368163206994
92	17	0.045071017036868
92	18	-0.009612081696801056
92	19	-0.008043567820877229
92	20	0.02654718725040084
92	21	-0.09236833832742519
92	22	-0.09936407833610872
92	23	-0.1952911727275719
92	24	0.10758982737684875
92	25	0.07217854667245405
92	26	0.08131404827859257
92	27	0.053528035637654625
92	28	1.4148045627105788
93	1	0.5409196735169388
93	2	0.59482689938649
93	3	0.4427339844175364
93	4	0.5178252025340271
93	5	0.4674798839273606
93	6	0.36016218012679246
93	7	0.3342284666668789
93	8	0.3949817337309369
93	9	0.392429202997846
93	10	0.410999699339186
93	11	0.26571203481748285
93	12	0.2995922127125894
93	13	0.24288189852878617
93	14	0.26025199633087936
93	15	0.3021501589037001
93	16	0.2862547330677714
93	17	0.35378886186871483
93	18	0.30648750055866003
93	19	0.24247963806046613
93	20	0.26831147879356365
93	21	0.296200754555791
93	22	0.3114972085706711
93	23	0.24808742438506926
93	24	0.15510865111550487
93	25	0.439153107544648
93	26	0.7824170533159389
93	27	0.7003022291860361
93	28	-0.7821293995535754
94	1	0.3161818130703651
94	2	0.4689332776328641
94	3	0.3518815389773522
94	4	0.39694617318802017
94	5	0.3736936486664746
94	6	0.2543096686508264
94	7	0.2960197113423675
94	8	0.315476149654927
94	9	0.2802405579711049
94	10	0.27719333967288406
94	11	0.2443691190914521
94	12	0.21923000193056197
94	13	0.20805241192999802
94	14	0.22986532979629004
94	15	0.2309442599270497
94	16	0.2108811131031132
94	17	0.236726588322675
94	18	0.2285096720082862
94	19	0.08975322192034696
94	20	0.22312455491316285
94	21	0.14396705541087584
94	22	0.15280827093207705
94	23	0.3113687175280262
94	24	0.3584179009594095
94	25	0.6145610329525795
94	26	0.37298496794787894
94	27	-0.3716580685807145
94	28	0.01648171155753886
95	1	0.07576230690652608
95	2	0.3203787878659412
95	3	0.32419377651835646
95	4	0.29379897877181094
95	5	0.267606096982135
95	6	0.36196044756080425
95	7	0.31891871932607785
95	8	0.21226288856126985
95	9	0.3146981316782771
95	10	0.34055944868308075
95	11	0.2136921524827926
95	12	0.2661074759153337
95	13	0.2796360833537932
95	14	0.27619668766156735
95	15	0.33418738802182446
95	16	0.22816777407581412
95	17	0.35208508578389086
95	18	0.33527470438799156
95	19	0.45824279963007797
95	20	0.34063267681203513
95	21	0.36871492044969045
95	22	0.2958899554524237
95	23	0.3418180130018058
95	24	0.17465795954351648
95	25	-0.1742299379812522
95	26	-0.5236824978876484
95	27	0.8379573160346752
95	28	0.5649450685315287
96	1	0.25283952119338693
96	2	0.3494403077436843
96	3	0.22719932168648427
96	4	0.22044024713339638
96	5	0.19130008268958676
96	6	0.1676312136550422
96	7	0.15154688351428547
96	8	0.15062897639801065
96	9	0.1922218769883628
96	10	0.14417421516158413
96	11	0.07744868811365535
96	12	0.06824397564581375
96	13	0.0469766975741166
96	14	0.1101763642734852
96	15	0.07321846907165508
96	16	0.04678980780225572
96	17	0.033571927350770636
96	18	0.004906808412748376
96	19	0.0026233307316232413
96	20	0.048087609465341075
96	21	-0.038519511605485945
96	22	0.04756357990367377
96	23	0.07691698801190228
96	24	0.4188783614198712
96	25	0.09414131856734542
96	26	0.38064874365289825
96	27	0.15624760239064983
96	28	0.5433016349291862
97	1	0.04560410606683263
97	2	0.1838298701203982
97	3	0.008938392576823162
97	4	0.06741295779064416
97	5	0.04451107443158264
97	6	-0.07885381087087495
97	7	-0.04993008520970221
97	8	0.06074114098159811
97	9	-0.03542106778547094
97	10	0.008098132826773963
97	11	-0.06086333636278596
97	12	-0.1018527943612213
97	13	-0.0759463790180277
97	14	-0.037725326978851115
97	15	-0.08734101300517239
97	16	-0.1023297543521835
97	17	-0.06265711842210209
97	18	-0.11553847284400831
97	19	-0.1027104308933744
97	20	-0.0554340221298375
97	21	-0.10092839395644404
97	22	0.05576343535179262
97	23	0.07062058780471858
97	24	-0.12861232453235516
97	25	0.36648602053330137
97	26	0.5430880607313853
97	27	0.26442383512709
97	28	-0.04462939955357825
98	1	0.25334431922603784
98	2	0.3478395016356899
98	3	0.22112464830320278
98	4	0.26257834090620236
98	5	0.19903157755852874
98	6	0.1330840236409685
98	7	0.11647246792296784
98	8	0.049731304120420816
98	9	0.09725119146497008
98	10	0.08805682604155152
98	11	0.07098697022078682
98	12	0.06963278975641174
98	13	0.10854733168174135
98	14	0.08113495817697469
98	15	0.06640488118866017
98	16	0.027713327022730994
98	17	0.07407341651833832
98	18	0.0069206845772527
98	19	0.09877959663469937
98	20	0.05666430873151285
98	21	0.14858519925390823
98	22	0.18642529213674663
98	23	0.2918485972057496
98	24	0.2740614382348241
98	25	0.5015630758534968
98	26	0.6669480924522446
98	27	-0.10872100564364473
98	28	-0.4049742271397818
99	1	0.19149420920013682
99	2	0.3022143914640054
99	3	0.13286503804801697
99	4	0.14575086661621128
99	5	0.11943385902656445
99	6	0.06438473906047903
99	7	0.08909300022195055
99	8	0.11898976377750614
99	9	0.10117620144321648
99	10	0.12885008463413072
99	11	-0.01681159635473506
99	12	0.057706847889967605
99	13	0.00986260855700749
99	14	0.04101079166153454
99	15	0.026259303867263384
99	16	0.004242692636886147
99	17	0.031097239315691638
99	18	-0.035085393324443714
99	19	-0.03553370321019145
99	20	0.05110911626043446
99	21	-0.056301451521491686
99	22	-0.030452975484593026
99	23	-0.19216157045720905
99	24	0.2406441412842426
99	25	0.11534089035008321
99	26	0.20105125564419524
99	27	0.21295731603467516
99	28	-0.30675061167478646
100	1	-0.06907569918460865
100	2	-0.10856162316665063
100	3	-0.46450344610319405
100	4	-0.33589049521805947
100	5	-0.4196839192881825
100	6	-0.4468167652357238
100	7	-0.36194142734479584
100	8	-0.2876890335544644
100	9	-0.33381311997469965
100	10	-0.35877802855132757
100	11	-0.3643041707491079
100	12	-0.3748644018544951
100	13	-0.39028896274861324
100	14	-0.26377716939383333
100	15	-0.36895366868247237
100	16	-0.5749442454904568
100	17	-0.3702899807397131
100	18	-0.46192130190519975
100	19	-0.5595370844357745
100	20	-0.38473817998331583
100	21	-0.6442938736980821
100	22	-0.49690499871685034
100	23	-0.6244294462449176
100	24	-1.0181586756171654
100	25	-1.1586975711883838
100	26	-1.0903899642279171
100	27	-0.3472433528616463
100	28	-1.618438923363101
101	1	0.15256192792993062
101	2	0.2603578881179516
101	3	0.06468788478846932
101	4	0.06367272858348372
101	5	0.049676076158874594
101	6	0.006820736466856658
101	7	-0.031700001048655224
101	8	-0.025142022441194456
101	9	-0.018508876122901086
101	10	-0.06018605988647607
101	11	-0.08597717977979613
101	12	-0.11285469921919145
101	13	-0.0951256360565651
101	14	-0.012751790652345107
101	15	-0.09555826983164906
101	16	-0.12911787824461385
101	17	-0.11242103498550904
101	18	-0.09842152119873049
101	19	-0.17714112138370552
101	20	-0.02399080482100402
101	21	-0.018506282211120606
101	22	0.1096997715245891
101	23	0.053691499842855706
101	24	0.8454776880192014
101	25	0.3478235893120214
101	26	0.33283553070207006
101	27	0.2292902981210787
101	28	0.12488279556837512
102	1	0.013673643929720924
102	2	0.1492313644433949
102	3	-0.036252868230704394
102	4	0.008679922366297887
102	5	0.04232905736257919
102	6	-0.02190206540250017
102	7	-0.08075881585978806
102	8	-0.08242338494560641
102	9	-0.10808415247867487
102	10	-0.05615435216559206
102	11	-0.1708618738904235
102	12	-0.1944561432153904
102	13	-0.22328185675738155
102	14	-0.1538519626960806
102	15	-0.19285151063733963
102	16	-0.18872188483958752
102	17	-0.17944913063879397
102	18	-0.17776010529710362
102	19	-0.20093013004421323
102	20	-0.15490322847781357
102	21	-0.13157720585121524
102	22	-0.03809003747574735
102	23	0.057215370715894664
102	24	-0.015086478996579444
102	25	0.4883916207093364
102	26	0.24893301281822033
102	27	-0.11260099662041512
102	28	0.8156270107028334
103	1	0.026486319024634497
103	2	0.11219699088444202
103	3	-0.054757782871156735
103	4	-0.010986060586581914
103	5	0.027138248326977532
103	6	-0.09504170003158663
103	7	-0.045601443237977435
103	8	-0.0371960156790081
103	9	-0.11249653601731069
103	10	-0.09400529815330572
103	11	-0.153943015455539
103	12	-0.15083327555119297
103	13	-0.13599703239358973
103	14	-0.1378124835967327
103	15	-0.16748646201983775
103	16	-0.12080246279535345
103	17	-0.1550137564666514
103	18	-0.2459522845770863
103	19	-0.23746659849867058
103	20	-0.1910592096680972
103	21	-0.20745714216210587
103	22	-0.14478016180571274
103	23	-0.1268671434678481
103	24	0.08048078016514637
103	25	0.04492233831388148
103	26	-0.2522197723931896
103	27	-0.7579366548593001
103	28	-1.2710999877888725
104	1	-0.20380580022393957
104	2	-0.18667675992409727
104	3	-0.3022417859425701
104	4	-0.2932508249850443
104	5	-0.26559796446713335
104	6	-0.4079462025587901
104	7	-0.45394930089658914
104	8	-0.3969647767541957
104	9	-0.45373506013761755
104	10	-0.42309989448281726
104	11	-0.4967148569360944
104	12	-0.5064098559659698
104	13	-0.5175616199161084
104	14	-0.47725312057909974
104	15	-0.511039043566349
104	16	-0.5111339641311261
104	17	-0.5134994596078144
104	18	-0.5532644841130363
104	19	-0.654734601017843
104	20	-0.5143634906028964
104	21	-0.6846908836621566
104	22	-0.6268720473493303
104	23	-0.8686702251544176
104	24	-0.7633199659397434
104	25	-0.14362413098968574
104	26	-0.3759650129608616
104	27	-0.5712185081411505
104	28	0.013478708554529817
105	1	-0.001448401899594387
105	2	-0.016365937304229305
105	3	-0.125717722402527
105	4	-0.08796095467391041
105	5	-0.12143585271326884
105	6	-0.1394764849501655
105	7	-0.16872831225560958
105	8	-0.17702583093252144
105	9	-0.15578114509227703
105	10	-0.20647231690968937
105	11	-0.2319639717969011
105	12	-0.25347282148908334
105	13	-0.2976285102125047
105	14	-0.24582031103252433
105	15	-0.18802351555856234
105	16	-0.24902700169386094
105	17	-0.23701949261509014
105	18	-0.25394543939072634
105	19	-0.3164169687463101
105	20	-0.28931693934092806
105	21	-0.3709184023250174
105	22	-0.3292241251160064
105	23	-0.33245806539346745
105	24	-0.6382244650908504
105	25	-0.5985071488656075
105	26	-0.8256259414950264
105	27	-0.2195439575262057
105	28	0.18895268999866488
106	1	-5.233030908939895E-4
106	2	0.08167290412085748
106	3	-0.11718950752510437
106	4	-0.13086416159828218
106	5	-0.026319916327494752
106	6	-0.1267057949307997
106	7	-0.12476512278977481
106	8	-0.11040599182591393
106	9	-0.08878083206021614
106	10	-0.08447379808577438
106	11	-0.09164417010143211
106	12	-0.1592425367826067
106	13	-0.09200080458479931
106	14	-0.12338660129722712
106	15	-0.1128678266462586
106	16	-0.12445551204300642
106	17	-0.07107432666992253
106	18	-0.07688185358875899
106	19	-0.1468320298486745
106	20	-0.14426697474672068
106	21	-0.17146745473919367
106	22	-0.09773654020541045
106	23	-0.09933093444688978
106	24	0.2683088112018126
106	25	0.3022260102517009
106	26	0.22588683889099315
106	27	0.12416020710333697
106	28	0.505370600446426
107	1	-0.12104203225860743
107	2	-0.05813920529146799
107	3	-0.1812353359051997
107	4	-0.21828329867116736
107	5	-0.24762139426165675
107	6	-0.30014634956322794
107	7	-0.21848417177020707
107	8	-0.2536044223171885
107	9	-0.2553979893998459
107	10	-0.271806294605355
107	11	-0.2826528764219489
107	12	-0.36224581962473223
107	13	-0.30290929196919336
107	14	-0.2886049009780578
107	15	-0.2846869392828566
107	16	-0.276369921905669
107	17	-0.3130769323462701
107	18	-0.35759537765430593
107	19	-0.40084302339007394
107	20	-0.2507808805855234
107	21	-0.3839948920233667
107	22	-0.2895969639087852
107	23	-0.15562113051876025
107	24	7.092489111357736E-4
107	25	0.20188699527854226
107	26	0.328248374738763
107	27	-0.09524106453212511
107	28	-0.39765970258387995
108	1	-0.15783461979911806
108	2	-0.08522490813570727
108	3	-0.2074233009612385
108	4	-0.2194451305540852
108	5	-0.21190734271947065
108	6	-0.3121811781710164
108	7	-0.29219623343927026
108	8	-0.2684832104130592
108	9	-0.29345567872100986
108	10	-0.27464770421942575
108	11	-0.3040429196010308
108	12	-0.3593212355486486
108	13	-0.3149596019549534
108	14	-0.2783699495149108
108	15	-0.3627353652759808
108	16	-0.3831013039701716
108	17	-0.37723655883100804
108	18	-0.3766935383259167
108	19	-0.4821322181493386
108	20	-0.38125543776702386
108	21	-0.5624487896096397
108	22	-0.45841826739189884
108	23	-0.6972876307532303
108	24	-0.21077504800881997
108	25	0.1068296091252634
108	26	0.0337367241745028
108	27	-0.15994130851957777
108	28	0.3540885491643735
109	1	-0.14028615759669094
109	2	-0.1124292212369511
109	3	-0.2288185664669129
109	4	-0.22624733911118966
109	5	-0.22019925516797656
109	6	-0.34276794026861523
109	7	-0.36336162891818446
109	8	-0.33262803139880504
109	9	-0.28009947299031523
109	10	-0.3298205210760088
109	11	-0.4213303159992492
109	12	-0.4563163712664249
109	13	-0.41556148564578166
109	14	-0.3832969597469855
109	15	-0.39425085100770474
109	16	-0.38622272921931255
109	17	-0.3574894769932868
109	18	-0.4574112795215939
109	19	-0.5062663319213243
109	20	-0.42523290367471844
109	21	-0.4607432505513813
109	22	-0.4516813149848389
109	23	-0.5015365302508386
109	24	-0.06790991939826085
109	25	-0.3790992541287608
109	26	-0.6144636012352365
109	27	-0.6422744087622689
109	28	-0.6472609785009453
110	1	-0.1679400239589981
110	2	-0.06906364400152398
110	3	-0.2699094439207528
110	4	-0.2568285373709642
110	5	-0.21407623988331181
110	6	-0.31748575103289056
110	7	-0.3372374659482915
110	8	-0.34452753801168967
110	9	-0.33799145142276643
110	10	-0.3191626506262253
110	11	-0.32534999683227994
110	12	-0.39560701070926996
110	13	-0.3797974572506533
110	14	-0.41687589066732755
110	15	-0.3853148609916843
110	16	-0.4123689732298885
110	17	-0.39701359956795557
110	18	-0.4025948814809652
110	19	-0.5337986317588772
110	20	-0.41509436937310085
110	21	-0.5258097534874153
110	22	-0.4245139959569286
110	23	-0.6386999946736864
110	24	-0.4913294073244856
110	25	-0.9703099541461313
110	26	-1.5333724203682664
110	27	-2.155692901672147
110	28	-2.5270618319860105
111	1	-0.44320725350009127
111	2	-0.3704803177935503
111	3	-0.5204788794146609
111	4	-0.4537910124728626
111	5	-0.5457945371661737
111	6	-0.6342093535975621
111	7	-0.5949346293297424
111	8	-0.6177496947507777
111	9	-0.6225044185185382
111	10	-0.6396329470735509
111	11	-0.6797656325221055
111	12	-0.7136179690285189
111	13	-0.637922342838479
111	14	-0.6627029092137207
111	15	-0.6913381491416573
111	16	-0.6463366640923525
111	17	-0.566433025564578
111	18	-0.6148879722770886
111	19	-0.66173998193144
111	20	-0.6025599366868732
111	21	-0.6031374833077976
111	22	-0.6893519480340089
111	23	-0.820025368472102
111	24	-0.6322474964441156
111	25	-1.1552814314263102
111	26	-1.4243980613939087
111	27	-0.8154371083329082
111	28	-1.6638601687843462
112	1	-0.15464493816975988
112	2	-0.1333505237190522
112	3	-0.209500259378828
112	4	-0.19534522271794685
112	5	-0.2195660536942725
112	6	-0.2881835022190984
112	7	-0.2569063842368635
112	8	-0.24407271321274493
112	9	-0.25374446154415153
112	10	-0.30486537938030267
112	11	-0.3284733684133485
112	12	-0.3332171934106114
112	13	-0.33066608765751937
112	14	-0.2359398238513748
112	15	-0.2911975942689011
112	16	-0.3191944463508207
112	17	-0.30496845343110834
112	18	-0.3580197609850799
112	19	-0.27272121669188465
112	20	-0.20008552616070574
112	21	-0.43008958218585036
112	22	-0.3289633502296212
112	23	-0.6221348766581372
112	24	-0.515929849465607
112	25	-0.49002137650788313
112	26	-0.28049885714987965
112	27	-0.33832473524737594
112	28	-0.915142220066393
113	1	-0.31980059235933567
113	2	-0.31098626303626986
113	3	-0.4001680453445573
113	4	-0.44941468025739795
113	5	-0.4424117702953865
113	6	-0.5422068317064586
113	7	-0.5213695044795017
113	8	-0.45707228458751104
113	9	-0.5076238518201848
113	10	-0.512112993610728
113	11	-0.5591394493287609
113	12	-0.5687708086502852
113	13	-0.5735556664108046
113	14	-0.5432669864701651
113	15	-0.5408384353486753
113	16	-0.4909644131805351
113	17	-0.49578622588328614
113	18	-0.541202744675239
113	19	-0.5479377621069261
113	20	-0.5208431785096224
113	21	-0.6574766407021073
113	22	-0.6274877629594897
113	23	-0.6209790328974378
113	24	-0.11754705482206163
113	25	-0.013841848319160022
113	26	-0.9985239355197848
113	27	-0.8634352569096251
113	28	-0.19462939955357683
114	1	-0.4153827372416288
114	2	-0.3521712484539492
114	3	-0.4733200271727398
114	4	-0.43025906014030824
114	5	-0.48055252533638537
114	6	-0.5440282426621508
114	7	-0.5180097465861664
114	8	-0.5346067558063154
114	9	-0.5408306940587764
114	10	-0.5708771086335034
114	11	-0.5505957585592682
114	12	-0.6245483647223722
114	13	-0.5656835374921556
114	14	-0.5581507197421018
114	15	-0.58213492162065
114	16	-0.5613023666312742
114	17	-0.5662000104182496
114	18	-0.5389568419856658
114	19	-0.6445880705210385
114	20	-0.5735276624859296
114	21	-0.64265579766667
114	22	-0.4719463047750736
114	23	-0.41246946153738406
114	24	-0.25663244350269565
114	25	-0.4317086256588567
114	26	-0.66772616186487
114	27	-0.8726740337476215
114	28	-0.7033250517274894
115	1	-0.3112215584573832
115	2	-0.27260852781527234
115	3	-0.4224500905634656
115	4	-0.41805116636388817
115	5	-0.35906969486445206
115	6	-0.44310809846525245
115	7	-0.4280158817863082
115	8	-0.4179129536352164
115	9	-0.4445804599310108
115	10	-0.4714503973819433
115	11	-0.5019837983553543
115	12	-0.5144454816129453
115	13	-0.48473700799572583
115	14	-0.4986504159702392
115	15	-0.5213197264263414
115	16	-0.49942494105741986
115	17	-0.5073589588256553
115	18	-0.5539343831581647
115	19	-0.5663416238587899
115	20	-0.49026193426995945
115	21	-0.599658490231711
115	22	-0.5934321954276314
115	23	-0.5273697822155228
115	24	-0.07679059744126704
115	25	-0.3883850949935521
115	26	-0.4067490437448953
115	27	-0.7446658990735742
115	28	-1.1387470466124014
116	1	-0.7424258701761417
116	2	-0.542938134515822
116	3	-0.47146578738074396
116	4	-0.5313239911490939
116	5	-0.5234961548916814
116	6	-0.4836099795104616
116	7	-0.4779729003158977
116	8	-0.598171843306325
116	9	-0.5269730173900697
116	10	-0.5001167194283056
116	11	-0.6128132424835044
116	12	-0.5647946127217551
116	13	-0.6048989201510864
116	14	-0.5940731317232064
116	15	-0.4478260494578379
116	16	-0.4502519118842514
116	17	-0.44884780237650546
116	18	-0.3941447590165126
116	19	-0.35010613466317864
116	20	-0.4299304103876054
116	21	-0.2750843557520568
116	22	-0.360706808976758
116	23	-0.31400420171588195
116	24	-1.0243410558335455
116	25	-1.239082545691005
116	26	-0.9425986108444562
116	27	-1.7917204386430825
116	28	-2.0437819419264542
117	1	-0.29188040771995816
117	2	-0.22849544038557212
117	3	-0.3388213470028276
117	4	-0.4040041601176867
117	5	-0.32795250317889924
117	6	-0.44952270295812014
117	7	-0.4738058870699575
117	8	-0.4288934405483644
117	9	-0.4207798910488094
117	10	-0.4709530013514538
117	11	-0.562312824668858
117	12	-0.5531832046544167
117	13	-0.5209469694749629
117	14	-0.4814994063138016
117	15	-0.5616039512221249
117	16	-0.5156059282154928
117	17	-0.5184212987236734
117	18	-0.5075069968163533
117	19	-0.5547738386079644
117	20	-0.5337120152794057
117	21	-0.4701134087747718
117	22	-0.3612439807832786
117	23	-0.42818022186585836
117	24	-0.8911994279682602
117	25	-1.526984016201169
117	26	-1.3794176181083841
117	27	-2.0596814376167387
117	28	-0.22161352653770194
118	1	-0.3310730703326854
118	2	-0.3345743128439622
118	3	-0.4577712034192558
118	4	-0.44824804826318854
118	5	-0.3954780000953022
118	6	-0.5577144742300604
118	7	-0.5132288415209416
118	8	-0.4960384118847756
118	9	-0.5496720055311215
118	10	-0.5409426337383465
118	11	-0.5777229713605365
118	12	-0.6191236050242637
118	13	-0.5912437003165465
118	14	-0.5810034659915218
118	15	-0.5615758143983101
118	16	-0.5813716191351759
118	17	-0.5595782777504681
118	18	-0.6108995163841868
118	19	-0.6478059659338271
118	20	-0.6478483888195186
118	21	-0.7951764264335708
118	22	-0.7071821538316811
118	23	-0.6978537470985415
118	24	-0.42677680340320023
118	25	-1.027598514327451
118	26	-1.366705753701602
118	27	-1.4556817372197628
118	28	-3.109122153176763
119	1	-0.6854847303567837
119	2	-0.5886079867606213
119	3	-0.7497963174405768
119	4	-0.7921175427427798
119	5	-0.7537865313798946
119	6	-0.87640129570498
119	7	-0.8525587841831808
119	8	-0.8497531502215168
119	9	-0.926110363855912
119	10	-0.9095779532220689
119	11	-0.8816643175767709
119	12	-1.02009750918306
119	13	-0.97709108086611
119	14	-0.9348439817755434
119	15	-0.949952310474437
119	16	-0.9880608076698465
119	17	-0.9853416634027283
119	18	-1.0662333922932703
119	19	-1.019173414042939
119	20	-0.9522913916359386
119	21	-0.9859344771182919
119	22	-0.7958121004995391
119	23	-0.9145026670491632
119	24	-1.0687539137124062
119	25	-0.893298815532269
119	26	-0.5901751414567045
119	27	-0.5886621171637074
119	28	-0.21822490517155302
120	1	-0.5884970387360653
120	2	-0.538084503718693
120	3	-0.6704233494278142
120	4	-0.6655581248217644
120	5	-0.6473735031676568
120	6	-0.8057001141158082
120	7	-0.7145268150083837
120	8	-0.6991535085528966
120	9	-0.7695537241642398
120	10	-0.7484942742074594
120	11	-0.7455596851097255
120	12	-0.7344778380905197
120	13	-0.7710075941526426
120	14	-0.7128674012290688
120	15	-0.761239453932447
120	16	-0.7738508219443716
120	17	-0.7719733054566902
120	18	-0.8667681381565728
120	19	-0.886312462978303
120	20	-0.7799125401220692
120	21	-0.8216066614069604
120	22	-0.7812802264425827
120	23	-0.6768638813217862
120	24	-0.7224046492628489
120	25	-1.1657061499171277
120	26	-0.9418178613249211
120	27	-0.16925422242686494
120	28	0.21880343626732213
>>END_MODULE
>>Per sequence quality scores	pass
#Quality	Count
2	237305.0
3	4905.0
4	2246.0
5	3017.0
6	4024.0
7	6503.0
8	5513.0
9	4218.0
10	3857.0
11	4914.0
12	7156.0
13	8760.0
14	10130.0
15	11342.0
16	11580.0
17	12703.0
18	15173.0
19	19150.0
20	23965.0
21	28885.0
22	32962.0
23	36884.0
24	40850.0
25	42315.0
26	40628.0
27	41297.0
28	45846.0
29	50713.0
30	56729.0
31	65971.0
32	77514.0
33	94603.0
34	121625.0
35	179220.0
36	297641.0
37	533787.0
38	1172302.0
39	3299847.0
40	874826.0
>>END_MODULE
>>Per base sequence content	fail
#Base	G	A	T	C
1	4.108632023544139	40.88232827758685	45.98046351684872	9.028576182020291
2	17.785664623582985	45.85568517054189	23.204075725243296	13.154574480631837
3	10.80145387868524	17.522714696559063	10.924805958507012	60.751025466248684
4	17.089338928419387	59.376815023554975	9.431536282412155	14.102309765613485
5	20.964967561671862	20.486220383045545	42.44817290243697	16.10063915284562
6	21.552413481193362	16.232110718152637	48.18387057281023	14.03160522784377
7	17.716905927483065	22.51545399004608	16.204550769011366	43.563089313459486
8	16.425024615235486	49.97914593266015	21.579836686294676	12.015992765809687
9	16.949581735578914	45.57316128442857	25.708197260294348	11.76905971969817
10	23.038081988526447	19.381883903919366	18.78815538629401	38.791878721260176
11	50.973011581488905	5.6262620508552965	13.789419772969941	29.611306594685864
12	12.35170915321729	11.676516981452266	28.425048662887654	47.54672520244279
13	12.686758911519064	22.943781346689153	50.252725471421144	14.116734270370642
14	47.8150863367655	26.711222352044622	16.718447347101588	8.755243964088283
15	36.93326488910907	14.867918363660632	39.62454402798687	8.57427271924343
16	11.287653921436739	14.89005597432902	29.853112704694613	43.96917739953963
17	41.87176831454408	16.977426336825612	31.452668339773464	9.698137008856843
18	44.60077767113828	13.100067523162659	21.129515876279417	21.16963892941964
19	22.887722516584784	12.728939399403824	52.877553234167394	11.505784849843993
20	69.86133850265324	9.233689068391916	14.795384912908322	6.109587516046526
21	15.354424690618204	40.46434021872803	22.996142708269883	21.185092382383882
22	53.19038742730855	8.793091026797537	31.30685813611554	6.709663409778377
23	12.498979241862516	17.919228969740406	54.76230505921358	14.819486729183499
24	23.33376957015136	16.761712510375563	39.93341711470578	19.971100804767293
25	19.501266315994545	14.984800532257056	26.056703020411764	39.45723013133664
26	14.614374746828956	14.956491183547177	37.17404990702827	33.255084162595594
27	15.474290971293861	14.811620452225913	38.204895999540014	31.509192576940215
28	14.66380659000371	22.54407044820412	23.227908327016436	39.56421463477574
>>END_MODULE
>>Per sequence GC content	fail
#GC Content	Count
0	8.0
1	8.0
2	7.5
3	4.0
4	1.0
5	1.0
6	1.0
7	2.5
8	7.0
9	11.5
10	15.5
11	29.5
12	62.5
13	115.0
14	163.5
15	219.0
16	327.0
17	547.0
18	873.5
19	1182.0
20	3473.5
21	6228.0
22	6867.5
23	7107.0
24	7882.5
25	17771.0
26	33946.5
27	40949.0
28	48260.0
29	57574.0
30	117863.0
31	212542.5
32	254224.0
33	305879.5
34	452733.0
35	556516.0
36	644847.5
37	720900.0
38	739651.5
39	869518.5
40	951204.5
41	939864.5
42	953113.5
43	1233254.5
44	1534259.5
45	1705351.0
46	2309351.5
47	2766237.5
48	2793146.0
49	2820948.0
50	2268819.0
51	1716690.0
52	1208291.0
53	663701.0
54	535866.0
55	387203.0
56	349133.0
57	351755.0
58	330096.5
59	314936.0
60	302562.0
61	290175.0
62	269491.0
63	246858.0
64	218542.0
65	199275.0
66	171511.0
67	141274.0
68	118653.5
69	95742.0
70	87371.5
71	75366.0
72	65003.5
73	62234.5
74	48986.5
75	34417.0
76	27307.0
77	22596.5
78	21789.5
79	21160.5
80	19487.0
81	18757.5
82	19077.5
83	17666.0
84	16043.5
85	13113.0
86	8787.0
87	6362.0
88	5422.5
89	4792.5
90	4493.5
91	3757.0
92	2974.0
93	2574.5
94	2148.5
95	1946.0
96	1939.0
97	1520.5
98	739.0
99	376.0
100	376.0
>>END_MODULE
>>Per base N content	pass
#Base	N-Count
1	1.0313632914817952
2	0.13391483043341665
3	0.0056965257566619475
4	1.593433778087258E-4
5	0.0
6	0.0
7	3.983584445218145E-5
8	1.3278614817393818E-5
9	3.186867556174516E-4
10	3.0540814080005777E-4
11	1.1950753335654436E-4
12	1.7262199262611962E-4
13	9.295030372175671E-5
14	0.0013942545558263508
15	0.02205577921169113
16	0.011246986750332562
17	7.96716889043629E-5
18	1.6399041148064072E-4
19	1.253230549861866E-4
20	0.0
21	0.0
22	0.0
23	0.0
24	0.025808995510310156
25	0.004043225759023744
26	0.0
27	0.0
28	0.0
>>END_MODULE
>>Sequence Length Distribution	warn
#Length	Count
17	213405.0
18	136061.0
19	211084.0
20	896146.0
21	1146705.0
22	2845719.0
23	1523841.0
24	285885.0
25	67159.0
26	65767.0
27	77131.0
28	62003.0
>>END_MODULE
>>Sequence Duplication Levels	fail
#Total Deduplicated Percentage	5.595379889331053
#Duplication Level	Percentage of deduplicated	Percentage of total
1	82.37994618607499	4.609470941737383
2	7.225395344941276	0.8085766361110124
3	2.672730710215608	0.44864830996613747
4	1.442465351199764	0.3228456646864006
5	0.9446677853882461	0.2642887564230148
6	0.6341309300637379	0.21289220719688615
7	0.5118037192227418	0.20046153664766364
8	0.3790925369283859	0.1696933405859664
9	0.30099893896481844	0.15157830688143573
>10	2.4417831555322103	2.809726661607703
>50	0.4202317285597282	1.6605218984993675
>100	0.44297228967863167	5.332961946832845
>500	0.08324783630219525	3.2599012164927914
>1k	0.08442034103884588	10.243866766198103
>5k	0.016884068207769175	6.630991641496762
>10k+	0.01922907768107045	62.87357416863652
>>END_MODULE
>>Overrepresented sequences	fail
#Sequence	Count	Percentage	Possible Source
AACATTCAACGCTGTCGGTGAGT	808664	10.737937772692954	No Hit
AACATTCAACGCTGTCGGTGAG	799507	10.616345496810078	No Hit
TTCACAGTGGCTAAGTTCTG	482763	6.410423925089491	No Hit
TTCAAGTAATCCAGGATAGGCT	295471	3.9234455987101686	No Hit
AAGCTGCCAGTTGAAGAACTGT	175089	2.3249393897626662	No Hit
AACATTCAACGCTGTCGGTGA	171016	2.2708555916114213	No Hit
TGAGGTAGTAGGTTGTATAGTT	163577	2.1720759759848285	No Hit
TTCACAGTGGCTAAGTTCTGC	108902	1.4460677108438216	No Hit
TGAGGTAGTAGATTGTATAGTT	73981	0.982365202805612	No Hit
TCCAGCATCAGTGATTTTGTT	68057	0.9037026886273711	No Hit
CGCGACCTCAGATCAGA	57300	0.7608646290366657	No Hit
AACATTCATTGCTGTCGGTGGG	54996	0.7302707004973904	No Hit
TCGAGGAGCTCACAGTCTAGT	54245	0.7202984607695276	No Hit
TGAGGTAGTAGGTTGTATAGT	50097	0.6652187665069781	No Hit
TCTTTGGTTATCTAGCTGTATGA	49535	0.6577561849796026	No Hit
TCCAGCATCAGTGATTTTGTTG	44476	0.5905796726184074	No Hit
AACATTCAACGCTGTCGGTGAGA	41588	0.552231033025774	No Hit
TGAGATGAAGCACTGTAGCT	40408	0.5365622675412494	No Hit
CAACGGAATCCCAAAAGCAGCTG	37096	0.492583495266041	No Hit
TTCAAGTAATCCAGGATAGGCC	35020	0.46501709090513144	No Hit
AACATTCATTGCTGTCGGTGGGT	34995	0.46468512553469665	No Hit
AACATTCAACGCTGTCGGTGAGC	34500	0.4581122112000867	No Hit
CCTGTCTGAGCGTCGCT	33286	0.44199197281177055	No Hit
TATTGCACTTGTCCCGGCCTGT	31946	0.4241986289564629	No Hit
TTCAAGTAATCCAGGATAGGC	31010	0.4117698454873823	No Hit
TGAGGTAGTAGTTTGTACAGTT	30698	0.4076269176643553	No Hit
TCGGATCCGTCTGAGCTTGGCT	29902	0.3970571402697099	No Hit
AACATTCAACGCTGTCGGTGAGG	29042	0.38563753152675123	No Hit
AACATTCAACGCTGTCGGTGAGTT	28348	0.37642217284347995	No Hit
AACCCGTAGATCCGAACTTGTG	27553	0.36586567406365184	No Hit
AACATTCAACGCTGTCGGTG	27154	0.3605675067515117	No Hit
TGTAAACATCCTTGACTGGAAGCT	26455	0.35128575499415343	No Hit
TGAGGTAGTAGGTTGTGTGGTT	26366	0.35010395827540536	No Hit
TGAGGTAGTAGATTGTATAGT	25974	0.344898741266987	No Hit
TGTAAACATCCTCGACTGGA	25896	0.34386300931123026	No Hit
TATTGCACTCGTCCCGGCCTCC	24053	0.3193905222027735	No Hit
TGTAAACATCCTCGACTGGAAGCT	23582	0.313136294623781	No Hit
TTCACAGTGGCTAAGTTCTGCT	23317	0.30961746169717164	No Hit
TAGCAGCACGTAAATATTGGCG	22107	0.2935503377681251	No Hit
CATTATTACTTTTGGTACGCG	20757	0.27562420776464347	No Hit
AACATTCAACGCTGTCGGTGG	20323	0.26986128893389455	No Hit
GTACAGTACTGTGATAACTGA	20188	0.2680686759335464	No Hit
TCCCTGAGACCCTAACTTGTGA	20095	0.2668337647555287	No Hit
TGAGGTAGTAGGTTGTATGGTT	19993	0.2654793460441546	No Hit
AGCAGCATTGTACAGGGCTATGA	19966	0.26512082344408494	No Hit
TTCAAGTAATCCAGGATAGGCA	19804	0.26296968784366714	No Hit
TCTTTGGTTATCTAGCTGTATG	18871	0.2505807402190387	No Hit
TATTGCACTTGTCCCGGCCTGTAA	18784	0.24942550072992545	No Hit
TTCAAGTAATTCAGGATAGGTT	18547	0.24627846901820313	No Hit
CCCCCCACTGCTAAATTTGACTGGCTT	18038	0.23951965407614967	No Hit
TGAGATGAAGCACTGTAGCTCT	16507	0.21919009479071971	No Hit
TGAGGTAGTAGTTTGTGCTGTT	16371	0.21738420317555418	No Hit
AACATTCATTGCTGTCGGTGGA	16221	0.21539241095294512	No Hit
TGAGATGAAGCACTGTAGCTC	16054	0.21317488227844034	No Hit
TCTTTGGTTATCTAGCTGTAT	15919	0.21138226927809217	No Hit
TACAGTACTGTGATAACTGACT	15588	0.20698704777353483	No Hit
CTAGACTGAAGCTCCTTGAGGA	15488	0.20565918629179544	No Hit
TAGCTTATCAGACTGATGTTGA	15371	0.20410558835816037	No Hit
TCGAGGAGCTCACAGTCTAGTA	15063	0.20001577499440307	No Hit
AACATTCAACGCTGTCGGTGAA	14672	0.1948238366008021	No Hit
AACATTCATTGCTGTCGGTG	14138	0.1877330562883138	No Hit
AACATTCAACGCTGTCGGT	14033	0.18633880173248743	No Hit
TGAGACCTCTGGGTTCTGAGCT	13794	0.18316521279113032	No Hit
TGAGGTAGTAAGTTGTATTGTT	13654	0.18130620671669517	No Hit
TTATAAAGCAATGAGACTGATT	13535	0.1797260515534253	No Hit
AACCCGTAGATCCGAACTTG	13489	0.1791152352718252	No Hit
AACATTCAACGCTGTCGGTGT	13446	0.17854425483467726	No Hit
CGCCTGTCTGAGCGTCGCT	13330	0.17700393551585958	No Hit
TTCAAGTAATCCAGGATAGGCG	13029	0.17300707245582406	No Hit
TGATTGTCCAAACGCAATTC	12939	0.17181199712225861	No Hit
TATTGCACTTGTCCCGGCCTGTA	12575	0.16697858132872723	No Hit
TAGCACCATCTGAAATCGGTT	12444	0.16523908278764868	No Hit
TTCACAGTGGCTAAGTTCT	12428	0.16502662495057036	No Hit
AACATTCATTGCTGTCGGTGGGTT	12147	0.1612953341868827	No Hit
TCGTACGACTCTTAGCGG	11972	0.1589715765938388	No Hit
GTACAGTACTGTGATAACT	11072	0.14702082325818433	No Hit
CACCCGTAGAACCGACCTTGCG	10918	0.14497591657630568	No Hit
CACCCGTAGAACCGACCTTGC	10791	0.14328953249449666	No Hit
TGAGGTAGTAGGTTGTGTGGT	10528	0.1397972567975221	No Hit
AACATTCATTGCTGTCGGTGGGA	10357	0.13752661366374777	No Hit
AGAATTGTGGCTGGACATCTGT	10334	0.1372212055229477	No Hit
CCTGTCTGAGCGTCGCC	10203	0.13548170698186912	No Hit
TCCCTGAGACCCTTTAACCTGT	9999	0.13277286955912077	No Hit
TATTGCACTTGTCCCGGCCTGTAT	9913	0.1316309086848249	No Hit
TTCACAGTGGCTAAGTTCTGCA	9846	0.1307412414920595	No Hit
TGTAAACATCCCCGACTGGAAGCT	9746	0.12941338001032013	No Hit
TTCACAGTGGCTAAGTTCTGT	9620	0.1277402745433285	No Hit
TGAGATGAAGCACTGTAGCTCA	9598	0.12744814501734586	No Hit
AATATAACACAGATGGCCTGT	9441	0.12536340249101502	No Hit
TGAGGTAGTAGTTTGTACAGT	9406	0.12489865097240624	No Hit
AACCCGTAGATCCGAACTTGT	9242	0.12272095814235366	No Hit
AACATTCAACGCTGTCGGTGAC	9141	0.12137981804579688	No Hit
TTCAAGTAATCCAGGATAGGCTT	9113	0.12100801683090985	No Hit
TCACAGTGAACCGGTCTCTTT	8858	0.11762197005247443	No Hit
TGTAAACATCCTACACTCTCAGCT	8851	0.11752901974875268	No Hit
GTACAGTACTGTGATAACTGAA	8830	0.11725016883758739	No Hit
ACCATCGACCGTTGATTGTACC	8657	0.11495296847417827	No Hit
ATCACATTGCCAGGGATTACC	8616	0.11440854526666513	No Hit
TCCAGCATCAGTGATTTTGT	8578	0.11390395790360416	No Hit
TCCAGCATCAGTGATTTTG	8493	0.11277527564412569	No Hit
TGTAAACATCCTCGACTGGAA	8448	0.11217773797734297	No Hit
AACATTCATTGCTGTCGGTGG	8386	0.11135446385866456	No Hit
TGAGGTAGTAGGTTGTGTGG	8288	0.11005315960655995	No Hit
CTAGACTGAAGCTCCTTGAGG	8214	0.1090705421100728	No Hit
GTACAGTACTGTGATAACTG	8184	0.108672183665551	No Hit
TTCCCTTTGTCATCCTATGCCT	8086	0.10737087941344639	No Hit
TACAGTACTGTGATAACTGAA	8003	0.10626875438360271	No Hit
TAGCTTATCAGACTGATGTTGAC	7960	0.1056977739464548	No Hit
AACATTCAACGCTGTCGGTGAT	7866	0.10444958415361975	No Hit
TTATAAAGCAATGAGACTGAT	7835	0.10403794709428055	No Hit
CTGACCTATGAATTGACAGCC	7703	0.10228516993838457	No Hit
>>END_MODULE
>>Adapter Content	pass
#Position	Illumina Universal Adapter	Illumina Small RNA 3' Adapter	Illumina Small RNA 5' Adapter	Nextera Transposase Sequence	SOLID Small RNA Adapter
1	0.0	0.0	0.0	0.0	0.0
2	0.0	0.0	0.0	0.0	0.0
3	0.0	0.0	0.0	0.0	0.0
4	0.0	0.0	0.0	0.0	0.0
5	0.0	0.0	0.0	0.0	0.0
6	0.0	0.0	0.0	0.0	0.0
7	0.0	0.0	0.0	0.0	0.0
8	0.0	0.0	0.0	0.0	0.0
9	0.0	0.0	0.0	0.0	0.0
10	0.0	0.0	0.0	0.0	0.0
11	0.0	0.0	0.0	0.0	0.0
12	0.0	0.0	0.0	0.0	0.0
13	0.0	0.0	0.0	0.0	0.0
14	0.0	0.0	0.0	0.0	0.0
15	0.0	0.0	0.0	0.0	0.0
16	0.0	0.0	0.0	0.0	0.0
>>END_MODULE
>>Kmer Content	warn
#Sequence	Count	PValue	Obs/Exp Max	Max Obs/Exp Position
AAGCGCG	5	0.0022142848	1922.3253	22
GTCAGTA	5	0.0022142848	1922.3253	22
TATGTCC	5	0.0022142848	1922.3253	22
ATCGAAT	5	0.0022142848	1922.3253	22
TCTATAA	5	0.0022142848	1922.3253	22
ACGCGCA	5	0.0022142848	1922.3253	22
GCGACCA	35	0.0	1922.3252	22
AGCCTTA	55	0.0	1398.0547	22
TCTGATA	250	0.0	1307.1812	22
TAGTCTT	200	0.0	1297.5695	22
TTGCTGA	105	0.0	1098.4716	22
GGAATAA	115	0.0	1086.5316	22
TAGTCTA	115	0.0	1086.5316	22
GCGACCC	285	0.0	1079.2002	22
GGATTCC	145	0.0	994.30615	22
CCTGACC	305	0.0	976.91943	22
GCCTTTA	20	2.4503866E-5	961.16266	22
TATATAC	10	0.0088540735	961.16266	22
AATATGA	10	0.0088540735	961.16266	22
GCTTACC	10	0.0088540735	961.16266	22
>>END_MODULE
