##FastQC	0.11.5
>>Basic Statistics	pass
#Measure	Value
Filename	ct6
File type	Conventional base calls
Encoding	Illumina 1.5
Total Sequences	7503409
Sequences flagged as poor quality	0
Sequence length	17-28
%GC	47
>>END_MODULE
>>Per base sequence quality	pass
#Base	Mean	Median	Lower Quartile	Upper Quartile	10th Percentile	90th Percentile
1	36.51748252027845	39.0	38.0	40.0	31.0	40.0
2	36.45631712199082	39.0	38.0	40.0	30.0	40.0
3	36.47897962112954	39.0	38.0	40.0	30.0	40.0
4	36.34111308606528	39.0	38.0	40.0	30.0	40.0
5	36.46671293008285	39.0	38.0	40.0	31.0	40.0
6	36.33812377813871	39.0	38.0	40.0	30.0	40.0
7	36.50187774650162	40.0	38.0	40.0	30.0	40.0
8	36.40592549333243	39.0	38.0	40.0	30.0	40.0
9	36.364540171007604	39.0	38.0	40.0	30.0	40.0
10	36.41968270688696	40.0	38.0	40.0	30.0	40.0
11	36.660945045112165	40.0	38.0	40.0	31.0	40.0
12	36.55389836806177	40.0	38.0	40.0	31.0	40.0
13	36.56208531348884	40.0	38.0	40.0	31.0	40.0
14	36.47592420991579	39.0	38.0	40.0	31.0	40.0
15	36.46716805654603	39.0	38.0	40.0	31.0	40.0
16	36.51828175699872	39.0	38.0	40.0	31.0	40.0
17	36.36398349070402	39.0	38.0	40.0	31.0	40.0
18	36.36625811548051	39.0	38.0	40.0	31.0	40.0
19	36.21502658474277	39.0	38.0	40.0	30.0	40.0
20	36.29528992166117	39.0	38.0	40.0	31.0	40.0
21	35.97548696957771	39.0	37.0	40.0	30.0	40.0
22	36.36447038408848	40.0	38.0	40.0	31.0	40.0
23	35.986119694501085	39.0	37.0	40.0	29.0	40.0
24	35.923563611993735	39.0	37.0	40.0	30.0	40.0
25	35.88608144027959	39.0	37.0	40.0	29.0	40.0
26	35.87745044766387	39.0	36.0	40.0	30.0	40.0
27	36.12777529974902	39.0	37.0	40.0	31.0	40.0
28	35.94744453108386	39.0	37.0	40.0	30.0	40.0
>>END_MODULE
>>Per tile sequence quality	fail
#Tile	Base	Mean
1	1	-0.7191518782031991
1	2	-0.8357377650513556
1	3	-0.7850098590664345
1	4	-0.7088612908100345
1	5	-0.7603024546145534
1	6	-0.7946156633449277
1	7	-0.7481923578321457
1	8	-0.6777767991330919
1	9	-0.8011025015495932
1	10	-0.7280232080841245
1	11	-0.7092722301662135
1	12	-0.6889777097266432
1	13	-0.7154513771177378
1	14	-0.6894237764315179
1	15	-0.8007684359308982
1	16	-0.6917964983971459
1	17	-0.7410399297947876
1	18	-0.7230784951318938
1	19	-0.7978413477031054
1	20	-0.38844545170584155
1	21	-0.4567973175808433
1	22	-0.40677719034127335
1	23	-0.4485760262170828
1	24	-0.24838204272677444
1	25	-0.4145683094327026
1	26	-0.21614070060927304
1	27	0.11129461434823895
1	28	0.07342564629965409
2	1	-0.7452294995577518
2	2	-0.7628543795092924
2	3	-0.7489327081038155
2	4	-0.733209302520649
2	5	-0.744779234325712
2	6	-0.7860019991040019
2	7	-0.7611193011895523
2	8	-0.7802375697592367
2	9	-0.7434457267238272
2	10	-0.6760298566084657
2	11	-0.6641211472022093
2	12	-0.7126020341948802
2	13	-0.6868167338742026
2	14	-0.7081374479074043
2	15	-0.7090918659620087
2	16	-0.6346710037991272
2	17	-0.64346708053057
2	18	-0.730201720698318
2	19	-0.6915736843328233
2	20	-0.3781846180198585
2	21	-0.42293547435856027
2	22	-0.40115570828303504
2	23	-0.33669878790682617
2	24	0.15324370207638083
2	25	-0.35940284403705647
2	26	-0.746174598914358
2	27	0.06252534818766975
2	28	-0.36803865235928157
3	1	-0.6711949209857693
3	2	-0.7324361397543129
3	3	-0.7288423094972671
3	4	-0.7491389926605478
3	5	-0.7119474522468323
3	6	-0.7576505446145205
3	7	-0.7287479316102434
3	8	-0.7434376947605941
3	9	-0.7274707412591397
3	10	-0.780748721581233
3	11	-0.7687437780125776
3	12	-0.7709151273556785
3	13	-0.780170790840998
3	14	-0.7935150129023967
3	15	-0.7797994873886864
3	16	-0.798258463534097
3	17	-0.7771722215761088
3	18	-0.7937478759744963
3	19	-0.8335607097544155
3	20	-0.4509129609918645
3	21	-0.5145463614906944
3	22	-0.4646519676937686
3	23	-0.629719103222584
3	24	-0.22825308483621143
3	25	0.29159549580231214
3	26	-0.08961492813246963
3	27	0.07495921062152888
3	28	0.44078241086392467
4	1	-0.8803974221010762
4	2	-0.9179758886732543
4	3	-0.9000105566522407
4	4	-0.9063584693462516
4	5	-0.830714744799252
4	6	-0.8598618416174659
4	7	-0.840209179430758
4	8	-0.8666317544738575
4	9	-0.8874600997139837
4	10	-0.878015876562408
4	11	-0.809346499208651
4	12	-0.788860308380066
4	13	-0.8732241723707261
4	14	-0.8355197613281007
4	15	-0.8438332609710457
4	16	-0.7526465442858452
4	17	-0.8129380534910595
4	18	-0.8294457315936796
4	19	-0.7805991227218527
4	20	-0.5412239152934006
4	21	-0.568282770273683
4	22	-0.45708937441384023
4	23	-0.5417321606712662
4	24	-0.7722848016927344
4	25	-0.7846288448980161
4	26	-0.2706307392652363
4	27	-1.2296250111268705
4	28	-0.7307542719193378
5	1	-0.7090637284635832
5	2	-0.6486734399349885
5	3	-0.45948903452436696
5	4	-0.5846321288153007
5	5	-0.5165011086169784
5	6	-0.47038296475080443
5	7	-0.46390691568086595
5	8	-0.612731582906207
5	9	-0.4940790563070081
5	10	-0.4191373413801571
5	11	-0.43050155211169283
5	12	-0.38047017877939027
5	13	-0.5075416922207054
5	14	-0.41939058866140044
5	15	-0.34553479129643705
5	16	-0.3153296737087885
5	17	-0.350332183918745
5	18	-0.3267532074066324
5	19	-0.22971868435620735
5	20	0.046949061248852786
5	21	0.23174749749631474
5	22	0.2964987534727328
5	23	0.27411196137894933
5	24	0.2379814907589548
5	25	-0.9409073298893702
5	26	-0.6743448116803137
5	27	-0.514678616340241
5	28	-0.6184864621622452
6	1	-0.5573757053101573
6	2	-0.6361432915378273
6	3	-0.6156140438547055
6	4	-0.6000637174116434
6	5	-0.5854495345506265
6	6	-0.6178314502973024
6	7	-0.5797040509540778
6	8	-0.5858492269252835
6	9	-0.6133788265357722
6	10	-0.5839785938782427
6	11	-0.5356460567018857
6	12	-0.5190974485006876
6	13	-0.5397919743262776
6	14	-0.539454517955491
6	15	-0.5720497092012664
6	16	-0.5029937652579122
6	17	-0.48359085201566643
6	18	-0.5364778471775651
6	19	-0.5322543736843457
6	20	-0.24836955792898863
6	21	-0.1981641847452309
6	22	-0.26172727865365175
6	23	-0.2965509498646597
6	24	-0.2479625085710495
6	25	-0.31956318939629824
6	26	0.08251505625805322
6	27	-0.21268416789776268
6	28	-0.016692121237468882
7	1	-0.5640007778154015
7	2	-0.6205771069333608
7	3	-0.5613468173437823
7	4	-0.5971237653962973
7	5	-0.5670299144396154
7	6	-0.6296037827865817
7	7	-0.6239265463658654
7	8	-0.601413032588141
7	9	-0.6646880490626685
7	10	-0.6131139815442737
7	11	-0.5198783967338088
7	12	-0.5527591574063919
7	13	-0.5414467381218699
7	14	-0.5245930598182227
7	15	-0.5448179995888793
7	16	-0.5587790363907885
7	17	-0.5894726452058805
7	18	-0.5805600356373972
7	19	-0.5729522380961001
7	20	-0.19637060210552448
7	21	-0.22130269555388082
7	22	-0.21011936263510478
7	23	-0.25935363007815937
7	24	-0.4841357492437055
7	25	-0.445101343760804
7	26	-0.5697951522740468
7	27	-0.3213777857154696
7	28	-1.8117859163312673
8	1	-0.45269571332016056
8	2	-0.47717955191077976
8	3	-0.43590768676320835
8	4	-0.489816893728495
8	5	-0.44923870640475627
8	6	-0.5280083882529283
8	7	-0.49716221472852595
8	8	-0.5193869874194164
8	9	-0.530818211372889
8	10	-0.4908937006207026
8	11	-0.39025903245617144
8	12	-0.3951999169130218
8	13	-0.4392437171081909
8	14	-0.44017462877579305
8	15	-0.48511274166970253
8	16	-0.42350069828362535
8	17	-0.45574611065340775
8	18	-0.45730009399752447
8	19	-0.5221263640280398
8	20	-0.20749147606945684
8	21	-0.13055479097619127
8	22	-0.15748763139112043
8	23	-0.3648537613375282
8	24	-0.38142692238203324
8	25	-0.7580082583110581
8	26	-0.909482615791994
8	27	-1.3551159773483974
8	28	-1.9754222799676313
9	1	-0.5778255531430077
9	2	-0.6036297722299793
9	3	-0.6057443138256815
9	4	-0.6440985610586907
9	5	-0.5749585015498795
9	6	-0.6223408450038264
9	7	-0.6148748672164004
9	8	-0.5625127666163365
9	9	-0.575486360375649
9	10	-0.5846064108853852
9	11	-0.48397490238975394
9	12	-0.5121631862134066
9	13	-0.5114631859046526
9	14	-0.5654681394478018
9	15	-0.5980258570942141
9	16	-0.5778843777812526
9	17	-0.5908982396834546
9	18	-0.5509890484686579
9	19	-0.5969020985030653
9	20	-0.2308278376847852
9	21	-0.19522932822372496
9	22	-0.19948040827323865
9	23	-0.13616944640713768
9	24	-0.5353772250261883
9	25	-0.5067830001128684
9	26	-0.6355197316577232
9	27	0.15353063919295806
9	28	1.2930651149903554
10	1	-0.43948477365511707
10	2	-0.5077077265394152
10	3	-0.47958505917603134
10	4	-0.5243790998465698
10	5	-0.4557234989246908
10	6	-0.5004583705163483
10	7	-0.5185590160442857
10	8	-0.43212999004385466
10	9	-0.5047622893997499
10	10	-0.5026402874687079
10	11	-0.44039948575996846
10	12	-0.42824194804583726
10	13	-0.4363698229596906
10	14	-0.46359996039927154
10	15	-0.48257794959644684
10	16	-0.4535139301047124
10	17	-0.4824634522259714
10	18	-0.4436971697000729
10	19	-0.5046623485458781
10	20	-0.17735157194414342
10	21	-0.221713272003214
10	22	-0.29460400027190303
10	23	-0.2102608087081066
10	24	0.08169549553490896
10	25	0.4767996628176192
10	26	0.020510847095032148
10	27	-0.022085124353843355
10	28	1.6767080458469081
11	1	-0.24099231384587938
11	2	-0.22958081411305642
11	3	-0.19221675297490748
11	4	-0.21598984019346545
11	5	-0.19769963062648088
11	6	-0.1799163934735617
11	7	-0.1949305435409343
11	8	-0.21748490815848953
11	9	-0.2406199477605071
11	10	-0.11666967111648319
11	11	-0.17872174079889191
11	12	-0.13191754321422167
11	13	-0.17113202100081537
11	14	-0.1808332625552822
11	15	-0.22871023528730916
11	16	-0.14083120814596128
11	17	-0.18861535539301144
11	18	-0.16663689046952612
11	19	-0.18403809812893002
11	20	0.14889583557326347
11	21	0.17330474584916544
11	22	0.20707161031355525
11	23	0.1115903359278505
11	24	0.18661613045554049
11	25	-0.6875621288806215
11	26	-0.5462391150433916
11	27	-0.19060038901450582
11	28	0.19087808633273795
12	1	-0.498542954644428
12	2	-0.5689390482856069
12	3	-0.5207985907275798
12	4	-0.54993931813069
12	5	-0.5147153952809163
12	6	-0.508445612470787
12	7	-0.5058760805498821
12	8	-0.47547114565239923
12	9	-0.517474480264795
12	10	-0.5057576180855108
12	11	-0.45501128529969037
12	12	-0.4260235159192618
12	13	-0.48564356589462676
12	14	-0.48401031335292544
12	15	-0.5372026087305386
12	16	-0.5096554182405413
12	17	-0.5050605971909761
12	18	-0.5146008633839685
12	19	-0.563857497389364
12	20	-0.216969785582954
12	21	-0.34447157920432403
12	22	-0.25715488858133284
12	23	-0.08267864931680435
12	24	-0.31105399122088784
12	25	-0.6790412826574723
12	26	0.3189682582284945
12	27	-0.4792489842843395
12	28	-8.191053644566182E-4
13	1	-0.3433810925732317
13	2	-0.3993367931998364
13	3	-0.37276952820511156
13	4	-0.35175524788557766
13	5	-0.34726318807067713
13	6	-0.3451427078435927
13	7	-0.39856648125219607
13	8	-0.36648499402694057
13	9	-0.3371989305106169
13	10	-0.3437625427392206
13	11	-0.3053456716979426
13	12	-0.31419450633305956
13	13	-0.333495663278363
13	14	-0.32352103500487317
13	15	-0.3345521875452775
13	16	-0.32938440708956307
13	17	-0.34890799265871664
13	18	-0.3534990578999171
13	19	-0.39740964910344445
13	20	-0.07376951072038196
13	21	-0.16477510470596712
13	22	-0.10284401425710143
13	23	-0.10441072658684192
13	24	0.07615500929821906
13	25	0.27860902251288877
13	26	-0.003612386932793754
13	27	-0.37326810950359857
13	28	-0.9651048196501719
14	1	-0.30962663703418514
14	2	-0.31335074845155475
14	3	-0.3059548285016831
14	4	-0.38328750205133844
14	5	-0.2813690312978139
14	6	-0.3184732674070716
14	7	-0.27358271079101115
14	8	-0.30005538362542694
14	9	-0.29422807412946383
14	10	-0.35000740176990064
14	11	-0.2699287376081543
14	12	-0.2735485689437809
14	13	-0.2919695799234461
14	14	-0.30647256597423933
14	15	-0.24419173690279194
14	16	-0.29681615686315865
14	17	-0.28016683846005463
14	18	-0.3202559461516472
14	19	-0.3677420446437196
14	20	-0.0033416017512806206
14	21	-0.036348134799922605
14	22	-0.027353657654501262
14	23	-0.14154624942751326
14	24	-0.42123490739549396
14	25	-0.6944508130103202
14	26	-0.7842478973436755
14	27	-0.22932650366418272
14	28	1.057544752999405
15	1	-0.40348029828521703
15	2	-0.41520909687604757
15	3	-0.3178510187231467
15	4	-0.3962503236863739
15	5	-0.3704655290197323
15	6	-0.37749816304484085
15	7	-0.4155251321865734
15	8	-0.35227493348354955
15	9	-0.35471372270636436
15	10	-0.3227134741966182
15	11	-0.3406093971543527
15	12	-0.3250020792268984
15	13	-0.31291732174346976
15	14	-0.2880277257359154
15	15	-0.3515651930047099
15	16	-0.35083693915961334
15	17	-0.2870043301573304
15	18	-0.32694985535773213
15	19	-0.34199243322645145
15	20	0.006187327024832712
15	21	-0.10540752877376036
15	22	-0.12328119765657419
15	23	-0.09615202592462424
15	24	-0.49298789492183914
15	25	0.09939110283808361
15	26	0.1856747734705806
15	27	0.5099932242269745
15	28	0.8895127849674367
16	1	-0.3077124177523416
16	2	-0.35364015383859737
16	3	-0.3214455552729234
16	4	-0.380259780197548
16	5	-0.36524498566119235
16	6	-0.3959409454398539
16	7	-0.41882200309958506
16	8	-0.4181575127980821
16	9	-0.45144168565800413
16	10	-0.3677617438935883
16	11	-0.4672315405834553
16	12	-0.38837645825501
16	13	-0.42082787974377567
16	14	-0.42746382263008087
16	15	-0.4112220888117193
16	16	-0.3731983610837659
16	17	-0.38254437651788464
16	18	-0.42096053653043697
16	19	-0.4262225010078353
16	20	-0.08981667398942506
16	21	-0.16812589997377358
16	22	-0.11937012399887692
16	23	-0.14810085710592347
16	24	-0.43856856024316926
16	25	-0.30604873933045695
16	26	-0.8082167930071833
16	27	-1.1518265036641822
16	28	-0.15804776259311382
17	1	-0.2171217883338059
17	2	-0.1916919153586889
17	3	-0.1870241342452772
17	4	-0.2036293716005133
17	5	-0.23486710684466772
17	6	-0.18909940245416834
17	7	-0.19267795274691935
17	8	-0.1776652894272317
17	9	-0.19117119862887932
17	10	-0.19889432319731526
17	11	-0.17076006979879566
17	12	-0.1520505686515321
17	13	-0.2380707417222041
17	14	-0.24100193731210595
17	15	-0.2361602610268747
17	16	-0.2132675228179295
17	17	-0.23415279343181084
17	18	-0.17550144519004363
17	19	-0.23421000590619911
17	20	0.12308455100669846
17	21	0.09815376973952539
17	22	0.0980303338468218
17	23	0.1907630072984574
17	24	0.24123619124581808
17	25	0.7212286944983077
17	26	1.063635355836773
17	27	0.509943569328513
17	28	-0.22468336371147046
18	1	-0.15225135161180248
18	2	-0.11684357447015259
18	3	-0.08217215265008804
18	4	-0.1382383582260971
18	5	-0.1117797728039065
18	6	-0.13226515968415953
18	7	-0.15060300154866724
18	8	-0.028102544216018543
18	9	-0.1251552712772579
18	10	-0.08954251697763027
18	11	-0.09406954614382101
18	12	-0.048002946432568194
18	13	-0.10165412944414243
18	14	-0.10165426018654955
18	15	-0.1505259566904371
18	16	-0.09093163950998218
18	17	-0.14240698579432376
18	18	-0.0852236294037425
18	19	-0.11714543486578322
18	20	0.20815736621673864
18	21	0.2187008027844115
18	22	0.26595090678691946
18	23	0.2834876224772529
18	24	0.11071835850272294
18	25	0.9058537168716754
18	26	0.9638174329581517
18	27	0.7606734963358122
18	28	1.1988231928693907
19	1	-0.10829969887879543
19	2	-0.17897284573906802
19	3	-0.15016922722935533
19	4	-0.10811011664142
19	5	-0.15595093186717435
19	6	-0.13433824731008315
19	7	-0.1251771842118572
19	8	-0.08293672214984582
19	9	-0.11761348275963712
19	10	-0.08518207361475305
19	11	-0.05101562441379315
19	12	-0.05231699413927515
19	13	-0.060849898160299176
19	14	-0.07428007472964282
19	15	-0.08507814881036069
19	16	-0.09254625823247409
19	17	-0.06631711192066092
19	18	-0.10955347617078814
19	19	-0.16961988104959858
19	20	0.20184422654016032
19	21	0.1848757941486383
19	22	0.29332154139439837
19	23	0.2332008391331044
19	24	0.4392609778681873
19	25	0.7238136122509289
19	26	0.6681034279914684
19	27	0.48726924101666924
19	28	0.3468259635920887
20	1	-0.02895436833062348
20	2	-0.0770564001279439
20	3	-0.08314216339802982
20	4	-0.023166373371701354
20	5	-0.05057879225219608
20	6	-0.05008978841770784
20	7	-0.034202003904397316
20	8	-0.054412056639243644
20	9	-0.09354606580222935
20	10	-0.04124599689797037
20	11	-0.011223868030988626
20	12	-0.015043654585063848
20	13	-0.07177575364399047
20	14	-0.10571979243513852
20	15	-0.06092250225869833
20	16	-0.16332569697667765
20	17	-0.1271470412750091
20	18	-0.17146203739501686
20	19	-0.17384059385297235
20	20	0.2242407317579378
20	21	0.16789934777886373
20	22	0.12779203063414712
20	23	0.11940238159827032
20	24	0.07823822221462251
20	25	-0.5442889724014464
20	26	-0.6822075207250577
20	27	-0.38052147221764443
20	28	0.031141426596079214
21	1	-0.04681835199919249
21	2	-0.0653097168146175
21	3	-0.13801068481694756
21	4	-0.10252966911230743
21	5	-0.13348994691439486
21	6	-0.10471092165963114
21	7	-0.12185473000948832
21	8	-0.05759524769015201
21	9	-0.0673163987986598
21	10	-0.04583650193396949
21	11	-0.09334831728215676
21	12	-0.037385774947729544
21	13	-0.08570756511311828
21	14	-0.14781198257287542
21	15	-0.0672652590648184
21	16	-0.01612854617040682
21	17	-0.060992529808871154
21	18	-0.08754181519154258
21	19	-0.14370343381335005
21	20	0.12337562217635423
21	21	0.05131214543551721
21	22	-0.02432774121600545
21	23	0.013445026166827745
21	24	0.009893441379908552
21	25	0.05416810900231894
21	26	0.41749042571618133
21	27	0.9530977387600572
21	28	1.1806216760763277
22	1	-2.0608017612115717
22	2	-1.7024744328154426
22	3	-2.1455121712084377
22	4	-2.3664288537894578
22	5	-2.695995082819948
22	6	-2.0905743847757137
22	7	-1.6028297821108737
22	8	-1.7092180341580203
22	9	-1.9190896759310831
22	10	-1.4818403133801112
22	11	-1.0527041633755587
22	12	-1.159127733414394
22	13	-1.3557570182729677
22	14	-1.2607379649378174
22	15	-0.8465380217435126
22	16	-0.9311643326424104
22	17	-0.9207973489973682
22	18	-0.952447760374973
22	19	-0.6482230752107512
22	20	-0.4749156162159167
22	21	-0.26288631577493504
22	22	-0.43864544075749734
22	23	0.08624440558324409
22	24	-0.1263407381557755
22	25	-0.44951652325693203
22	26	-0.16975354628277728
22	27	-0.14705008089995886
22	28	0.9757164363884812
23	1	0.17726781659403912
23	2	0.08234070446310682
23	3	0.1867913017734466
23	4	0.19718586226704105
23	5	0.18353864073323223
23	6	0.18101874344127822
23	7	0.15006587737665456
23	8	0.1609529930298308
23	9	0.1727278520690234
23	10	0.15937781058003964
23	11	0.13457734672449106
23	12	0.13694566332032565
23	13	0.13217200946041885
23	14	0.09366720639788895
23	15	0.04621138201797237
23	16	0.0931501749537631
23	17	0.065553174682762
23	18	0.12052904601114278
23	19	0.10093392629350717
23	20	0.45048727368469343
23	21	0.5046198967053428
23	22	0.48767566613105373
23	23	0.5230176586867472
23	24	0.9535752795974304
23	25	0.9068259120884719
23	26	0.6250907072080878
23	27	1.2940068296691507
23	28	2.215678422608484
24	1	-0.14525388623714974
24	2	-0.09499272364423916
24	3	-0.12737591217136668
24	4	-0.11744559066155347
24	5	-0.1121403670258232
24	6	-0.14220221614201733
24	7	-0.120967328859237
24	8	-0.20183163338389676
24	9	-0.11421246053482292
24	10	-0.13043307139837879
24	11	-0.12009391397518243
24	12	-0.08214617663716695
24	13	-0.09723254714043605
24	14	-0.1001183830940846
24	15	-0.15075819355439535
24	16	-0.17148833678866282
24	17	-0.16459801821648767
24	18	-0.16172428609498013
24	19	-0.1935401544335491
24	20	0.1332410116137197
24	21	0.11540943124302316
24	22	0.13298306493925338
24	23	-0.006192846019452247
24	24	0.03299243707574817
24	25	0.9501256006957988
24	26	0.41994058433171233
24	27	-0.6504376147752993
24	28	-1.7001475546929044
25	1	0.0193228511768595
25	2	0.023350012267094655
25	3	0.03536025612247329
25	4	1.6141523623502962E-4
25	5	-0.007213993409791897
25	6	0.04459960263071139
25	7	0.00780057874505502
25	8	0.010693592162155596
25	9	0.027667166561400336
25	10	0.0640549386860485
25	11	0.04814563968103869
25	12	0.08063324062015198
25	13	0.047207409545457324
25	14	0.02547167572451059
25	15	0.05947072013297827
25	16	0.035191492763367194
25	17	-0.04465176817306116
25	18	-0.037674832761240395
25	19	-0.009955328565318666
25	20	0.2741334596158964
25	21	0.15322132983143177
25	22	0.2812812299309897
25	23	0.4384849312359336
25	24	0.6029988984674262
25	25	0.6998664796344372
25	26	0.9712593633497946
25	27	1.3329756546091929
25	28	1.7531491486037964
26	1	-0.060175315284467956
26	2	0.03975635722758142
26	3	0.092836642489182
26	4	0.013192643745504995
26	5	0.0459193904547206
26	6	0.15645912434518294
26	7	0.11556113904076426
26	8	0.09006024834300064
26	9	0.1475747270833878
26	10	0.17446703967786448
26	11	0.11918710283991629
26	12	0.20257880667094952
26	13	0.12226464747689647
26	14	0.15077775345125843
26	15	0.1380243547231217
26	16	0.12628282214385678
26	17	0.17328472649511895
26	18	0.1520788209015862
26	19	0.21353599780858445
26	20	0.4911056176646085
26	21	0.6871964002869859
26	22	0.564869220743418
26	23	0.6384341240693203
26	24	0.2818822368981202
26	25	0.25231531004379804
26	26	0.9470574685961921
26	27	1.4624720574868917
26	28	0.34472424017889125
27	1	0.133360592381095
27	2	0.1392533608580777
27	3	0.09213437640795519
27	4	0.12203006004425276
27	5	0.10220136246989853
27	6	0.15153107821301148
27	7	0.09462594375774813
27	8	0.17729504279362374
27	9	0.14041448782830912
27	10	0.16274747820675373
27	11	0.22034716290077938
27	12	0.2636071665162021
27	13	0.1722216388129496
27	14	0.24057705114410766
27	15	0.1894167478125226
27	16	0.20999916770175275
27	17	0.20898701687502808
27	18	0.2808897976826543
27	19	0.20764655559843703
27	20	0.49150331087776067
27	21	0.4261296622594841
27	22	0.46402028122763994
27	23	0.3345499598079442
27	24	0.15831301225394867
27	25	0.8622018175496748
27	26	0.5319188590295667
27	27	1.0509512741135936
27	28	-0.21210181664716288
28	1	-0.029157495186360904
28	2	-0.07548989937459538
28	3	-0.0010490545429533427
28	4	0.023594124567175356
28	5	-0.01606997234542007
28	6	0.016447447038494545
28	7	-0.013370161855341678
28	8	0.05470961248951767
28	9	0.005818467584226994
28	10	0.04985074495975539
28	11	0.07580235346296149
28	12	0.10590223196565773
28	13	0.044068569255856005
28	14	0.049597281027118356
28	15	0.053076039973291245
28	16	0.10444669872362056
28	17	0.03179884251056109
28	18	0.05638746447060328
28	19	0.028492936773808708
28	20	0.29875295793804924
28	21	0.3791667880141958
28	22	0.31704264898446866
28	23	0.35042988181683654
28	24	0.5890245884235625
28	25	0.5183367034553825
28	26	0.08682540108564041
28	27	0.020892474438007014
28	28	-1.137327041872389
29	1	0.18225731691885727
29	2	0.19001465537987627
29	3	0.21420266979336589
29	4	0.21256995932270684
29	5	0.2044663969063123
29	6	0.20058425395120594
29	7	0.19512135757791782
29	8	0.16692469839068735
29	9	0.16649973320040345
29	10	0.21416816699274932
29	11	0.25182264177711033
29	12	0.2628043074000814
29	13	0.22291868757417888
29	14	0.15735726556930274
29	15	0.28069665606503236
29	16	0.21710868493767776
29	17	0.2696893256987707
29	18	0.2071511860675841
29	19	0.2026864332307312
29	20	0.5261416881131566
29	21	0.3417089168580745
29	22	0.31944788189203877
29	23	0.039081086224470596
29	24	-0.38364695820533967
29	25	-0.02299349768982495
29	26	-0.3661315881616716
29	27	-0.08497867757722588
29	28	-1.1550141167023256
30	1	0.07350861428722055
30	2	0.12042511410776058
30	3	0.1288085232806111
30	4	0.02176872282276321
30	5	0.08599870285276268
30	6	0.09954608004119336
30	7	0.1066268623577713
30	8	0.12912400969925386
30	9	0.05985986946554078
30	10	0.1505608785350958
30	11	0.11028953282108489
30	12	0.059031000083358265
30	13	0.06579226888180756
30	14	0.09634093467505522
30	15	0.11658171920598903
30	16	0.07345499042206427
30	17	0.09134010540517323
30	18	0.0729503392217623
30	19	0.10869300822295003
30	20	0.43864740147513714
30	21	0.46392457717339397
30	22	0.5246858504223795
30	23	0.693908381175369
30	24	0.45090184474125294
30	25	0.6149335832549099
30	26	0.7498688793465078
30	27	0.5946020677643844
30	28	-0.9494482539936016
31	1	0.39862369494191796
31	2	0.43155795416156195
31	3	0.4229620055461609
31	4	0.44188458351877813
31	5	0.4354562794117598
31	6	0.45620523578105576
31	7	0.38090451855564567
31	8	0.4780331995290865
31	9	0.39970078426341615
31	10	0.43541408733428
31	11	0.42881056269568774
31	12	0.49178687033635526
31	13	0.4425294326830169
31	14	0.4444094187659431
31	15	0.47235271833085335
31	16	0.4428766143462681
31	17	0.41044582242033556
31	18	0.43267652784155075
31	19	0.4288646407969168
31	20	0.7634572223453517
31	21	0.7651682313315504
31	22	0.7140901995023228
31	23	0.7601253368063894
31	24	1.5305797835496264
31	25	1.659770053590563
31	26	1.8284920677523075
31	27	2.0831567178123223
31	28	1.6917809393482628
32	1	0.0794942309154294
32	2	0.07557863447922131
32	3	0.10789060635099901
32	4	0.09087646708877628
32	5	0.08370081309546151
32	6	0.07938841969780697
32	7	0.04964200682730535
32	8	0.06759780239546842
32	9	0.06292410182013697
32	10	0.1257547427275938
32	11	0.11410818314966775
32	12	0.17501889179115437
32	13	0.04415620264582287
32	14	0.057194177593679285
32	15	0.10322129207290942
32	16	0.061360404111987066
32	17	0.0023088390428327443
32	18	0.06169551300938991
32	19	0.09355325108425916
32	20	0.4421229341574744
32	21	0.43465341729878304
32	22	0.46835155586080646
32	23	0.3954745502286485
32	24	0.9005667477394894
32	25	0.7221295515298607
32	26	0.5406431350757899
32	27	0.1509720037985005
32	28	1.0053812914609424
33	1	0.18268484450902633
33	2	0.1345495079551
33	3	0.1885010497206565
33	4	0.18195419239661703
33	5	0.17076828201648198
33	6	0.19769512079611928
33	7	0.17587923235333136
33	8	0.17001502390565548
33	9	0.19178454474557327
33	10	0.2592041851425364
33	11	0.24744397878752977
33	12	0.30389398162084547
33	13	0.2661732666700516
33	14	0.2963168965668075
33	15	0.29719793673368144
33	16	0.286736381513613
33	17	0.27672755113572123
33	18	0.32279560995164047
33	19	0.28566426562026237
33	20	0.5840525742530644
33	21	0.5620532959007676
33	22	0.5447573410124633
33	23	0.5672148663018106
33	24	0.4369377338114049
33	25	0.676123987141942
33	26	0.3403300739828339
33	27	-0.567897932235617
33	28	0.6776964323060142
34	1	0.16121222077137531
34	2	0.26902682701816616
34	3	0.2341541550759132
34	4	0.22989766458841387
34	5	0.2261702629933282
34	6	0.206738132882343
34	7	0.2106412535725113
34	8	0.2689623329506361
34	9	0.2147669514736421
34	10	0.26744057331571014
34	11	0.19646981370200223
34	12	0.29634607118167366
34	13	0.22488322475481937
34	14	0.31616228656703527
34	15	0.2601127088309383
34	16	0.2873435709674652
34	17	0.26251956518035513
34	18	0.25499015544998116
34	19	0.3068409240100465
34	20	0.563625400252576
34	21	0.5533229939654234
34	22	0.5884031272594896
34	23	0.2777570557803486
34	24	0.2157815698271648
34	25	0.28601689892165183
34	26	0.19775613701637695
34	27	-0.11818556406687009
34	28	0.9272562914609424
35	1	0.29463481941282055
35	2	0.26756100573361863
35	3	0.27820091773322275
35	4	0.2419538670754804
35	5	0.29374431979091753
35	6	0.32418625347137464
35	7	0.3078148466525903
35	8	0.3186895726387604
35	9	0.2781731083133252
35	10	0.341746058620501
35	11	0.3713404430114977
35	12	0.4178530469267372
35	13	0.3698651968468454
35	14	0.391558610172666
35	15	0.38477113398982965
35	16	0.31658482833755386
35	17	0.33896543524704015
35	18	0.32944763353486906
35	19	0.33894083276256737
35	20	0.6238552114920424
35	21	0.6325404339920198
35	22	0.7127342272384993
35	23	0.8118861070558268
35	24	0.6496632290764097
35	25	0.05967550741221572
35	26	0.26605820531844415
35	27	1.1098331602013616
35	28	-0.4660626740562961
36	1	0.3884723451207819
36	2	0.4373831594012927
36	3	0.4578546117689797
36	4	0.45875714187376815
36	5	0.43195335844513494
36	6	0.47294306937603636
36	7	0.44524597569335356
36	8	0.47265983050935034
36	9	0.45763057812295216
36	10	0.4489389605874905
36	11	0.47360192589922434
36	12	0.4898311094695842
36	13	0.46089657373868675
36	14	0.4397979974004258
36	15	0.41961820460102217
36	16	0.4510015081877867
36	17	0.47600453770972706
36	18	0.4493660389342935
36	19	0.4873026939191831
36	20	0.7687466412755626
36	21	0.7131002288977868
36	22	0.7150311716942994
36	23	0.5423665875363071
36	24	0.4211412554226541
36	25	0.5969734079913636
36	26	-0.0794117123164213
36	27	0.4568273424896603
36	28	1.470633157132582
37	1	0.27563922174797284
37	2	0.3748585940195852
37	3	0.21197974824332277
37	4	0.2924388417142012
37	5	0.286825954397095
37	6	0.2403679454993224
37	7	0.22561248279001944
37	8	0.29925326294404897
37	9	0.2856436796598629
37	10	0.3011321242727192
37	11	0.3017258865946175
37	12	0.3731636029608083
37	13	0.3192058036034737
37	14	0.28704549887014963
37	15	0.31913949459850244
37	16	0.23828092365767617
37	17	0.324594442807566
37	18	0.2620734942029088
37	19	0.30121172664581763
37	20	0.6164641738684509
37	21	0.7013963218914796
37	22	0.6293756027422006
37	23	0.6949591162105406
37	24	0.5527448481542265
37	25	1.0168409928074027
37	26	0.7362440057368005
37	27	0.512144084571112
37	28	0.28125219310028626
38	1	0.2508362731749685
38	2	0.2499197479107167
38	3	0.25204940000503484
38	4	0.296917564892901
38	5	0.28760205448662646
38	6	0.25095025310377395
38	7	0.2769842682182784
38	8	0.24955180664499466
38	9	0.29084113460746863
38	10	0.35495835461733094
38	11	0.3172586671730997
38	12	0.3143564509340777
38	13	0.29887791232697225
38	14	0.29618850999568735
38	15	0.2917801403409186
38	16	0.3519023707099578
38	17	0.3610962336867729
38	18	0.35238855552566406
38	19	0.35423669506770494
38	20	0.6722347598715928
38	21	0.6927959952819691
38	22	0.5270830570668963
38	23	0.4198883401798881
38	24	0.5644784870770252
38	25	0.9278757388936967
38	26	1.455977447869266
38	27	1.616923496335815
38	28	1.729339624794278
39	1	0.42604826301089815
39	2	0.46309396819449233
39	3	0.4516505301363267
39	4	0.43593787700396547
39	5	0.45073552252172533
39	6	0.4192822873414883
39	7	0.4886742744222303
39	8	0.4976292779175111
39	9	0.5018824026543314
39	10	0.5291398584512308
39	11	0.5416150291194697
39	12	0.5731309121031813
39	13	0.5283211364817717
39	14	0.4859511387304494
39	15	0.5469530082402017
39	16	0.5286286936201705
39	17	0.539426441630809
39	18	0.5837638463721362
39	19	0.6143155435350209
39	20	0.8722014598382941
39	21	0.8719350093641509
39	22	0.9089882579506678
39	23	1.0110768897380211
39	24	0.6847193493967509
39	25	0.8396526843785068
39	26	0.18544349153790307
39	27	0.681747876501106
39	28	-0.26470799425334235
40	1	0.375605637321911
40	2	0.4468921976917386
40	3	0.4853902996369115
40	4	0.5107666727280389
40	5	0.46459889315810443
40	6	0.5348660521652775
40	7	0.4963575882689
40	8	0.5089872201256256
40	9	0.5028845740256358
40	10	0.5281376870799264
40	11	0.5021962885148241
40	12	0.5908359396628953
40	13	0.5565489634401786
40	14	0.572471933786403
40	15	0.5643239786761427
40	16	0.5169366942882831
40	17	0.5360858703931299
40	18	0.5465048479947825
40	19	0.5463335285641406
40	20	0.8893640047887743
40	21	0.9206625040367058
40	22	0.8765584243282944
40	23	0.7069684055922352
40	24	1.1358260871654977
40	25	0.9406471309754352
40	26	0.8702023644364232
40	27	1.444544464077751
40	28	0.7232790187336704
41	1	0.3089130511329117
41	2	0.33915163706262774
41	3	0.3060424220282201
41	4	0.3183562869372025
41	5	0.3453383556872751
41	6	0.30247602580184463
41	7	0.30419509317818694
41	8	0.3172334653687017
41	9	0.3824846873342054
41	10	0.4065236268864396
41	11	0.40390556627429675
41	12	0.4654061232588873
41	13	0.4085886586807703
41	14	0.42054413639656474
41	15	0.4154166050422816
41	16	0.37820793400135244
41	17	0.38516890615981225
41	18	0.36771066901263794
41	19	0.3872597455460465
41	20	0.7311510916749242
41	21	0.7108797951982737
41	22	0.7979395437619416
41	23	0.7724816396831926
41	24	1.1615324753718852
41	25	0.9669935083485441
41	26	0.9542877126434277
41	27	0.47423938780868014
41	28	0.6767080458469081
42	1	0.4591351910810815
42	2	0.4105904560185678
42	3	0.4995957356157774
42	4	0.46417033728892676
42	5	0.47606308726817304
42	6	0.4769507573827454
42	7	0.5084550894758522
42	8	0.4545714883231611
42	9	0.47266887837455585
42	10	0.5106887509145821
42	11	0.4964037151080589
42	12	0.5658920543955048
42	13	0.5172498027015067
42	14	0.5516923222536505
42	15	0.5283979082633081
42	16	0.5182648573630715
42	17	0.4944201094178595
42	18	0.4874997744726315
42	19	0.4852935193835535
42	20	0.8604859872289694
42	21	0.9231140230986483
42	22	0.8330138924876707
42	23	0.9531977896947268
42	24	0.9822962670520141
42	25	1.1202139999014875
42	26	0.7420451813054214
42	27	0.42734016300248356
42	28	0.7778244732791251
43	1	0.4771332140798066
43	2	0.519890697002154
43	3	0.5216761492652751
43	4	0.48873633286699203
43	5	0.4864530185995477
43	6	0.5359956844442664
43	7	0.4676069091359025
43	8	0.4530863977203481
43	9	0.47856478750269105
43	10	0.5339597521662895
43	11	0.4649266962856018
43	12	0.5612098368785681
43	13	0.475727365491764
43	14	0.4593973630219921
43	15	0.4401128106415584
43	16	0.5048531263756288
43	17	0.4915454150341816
43	18	0.4666907064904251
43	19	0.4771201197649617
43	20	0.7864273755550784
43	21	0.7842146894138509
43	22	0.6898168387998993
43	23	0.5103232430017712
43	24	0.8183777599628357
43	25	0.3178802011873145
43	26	0.3274167989351042
43	27	0.8142770999394173
43	28	-0.048438152983500515
44	1	0.5527019877851274
44	2	0.6020807526261436
44	3	0.6330314988755887
44	4	0.6415663034635202
44	5	0.6689865401135435
44	6	0.6856333995101522
44	7	0.6373453874951736
44	8	0.6279542170375763
44	9	0.6867147977262889
44	10	0.7318666872260664
44	11	0.6908313231888883
44	12	0.7348884920928498
44	13	0.7085133966272394
44	14	0.7563753149643446
44	15	0.7312648089658893
44	16	0.7253811098395104
44	17	0.7054468360993695
44	18	0.7975810801394019
44	19	0.8472551511905877
44	20	1.069041116531963
44	21	1.1170684211547695
44	22	1.1346358590137626
44	23	1.1627784327521837
44	24	1.387212524352904
44	25	1.9085456518345296
44	26	1.5784920677523075
44	27	1.1551179407802579
44	28	1.041839624794278
45	1	0.3373335724081272
45	2	0.37850441942003243
45	3	0.4852351771548342
45	4	0.41747927472965785
45	5	0.44351417029557894
45	6	0.571629393528724
45	7	0.5324974059433174
45	8	0.451598913750594
45	9	0.5467940532456907
45	10	0.5564277633738541
45	11	0.4559444025746089
45	12	0.6079831845559625
45	13	0.5147761389986485
45	14	0.607273176094246
45	15	0.612058371894804
45	16	0.5305004381230205
45	17	0.6233934398092913
45	18	0.6182299015447299
45	19	0.6954381905205906
45	20	1.031915114330019
45	21	1.0690366756724359
45	22	1.013606261187455
45	23	0.9988653802040517
45	24	0.849985814206903
45	25	0.2717910828090382
45	26	0.5537172929775309
45	27	0.11618530735943722
45	28	-1.1547183462202142
46	1	0.5069361348647163
46	2	0.5254087907246898
46	3	0.49964914389477144
46	4	0.5427640023549216
46	5	0.5087728393825444
46	6	0.549579934206875
46	7	0.5634479921089977
46	8	0.5853976787936972
46	9	0.5918866013778583
46	10	0.5808398726071218
46	11	0.5969357802519184
46	12	0.6412873350026018
46	13	0.6163182139594952
46	14	0.6016628883576729
46	15	0.5672443013055144
46	16	0.5974570512090125
46	17	0.6250082473204159
46	18	0.6292889130306705
46	19	0.6245516134244582
46	20	0.9493037620496452
46	21	0.8504610067280538
46	22	0.8967028887156374
46	23	0.5412601821493794
46	24	0.5917714099586462
46	25	0.1270026224312275
46	26	0.18954817336286567
46	27	0.854741292945981
46	28	1.2806216760763292
47	1	0.5330473229379891
47	2	0.582369849729595
47	3	0.6042680989029634
47	4	0.6167766627255915
47	5	0.6164857453129287
47	6	0.6719208865898736
47	7	0.5982397645132309
47	8	0.5946190141828183
47	9	0.6453785816721975
47	10	0.6548874965236067
47	11	0.6165584476383543
47	12	0.6839038690081836
47	13	0.640921418459186
47	14	0.5937429840907527
47	15	0.6148977077066107
47	16	0.6273777282410293
47	17	0.658932665482574
47	18	0.6460799936349915
47	19	0.5875074949017289
47	20	0.938007672241362
47	21	0.7725537390225341
47	22	0.7891107224450877
47	23	0.7064089643049485
47	24	0.46532139667608163
47	25	0.8029159965426516
47	26	0.25472480936966235
47	27	-0.2789098369975207
47	28	-1.1494482539936044
48	1	0.5148549166218501
48	2	0.6036027555879002
48	3	0.5564462672588846
48	4	0.621599350160281
48	5	0.6075617247046026
48	6	0.6037868726166877
48	7	0.6159729122939268
48	8	0.5872061023040374
48	9	0.6248380309086841
48	10	0.7070432850881616
48	11	0.6577129927060525
48	12	0.7388585499306757
48	13	0.6784565838883907
48	14	0.6853366931629239
48	15	0.6848329796762371
48	16	0.7366235765533204
48	17	0.687428759263355
48	18	0.7335676897730252
48	19	0.7453294916631137
48	20	1.0326705986573472
48	21	1.0461135301956759
48	22	0.9873055410911107
48	23	0.9655724548444553
48	24	0.12179211389239697
48	25	0.41145975959562264
48	26	0.519296665453453
48	27	-0.09906101693852065
48	28	-1.4636428313460783
49	1	0.5105298422081788
49	2	0.5891809868374409
49	3	0.5613784333908143
49	4	0.5435709278185215
49	5	0.5353579902960988
49	6	0.630479165656979
49	7	0.5770785147911539
49	8	0.5483157480782239
49	9	0.6096069434156419
49	10	0.5893582443600422
49	11	0.5317425509559328
49	12	0.6117622450751696
49	13	0.5870667421795304
49	14	0.576423794509239
49	15	0.6082758679153244
49	16	0.5634492029690605
49	17	0.5778441396362197
49	18	0.5944540245567751
49	19	0.5352238183221445
49	20	0.8506958064451808
49	21	0.8480419593557613
49	22	0.6846207597703113
49	23	0.6757834222902517
49	24	0.3251436873516198
49	25	0.9423942574122179
49	26	0.47906678039598205
49	27	0.3906734963358147
49	28	0.6075447529994022
50	1	0.5869582396958393
50	2	0.6529737547994756
50	3	0.6395578436772382
50	4	0.6535920884519655
50	5	0.6412544564368332
50	6	0.7115664567469153
50	7	0.644871771848166
50	8	0.6742514899102545
50	9	0.6821126009103438
50	10	0.6864123679084173
50	11	0.6434849447113891
50	12	0.6853458946740361
50	13	0.668685753422146
50	14	0.6319275101758492
50	15	0.6240088413770906
50	16	0.6562339188928377
50	17	0.6887322269027081
50	18	0.6548660795652168
50	19	0.6857250459530775
50	20	0.9924035635982449
50	21	0.9872788177926921
50	22	0.9367077451098353
50	23	0.7283353173880158
50	24	0.9529018447412554
50	25	1.0635817574122157
50	26	1.1320956713559127
50	27	1.6143432211064592
50	28	1.7235924983574975
51	1	0.45314357345132095
51	2	0.5713223115284265
51	3	0.5324106251482021
51	4	0.47406079580382254
51	5	0.5139006097008334
51	6	0.5440455427425022
51	7	0.5754257599403232
51	8	0.6334635086771243
51	9	0.6186212372771678
51	10	0.6559183212336279
51	11	0.6395956986687068
51	12	0.6700528287072558
51	13	0.65569660506128
51	14	0.645230588562228
51	15	0.6870396464099784
51	16	0.6449464624530705
51	17	0.6496195755392193
51	18	0.6523791007030582
51	19	0.6174219478815743
51	20	0.9034422413276317
51	21	0.8588533802543665
51	22	0.9486182496214965
51	23	0.6552215899811245
51	24	0.9541483377272257
51	25	1.1883297412831837
51	26	1.2133405526007905
51	27	0.79890879045346
51	28	1.1634481519260618
52	1	0.6888274606027593
52	2	0.7461632246655938
52	3	0.758456238149499
52	4	0.8079820199699057
52	5	0.8136340113868812
52	6	0.8054199617795348
52	7	0.7847219496174986
52	8	0.8015285178305973
52	9	0.7749168972609226
52	10	0.834641179125839
52	11	0.7968480559648654
52	12	0.8571834247096248
52	13	0.8322344023937518
52	14	0.784693089136347
52	15	0.8195926663945201
52	16	0.7861097916768145
52	17	0.8591953200599889
52	18	0.8452381703222258
52	19	0.8413650866800424
52	20	1.055503689438666
52	21	1.0520842211685988
52	22	1.0623684112477747
52	23	0.8403074571067961
52	24	0.34292589283744945
52	25	0.12239425741221766
52	26	0.8794078186680565
52	27	1.3106734963358164
52	28	1.8219322173868662
53	1	0.5383452047822317
53	2	0.6625503454505122
53	3	0.5986389257893023
53	4	0.5694845806849926
53	5	0.5837393603021326
53	6	0.6630254463312397
53	7	0.6381200420264648
53	8	0.6248143746994685
53	9	0.6141934660152586
53	10	0.6740895765163089
53	11	0.6362754591917081
53	12	0.7031464492359945
53	13	0.6275684680628189
53	14	0.6207664472596477
53	15	0.6245322527400816
53	16	0.6267201469418708
53	17	0.6810066991932189
53	18	0.6780126904237918
53	19	0.7079722410705713
53	20	0.9764441929116714
53	21	0.9240618408997676
53	22	0.7873121479856096
53	23	1.0317013903412189
53	24	0.9954851780745884
53	25	1.1344676519076273
53	26	0.9710278550733733
53	27	0.33331500576977646
53	28	1.1687335641882157
54	1	0.7383601477544062
54	2	0.8091281010895344
54	3	0.7164166937286467
54	4	0.8139320086902586
54	5	0.8161533713737299
54	6	0.9221043915907785
54	7	0.8460311823416902
54	8	0.868556112778549
54	9	0.8671261272649105
54	10	0.9260162469520097
54	11	0.8792982941055385
54	12	0.9214228093133059
54	13	0.9095839489682618
54	14	0.8879577035411259
54	15	0.8981895190966327
54	16	0.9110559755868195
54	17	0.9349172430937287
54	18	0.8462431787250324
54	19	0.8493395373025194
54	20	1.230701783044502
54	21	1.1789014323662812
54	22	1.2353739379551314
54	23	1.368993708128535
54	24	0.8178757926370466
54	25	1.1776717904518605
54	26	1.1992555686834052
54	27	0.5678163534786691
54	28	0.24600629146094377
55	1	0.6582716762754117
55	2	0.7583657069555869
55	3	0.6827068944513712
55	4	0.8085284089472324
55	5	0.7749366830179625
55	6	0.7578605606726683
55	7	0.7093641129818664
55	8	0.7457384541200511
55	9	0.7968830862930716
55	10	0.7809223537207757
55	11	0.7944578346681084
55	12	0.8752578983262254
55	13	0.8285461231441147
55	14	0.8459380283288098
55	15	0.835082701710057
55	16	0.7724689153074067
55	17	0.7940555923981165
55	18	0.833085351852759
55	19	0.8172308734334663
55	20	1.1069981238484417
55	21	1.1351819853952065
55	22	1.0686259321766016
55	23	1.0551029941556962
55	24	1.0930969666924781
55	25	1.2291811426581205
55	26	0.8388745814135063
55	27	0.14615736730355877
55	28	1.5414608369154905
56	1	0.6621869357758712
56	2	0.7456905092370008
56	3	0.7316281169872809
56	4	0.7048467487288406
56	5	0.7198825206965154
56	6	0.8220496080692072
56	7	0.7943687067431924
56	8	0.7957602551394203
56	9	0.8271205493822791
56	10	0.8214553778379923
56	11	0.793724115679133
56	12	0.8899910509209548
56	13	0.8397170017231019
56	14	0.8985242901588393
56	15	0.8497388849239513
56	16	0.8143859241880307
56	17	0.8453979342166278
56	18	0.8761551130080676
56	19	0.8386849761349922
56	20	1.1997694264886007
56	21	1.1204781263639276
56	22	1.144800825339125
56	23	1.2292696608223608
56	24	0.7909858783547037
56	25	1.169896561559682
56	26	1.0829434135079978
56	27	0.6611239467862688
56	28	-0.5484381529835005
57	1	0.7782436357520837
57	2	0.7456196569621554
57	3	0.7250509478314058
57	4	0.7666090809786326
57	5	0.8076327794066103
57	6	0.8739039695515558
57	7	0.7950593923073868
57	8	0.7657841044832239
57	9	0.8121249384643932
57	10	0.7703023049379496
57	11	0.7810024443370907
57	12	0.818641143450904
57	13	0.8192717941135257
57	14	0.8231908748855759
57	15	0.8617438773497099
57	16	0.8099453518349833
57	17	0.8104172653981081
57	18	0.7737566447572846
57	19	0.8420880582517114
57	20	1.1447193049468751
57	21	1.1104620103284688
57	22	1.073111861704291
57	23	1.003424637442265
57	24	1.136402827059527
57	25	1.5857385197072986
57	26	1.798841975671273
57	27	1.9097885405836053
57	28	1.8665945267550583
58	1	0.6232651034140275
58	2	0.7265968769249156
58	3	0.6795300114482998
58	4	0.7271628767077516
58	5	0.6840405017692817
58	6	0.7536734045306943
58	7	0.7055055999091735
58	8	0.7263403983886718
58	9	0.8011554461937465
58	10	0.7648837604754064
58	11	0.759378230013553
58	12	0.8238881464720293
58	13	0.8015730475318676
58	14	0.8142990325971127
58	15	0.782998861211496
58	16	0.7336768611665079
58	17	0.8232845389550789
58	18	0.7795868472557785
58	19	0.8285770230677585
58	20	1.0973112124709843
58	21	1.1116051717007025
58	22	1.0367349004383115
58	23	0.9804817820344809
58	24	0.6526072710978426
58	25	0.37716348818144496
58	26	1.181213156187681
58	27	1.5908387855920125
58	28	1.7531491486037964
59	1	0.5036088087779333
59	2	0.5727148165692526
59	3	0.49969973251956645
59	4	0.5933496964047151
59	5	0.5808276264302492
59	6	0.6190735513977899
59	7	0.5750551674077116
59	8	0.5717326887896945
59	9	0.5817266137695754
59	10	0.587242780597137
59	11	0.5882839264718953
59	12	0.6044334385811254
59	13	0.5212415395551133
59	14	0.5983770589308577
59	15	0.6005894652944193
59	16	0.5535888537929523
59	17	0.5504206320352125
59	18	0.5754743826370401
59	19	0.5954379984873697
59	20	0.958006510245113
59	21	1.0468372240868646
59	22	0.999851623484922
59	23	1.0312116096820745
59	24	0.818453711961169
59	25	1.1117168380573759
59	26	0.6165215336823238
59	27	0.561550689318274
59	28	1.049067515950739
60	1	0.7501282226244683
60	2	0.88366559197231
60	3	0.7983841984780327
60	4	0.8036706576473023
60	5	0.8302209286351783
60	6	0.8513540568092779
60	7	0.8452882277700624
60	8	0.8420989570683588
60	9	0.8457820734330994
60	10	0.8446323095931163
60	11	0.8853539986649395
60	12	0.8954627212174913
60	13	0.8821233670458781
60	14	0.8714801443991576
60	15	0.8261115820060994
60	16	0.8649483538762013
60	17	0.8862081460181486
60	18	0.8560655025003214
60	19	0.9464202128518764
60	20	1.281815675409959
60	21	1.2865005676289059
60	22	1.200152417957682
60	23	1.3426029941556976
60	24	1.1459556081821134
60	25	1.0979779678194532
60	26	1.532338221598458
60	27	1.5023401630024793
60	28	0.8449858832976744
61	1	0.5280877207937351
61	2	0.48983185838589094
61	3	0.5033103219257598
61	4	0.5544133258559114
61	5	0.5495921527961087
61	6	0.49417948898807396
61	7	0.6139799480094439
61	8	0.5393971139908018
61	9	0.6276627838160707
61	10	0.5302195237261245
61	11	0.4403592046504414
61	12	0.5115919599500245
61	13	0.5163762156838558
61	14	0.583760059302378
61	15	0.46012089241745713
61	16	0.5424609945162047
61	17	0.4837433645309659
61	18	0.580714291910553
61	19	0.5299746551673081
61	20	0.8640342715763154
61	21	0.9389243027557086
61	22	0.992968485008781
61	23	1.1594093256268323
61	24	1.2417714099586448
61	25	1.0862046839525021
61	26	1.7797061957876252
61	27	1.021784607446925
61	28	0.6122225076771599
62	1	0.4694542702199058
62	2	0.5027003175507616
62	3	0.4278961848292582
62	4	0.46032014389960807
62	5	0.4355779869755736
62	6	0.4583370360009198
62	7	0.47609968171806116
62	8	0.5259146842469065
62	9	0.4994925845709517
62	10	0.44114280574084574
62	11	0.40129929546118603
62	12	0.4198037566976538
62	13	0.4334900737110985
62	14	0.46984843055167147
62	15	0.42568027253363994
62	16	0.43876187583426685
62	17	0.40180190648342773
62	18	0.38701254167119004
62	19	0.3603448872355415
62	20	0.7573133780431291
62	21	0.8309501942786284
62	22	0.7700997676809607
62	23	1.0675455228913293
62	24	0.4055624782254199
62	25	9.397119576703972E-4
62	26	-0.2286507893905494
62	27	-0.7987604659283392
62	28	-0.24333797083414055
63	1	0.4227307168140797
63	2	0.5536919094259858
63	3	0.48940464436672215
63	4	0.5479020536622983
63	5	0.4868109754512773
63	6	0.4399977743170638
63	7	0.4665333692567799
63	8	0.5098056115710463
63	9	0.481879980497645
63	10	0.4422808022612372
63	11	0.4072280198992644
63	12	0.3704704203730387
63	13	0.4756475072195343
63	14	0.5039506733788528
63	15	0.4054387787164373
63	16	0.425652238179687
63	17	0.4129893451854798
63	18	0.40110786594831893
63	19	0.4486627025849472
63	20	0.8075497157183094
63	21	0.8000870468238048
63	22	0.7763704205881297
63	23	0.8541206093318436
63	24	0.6462545418366901
63	25	0.2542373946671148
63	26	0.6753085471530582
63	27	1.085673496335815
63	28	1.191460836915489
67	1	2.417696834916697
67	2	2.474117853278841
67	3	2.4516505301363267
67	4	2.5864306112615267
67	5	2.46493295028187
67	6	2.5908206203964426
67	7	2.4307153634484564
67	8	0.541557789693023
67	9	1.5740387413882573
67	10	0.5274695728323877
67	11	1.2765407014094308
67	12	-1.5950668497140867
67	13	1.3763251451672573
67	14	1.4592265688289956
67	15	1.4677814699071448
67	16	1.4165525285959504
67	17	1.5723310683219722
67	18	1.5756729529309226
67	19	1.7198770029753305
67	20	-36.03988645224962
67	21	-35.72130269555388
67	22	-36.104070506489315
67	23	-35.74073033917764
67	24	-35.669098155258744
67	25	-35.553605742587784
67	26	-35.53817459891436
67	27	-35.789326503664185
67	28	-35.60399370853906
68	1	0.3176227059322656
68	2	0.3694106627673506
68	3	0.34045705348695776
68	4	0.39517783142461127
68	5	0.37097446251315347
68	6	0.26706228088569617
68	7	0.3652965346864079
68	8	0.4464873671578147
68	9	0.41280820024667264
68	10	0.36142064770265847
68	11	0.3382530809498334
68	12	0.3624943066980677
68	13	0.3770664350115851
68	14	0.3995527363604978
68	15	0.37993862335414263
68	16	0.4020973766315308
68	17	0.34141928181345094
68	18	0.38888914850006273
68	19	0.3373622682012609
68	20	0.7352806532800571
68	21	0.7043067826871763
68	22	0.7139838809511119
68	23	1.0175259355911876
68	24	0.9693315968073719
68	25	0.8997275907455489
68	26	1.949479722073292
68	27	2.2700794369298762
68	28	2.8960062914609424
69	1	0.3581664226408634
69	2	0.33601469188116795
69	3	0.34386720604684484
69	4	0.373267364820407
69	5	0.36639347903025055
69	6	0.2665462628442157
69	7	0.2855868738940117
69	8	0.3494705277222323
69	9	0.3544047979606333
69	10	0.3111634164263961
69	11	0.28171725899863276
69	12	0.2636870789233683
69	13	0.30718112594004054
69	14	0.28470262725014805
69	15	0.280870765525556
69	16	0.29213026939831366
69	17	0.3040744589671931
69	18	0.34260028461125813
69	19	0.2837735141474198
69	20	0.6995160507782359
69	21	0.7332220884388434
69	22	0.6604232521792
69	23	0.6285987343047879
69	24	0.7426665506236105
69	25	1.5199236691769187
69	26	1.0928933622506918
69	27	1.2029811886435056
69	28	1.5690832145378621
70	1	0.42206762347979776
70	2	0.4488037028508671
70	3	0.37443326552150324
70	4	0.43308877917265676
70	5	0.45600925696553674
70	6	0.41380368359075703
70	7	0.4121395120552691
70	8	0.4876513974147514
70	9	0.46349421397977153
70	10	0.38177662072894236
70	11	0.38307867263507234
70	12	0.3899996226953135
70	13	0.42804614316398215
70	14	0.3761815861300306
70	15	0.40731889478421834
70	16	0.42893642952473954
70	17	0.4122509371983156
70	18	0.4199044448512552
70	19	0.46245316957772076
70	20	0.7317984929148906
70	21	0.7521829933744542
70	22	0.6755257837452717
70	23	0.6963643430532329
70	24	0.3369502318380313
70	25	0.7009397119576732
70	26	0.768075401085639
70	27	1.3951395157532929
70	28	1.1511083322772677
71	1	0.35527668525435274
71	2	0.34873000878167204
71	3	0.32078723391438757
71	4	0.3801885962952909
71	5	0.34027516601467056
71	6	0.33712469048222715
71	7	0.32522166021794163
71	8	0.4046714965738403
71	9	0.4154331564274969
71	10	0.3801799214361452
71	11	0.3241771314149062
71	12	0.3149532269422366
71	13	0.3202930225171414
71	14	0.3197850649049201
71	15	0.3434887157549298
71	16	0.3112413404229244
71	17	0.34966269818143303
71	18	0.3331977239161503
71	19	0.2885910144916437
71	20	0.6938437064805427
71	21	0.6684750822238996
71	22	0.7154521537413103
71	23	0.7862195657050535
71	24	0.26719528103469514
71	25	0.2213942574122143
71	26	-0.27828759326464336
71	27	-0.4165992309369102
71	28	-1.950932484049261
72	1	0.2833280431522027
72	2	0.3502240479691068
72	3	0.30897399049391794
72	4	0.3355727459915272
72	5	0.339594319254239
72	6	0.25905251492416426
72	7	0.2753965987744422
72	8	0.3846135960863748
72	9	0.28904686853292105
72	10	0.2798625654276563
72	11	0.2613700313715057
72	12	0.2850126157003956
72	13	0.2925252535291847
72	14	0.2890983405465306
72	15	0.3057803862878572
72	16	0.2937423425746388
72	17	0.2855331633192648
72	18	0.2896398489696068
72	19	0.29644843154675726
72	20	0.7008105353463634
72	21	0.6837661268188526
72	22	0.720655209325507
72	23	0.6172864026124429
72	24	0.622407636247047
72	25	0.1565983390448693
72	26	0.32147452389266107
72	27	0.2840679917486568
72	28	-1.094189786970432
73	1	0.23255171142652387
73	2	0.21992639843838901
73	3	0.1911493583317494
73	4	0.19703093576125497
73	5	0.23652119618055423
73	6	0.1972745594626062
73	7	0.2026641646022327
73	8	0.19975140786500845
73	9	0.214204596805601
73	10	0.1721423689383883
73	11	0.14529858855563305
73	12	0.1837325012864568
73	13	0.13006590593884226
73	14	0.16140792812230842
73	15	0.12038648162518939
73	16	0.1829127232957859
73	17	0.17247529042401055
73	18	0.16525976041656065
73	19	0.26918348216970855
73	20	0.6051667602060391
73	21	0.5166981851154304
73	22	0.45974209447999215
73	23	0.8290142580718722
73	24	0.6389018447412553
73	25	1.022665443852894
73	26	1.0332539725142098
73	27	0.5758908876401634
73	28	-0.003993708539056229
74	1	0.3262377601836022
74	2	0.3693135828162042
74	3	0.2938213486416643
74	4	0.37415303119035315
74	5	0.390911597968703
74	6	0.3538099442398561
74	7	0.320039206864827
74	8	0.3748318110453397
74	9	0.36158322537401943
74	10	0.2598539144693959
74	11	0.21230582596459158
74	12	0.2515523673677649
74	13	0.2636916932099638
74	14	0.2757746115336204
74	15	0.17899143431995412
74	16	0.232922635357518
74	17	0.18994672668495838
74	18	0.24227839010946894
74	19	0.21110507315076887
74	20	0.5450597843095224
74	21	0.48672890418279025
74	22	0.4319379973639954
74	23	0.4549922790984482
74	24	0.785828469479199
74	25	0.8323591696929142
74	26	1.1248088265000078
74	27	0.20197784416190245
74	28	1.0038494287158457
75	1	0.34283335068206355
75	2	0.4034819540362804
75	3	0.3396195278463878
75	4	0.388967162256769
75	5	0.3699884373348894
75	6	0.334170981502659
75	7	0.3333047592561016
75	8	0.3905977756010728
75	9	0.36900086927270337
75	10	0.3315914681996617
75	11	0.3862817618286698
75	12	0.3978871752991253
75	13	0.35976710394830036
75	14	0.3917613583304913
75	15	0.3869289069337398
75	16	0.3402798493639594
75	17	0.318675968797578
75	18	0.34640819378568466
75	19	0.4282334973240438
75	20	0.7214075753154674
75	21	0.8950710721272159
75	22	0.8651084626896548
75	23	0.9046552486858275
75	24	-0.021129103034375873
75	25	-0.9653704484701393
75	26	-0.9859357929442112
75	27	-1.5591677735054574
75	28	-1.6833587879041403
76	1	0.16701143395713558
76	2	0.1410129869320258
76	3	0.29092400511919436
76	4	0.21237303758092452
76	5	0.2524586528178503
76	6	0.3685793592586748
76	7	0.35223695357868223
76	8	0.27819247098157973
76	9	0.31735608203253207
76	10	0.3089980169722111
76	11	0.2707147932531626
76	12	0.35130052520023725
76	13	0.3703278867710935
76	14	0.36327043449040985
76	15	0.3740528886871317
76	16	0.3493832345589354
76	17	0.3975538236338281
76	18	0.4363589687620575
76	19	0.5151356236649889
76	20	0.7560356978894021
76	21	0.8725053539817225
76	22	0.7265319638913255
76	23	0.9802423051992619
76	24	0.8510553956049804
76	25	0.15723763090619514
76	26	-0.39850979444508283
76	27	0.16968988977843935
76	28	-0.6239937085390608
77	1	0.2885583360434083
77	2	0.28413692070820673
77	3	0.3462596478343656
77	4	0.31636647536275575
77	5	0.33839455541274077
77	6	0.3171163388918501
77	7	0.291349788825471
77	8	0.3472433504487853
77	9	0.3542432829032478
77	10	0.30992753781765714
77	11	0.21968509385179402
77	12	0.3099426840005961
77	13	0.2726676655347404
77	14	0.3141407653968571
77	15	0.26341329518015755
77	16	0.2898407934598808
77	17	0.2877063499999082
77	18	0.2843709347133867
77	19	0.2607344599192629
77	20	0.6183318189817015
77	21	0.7427495920278204
77	22	0.6534114336551653
77	23	0.7843730276268488
77	24	1.2456442958957865
77	25	0.5929144039323617
77	26	0.9669800402608999
77	27	0.41757004805995024
77	28	0.4187335641882157
78	1	0.3253176847360706
78	2	0.32410925186820805
78	3	0.3332951198490406
78	4	0.35814917310566585
78	5	0.3384922140011213
78	6	0.30783421062523786
78	7	0.2820829877388391
78	8	0.31585677472656926
78	9	0.31307194283329665
78	10	0.2427628809349187
78	11	0.1800328741257573
78	12	0.17269506323963668
78	13	0.1955234936964132
78	14	0.2419549362812603
78	15	0.19374052719253854
78	16	0.16143468927030113
78	17	0.14329270603055733
78	18	0.17991323561643213
78	19	0.18572449122975598
78	20	0.5747240583728228
78	21	0.5835476656432306
78	22	0.661081008662201
78	23	0.9851548867075905
78	24	1.4181003605111968
78	25	1.2710954526313358
78	26	0.9889993141291171
78	27	1.8159366542305548
78	28	2.5662190574183867
79	1	0.25236805609517887
79	2	0.29990777642145616
79	3	0.27522012876997337
79	4	0.3059865463597333
79	5	0.27962125087965006
79	6	0.2661408595083117
79	7	0.2390842789053309
79	8	0.2968097111276933
79	9	0.331169398945903
79	10	0.2629093678793595
79	11	0.2186414699832966
79	12	0.246094550798297
79	13	0.20928842441576023
79	14	0.25922656882899275
79	15	0.20185491141013046
79	16	0.219797618262902
79	17	0.21502961657132857
79	18	0.23195046657769325
79	19	0.2599422676598877
79	20	0.5154613413180726
79	21	0.44205640200200236
79	22	0.47953771477432383
79	23	0.45162402975439875
79	24	0.8263973402367526
79	25	0.9081998129677729
79	26	0.9329792472394871
79	27	1.096169679541923
79	28	0.7408338776678391
80	1	0.28822350608482594
80	2	0.23137646232677866
80	3	0.17329131339088377
80	4	0.28055620207854304
80	5	0.2485251177362926
80	6	0.15007112681102797
80	7	0.19557019126749964
80	8	0.2783910104897842
80	9	0.2308584577960886
80	10	0.21703743238674633
80	11	0.19247588034258456
80	12	0.22380553381055535
80	13	0.19958645509298378
80	14	0.27995580583102253
80	15	0.2566065880705466
80	16	0.22765988848791352
80	17	0.22712512639084537
80	18	0.25178560939824024
80	19	0.18587913896678998
80	20	0.5285790396740211
80	21	0.5719488381884474
80	22	0.5440959949973063
80	23	0.38485377297189416
80	24	0.5411179547608995
80	25	0.5396145963952677
80	26	-0.1826190433588053
80	27	0.1213877820500997
80	28	1.6160062914609412
81	1	0.10657080705967559
81	2	0.17725596370005547
81	3	0.17173779309990778
81	4	0.21505957585289792
81	5	0.18485239985394486
81	6	0.11758685634207211
81	7	0.14006256935548578
81	8	0.17673147655323618
81	9	0.15886841079587555
81	10	0.06464023905154903
81	11	0.07164055037738137
81	12	0.1641209334710112
81	13	0.10010430274402893
81	14	0.16588876047188705
81	15	0.13450407437098022
81	16	0.08260387949375314
81	17	0.042208564546172056
81	18	0.1344354831763397
81	19	0.059940764930694
81	20	0.42348818331889504
81	21	0.48341371021965074
81	22	0.3969132613414743
81	23	0.2079119276464496
81	24	0.08625898759839856
81	25	0.40935722037517763
81	26	0.13172831370700067
81	27	-0.4305478777099836
81	28	-0.376720981266331
82	1	0.20862714502006696
82	2	0.17568504234186122
82	3	0.17289094360748436
82	4	0.1742932321351489
82	5	0.1633324167707002
82	6	0.1615108504731353
82	7	0.13328288595595694
82	8	0.1245854655849854
82	9	0.17990736426254728
82	10	0.11016380424285899
82	11	0.1089848494587784
82	12	0.047313943883779075
82	13	0.10156689241634353
82	14	0.14545531174329795
82	15	0.06948203676276421
82	16	0.04526209845256801
82	17	0.036652508802134776
82	18	0.10695518050053465
82	19	0.12972748670443934
82	20	0.46038553324449083
82	21	0.46465440683381587
82	22	0.4639651194384413
82	23	0.18973518822365776
82	24	0.19241263610815906
82	25	0.6501678423178774
82	26	0.8556077845053309
82	27	0.8563427876744001
82	28	1.3090497697218098
83	1	0.28992089855607617
83	2	0.28253681250986773
83	3	0.23272444462091357
83	4	0.2858008465946398
83	5	0.2716946340737181
83	6	0.20997872447333776
83	7	0.25023806812197336
83	8	0.299927030660875
83	9	0.2831869018125204
83	10	0.216067517810842
83	11	0.2568191236832149
83	12	0.238211241104608
83	13	0.26230459495181435
83	14	0.24808967787772218
83	15	0.2447121957937881
83	16	0.22712594589790314
83	17	0.2324238757465693
83	18	0.2385523831496812
83	19	0.21003551194588965
83	20	0.5620848739152535
83	21	0.5358115329030326
83	22	0.5728751616457828
83	23	0.49088517906208295
83	24	-0.3565981552587445
83	25	-0.39255705344920955
83	26	0.38060712697396326
83	27	-1.289326503664185
83	28	-1.270660375205722
84	1	0.3173519506992548
84	2	0.3192484165897298
84	3	0.340794888815914
84	4	0.2816186552753237
84	5	0.2857573877921311
84	6	0.27828982716274453
84	7	0.24924057284244583
84	8	0.27074156371174496
84	9	0.2958321393189536
84	10	0.2088622481485345
84	11	0.16190775675513436
84	12	0.2016156925752881
84	13	0.1730076874566322
84	14	0.18446880893410622
84	15	0.19532293812852686
84	16	0.18203126073587583
84	17	0.18523959188905792
84	18	0.14698082721277217
84	19	0.15201428846675213
84	20	0.5210496413597454
84	21	0.565385355769294
84	22	0.6229166884853186
84	23	0.37230310949595236
84	24	0.5957166595560679
84	25	0.8071085431265033
84	26	0.26990620916645014
84	27	0.535876748368338
84	28	0.23471596888029467
85	1	0.13727702514299978
85	2	0.14515753842150758
85	3	0.10038782105137756
85	4	0.17104851877218863
85	5	0.15630717133795713
85	6	0.1060715223315043
85	7	0.15882293970296502
85	8	0.1827516237369693
85	9	0.1807950549336823
85	10	0.19096580110394967
85	11	0.26227372863147025
85	12	0.25275210732100817
85	13	0.19692206218923047
85	14	0.28064342681521737
85	15	0.24508550401668572
85	16	0.18992084607709359
85	17	0.17810345271029604
85	18	0.18039470672518831
85	19	0.16045821729811394
85	20	0.506201436281998
85	21	0.5529101382444424
85	22	0.5335965651996304
85	23	0.48727892008162144
85	24	0.6630635319117317
85	25	0.9744841450526636
85	26	0.9964788664321773
85	27	0.9487687344310558
85	28	1.9044808677321257
86	1	0.2965833724390805
86	2	0.2963545454487928
86	3	0.2877241098205232
86	4	0.32759942128920017
86	5	0.25819357212787253
86	6	0.2756651588955492
86	7	0.33743846291125834
86	8	0.3657479248061577
86	9	0.29209180992154415
86	10	0.2517085440191025
86	11	0.25456446829857526
86	12	0.26819214426279814
86	13	0.25895578166408484
86	14	0.3120672004422147
86	15	0.2636466823440671
86	16	0.2952762792063979
86	17	0.29087249759106015
86	18	0.28633626107534127
86	19	0.312661397934761
86	20	0.6762379667707634
86	21	0.7275224737013986
86	22	0.669574035207745
86	23	0.8313494329021367
86	24	0.8771347214535865
86	25	-0.1536057425877857
86	26	-0.4275976758374398
86	27	-0.037501686145937185
86	28	-1.0072195149906733
87	1	0.194740201029866
87	2	0.19409205930818274
87	3	0.17162473616566842
87	4	0.16308706781480709
87	5	0.17539562963057165
87	6	0.161189796601505
87	7	0.14166167974702404
87	8	0.18608463154374277
87	9	0.15698247828975553
87	10	0.14297819769132758
87	11	0.1206483912369336
87	12	0.13006615044712788
87	13	0.1330557593861812
87	14	0.0726394335718652
87	15	0.10650466835950567
87	16	0.11266731176538514
87	17	0.11174747973580423
87	18	0.1072702327451509
87	19	0.126616281396025
87	20	0.48726841810777444
87	21	0.3751133543097751
87	22	0.449105796151656
87	23	0.3603246302837704
87	24	0.47644978994673437
87	25	0.6690357668461786
87	26	0.4973583960094956
87	27	0.663798496335815
87	28	1.5407431335662025
88	1	0.05595714626318937
88	2	-0.0042965264354890564
88	3	0.0059756785876174945
88	4	0.029537656679600843
88	5	0.016048341069868854
88	6	0.017557901731699133
88	7	-0.03518096137901949
88	8	0.004404844740363956
88	9	-2.6416692307407175E-5
88	10	-0.01128825095191388
88	11	-0.06305165936733204
88	12	-0.044914386225080705
88	13	-0.055066284779783814
88	14	-0.0801732064879701
88	15	-0.08638319066098177
88	16	-0.10021845519477068
88	17	-0.03816483923700531
88	18	-0.031792924391886856
88	19	-0.011653005477754164
88	20	0.35638921778171095
88	21	0.2724885345586543
88	22	0.23273422723849535
88	23	0.315575967128666
88	24	0.26776191300064056
88	25	0.26718278787816274
88	26	0.03929018981803267
88	27	0.8658459101289182
88	28	1.4249917987073175
89	1	0.21336838170218186
89	2	0.23382504614962585
89	3	0.1960808293088263
89	4	0.22821928089869914
89	5	0.23036897828951197
89	6	0.18550553446391405
89	7	0.18803554167888592
89	8	0.273734747045026
89	9	0.1706332671680144
89	10	0.17212266003799215
89	11	0.06696081598613546
89	12	0.0990770077015739
89	13	0.10850210251926029
89	14	0.09369506023574559
89	15	0.07153703960797486
89	16	0.004076398742355991
89	17	0.1431458359858837
89	18	0.09377287103084342
89	19	0.07033879978473578
89	20	0.42768440499259697
89	21	0.49608019256071145
89	22	0.4887933876505741
89	23	0.4363354281073555
89	24	0.7052608191002321
89	25	0.5103040318483067
89	26	1.089183891651679
89	27	0.7414427271050457
89	28	0.8817205771752299
90	1	0.0656197538868426
90	2	0.009578286069867659
90	3	0.048712605637824424
90	4	0.04022937922866987
90	5	0.008922841294349837
90	6	0.06404759875689336
90	7	-0.006656299795899656
90	8	0.0207869793944937
90	9	0.03415562655647619
90	10	-0.017783941620308497
90	11	0.0034400853930023345
90	12	0.03169037663246144
90	13	-0.015871980089414706
90	14	-0.053488642038168166
90	15	-0.07068006855439535
90	16	-0.0898445650701376
90	17	-0.022835572019204164
90	18	-0.07597039233429115
90	19	-0.08733381324900336
90	20	0.2653005200061145
90	21	0.24218967454463325
90	22	0.375535681977631
90	23	0.5065753896936016
90	24	0.8100685114079198
90	25	0.24639425741221288
90	26	0.28210189878149095
90	27	0.05067349633581841
90	28	0.31536113017062206
91	1	0.03238149133338908
91	2	-1.5262052097142487E-4
91	3	-0.07580475696753552
91	4	-0.037510399093036995
91	5	-0.044166516301125114
91	6	-0.033747939377640535
91	7	0.006805730564863666
91	8	-0.04896621407227286
91	9	0.0010861213694326466
91	10	-0.0020252498849018252
91	11	-0.09230146991156118
91	12	-0.04752998118568996
91	13	-0.07456911275555456
91	14	-0.09662532950800085
91	15	-0.0689301711345891
91	16	-0.08611455643699628
91	17	-0.1571951318662954
91	18	-0.11900944564673921
91	19	-0.06893256036519801
91	20	0.29213409569558735
91	21	0.3016594169604687
91	22	0.4856790296887965
91	23	0.4306664332208072
91	24	0.39792124509398974
91	25	0.5854920017731189
91	26	0.8083600545509881
91	27	0.21836580402812444
91	28	0.5210062914609424
92	1	-0.07277271413025943
92	2	-0.08577676937728995
92	3	-0.10096065845812774
92	4	-0.0638095870958253
92	5	-0.0799299042044126
92	6	-0.09940098195905023
92	7	-0.14219646050939616
92	8	-0.11643074277249355
92	9	-0.09836169251845206
92	10	-0.11595209150977581
92	11	-0.20416594666123444
92	12	-0.15217207209127537
92	13	-0.15846487497841366
92	14	-0.204030830830078
92	15	-0.18493819536482192
92	16	-0.21493670121964215
92	17	-0.19335930824706793
92	18	-0.2184915878854028
92	19	-0.21333628888913125
92	20	0.09891320962696426
92	21	0.08415869804310461
92	22	0.037641947723138
92	23	0.13165571980359658
92	24	0.1348885557047126
92	25	0.08240958308271473
92	26	-0.2048412655810239
92	27	0.04144272710504282
92	28	0.7460062914609438
93	1	0.08798387913702044
93	2	0.03781063838357568
93	3	0.011309180252695228
93	4	0.04461525051676318
93	5	0.03871107285750952
93	6	-0.0012662686648425847
93	7	-0.01567718891772074
93	8	0.0448937090103243
93	9	-0.021151328433312244
93	10	-0.016362855406555354
93	11	-0.08016992698467362
93	12	-0.03773558516792974
93	13	-0.07673924583351521
93	14	-0.05466016507325122
93	15	-0.04020922055057241
93	16	-0.020220163413355863
93	17	-0.03744395107290899
93	18	-0.10412293289270735
93	19	-0.14634208986894492
93	20	0.28053786160793237
93	21	0.2589641715763591
93	22	0.20511269609490057
93	23	0.1995108888925401
93	24	0.5699176619644533
93	25	-0.3178642977208668
93	26	-0.8041320457228736
93	27	-1.6475942201996148
93	28	-2.1130846176299656
94	1	-0.08138065585821153
94	2	-0.0686250741504324
94	3	-0.08048354120438717
94	4	-0.08884614150600356
94	5	-0.05628476189524889
94	6	-0.09629500075976694
94	7	-0.021929162996805474
94	8	-0.03931551904006625
94	9	-0.04188991789833807
94	10	-0.05509500281336699
94	11	-0.026196075958345943
94	12	-0.03741002314582431
94	13	-0.040187769961896436
94	14	-0.04277220115870506
94	15	-0.03452480315558404
94	16	-0.010107988009217195
94	17	-0.0051597065857791335
94	18	-0.07105159324113686
94	19	-0.034415190092374814
94	20	0.2721429939608555
94	21	0.21228009209813337
94	22	0.1296165560530227
94	23	-0.12000384345114412
94	24	-0.0740161880456327
94	25	0.6682485620479781
94	26	0.9547831475645125
94	27	-0.28099317033085214
94	28	-0.16137075771938214
95	1	-0.32079469304851216
95	2	-0.2978119712825631
95	3	-0.23016083588556313
95	4	-0.26767045336585227
95	5	-0.25826393080974697
95	6	-0.10028749176429841
95	7	-0.10534701471918595
95	8	-0.21492744047641565
95	9	-0.1457093467808832
95	10	-0.08341661700116987
95	11	-0.12681812300202466
95	12	-0.09454203339979728
95	13	-0.1197012455959765
95	14	-0.09003119095508083
95	15	-0.08132634235856528
95	16	-0.08982024093471352
95	17	-0.12237578427961893
95	18	-0.07006419696135424
95	19	0.061090556954845
95	20	0.24661671487722714
95	21	0.41212732620101633
95	22	0.3249377940786218
95	23	0.30552745708016005
95	24	0.03813868684651567
95	25	0.04984253327428689
95	26	-0.00515573098983424
95	27	-0.0930302073678888
95	28	-0.26470799425334235
96	1	-9.495120129301426E-4
96	2	-0.002499508143543494
96	3	-0.058733453129775626
96	4	-0.0591692692106065
96	5	-0.028866541724703154
96	6	-0.0465617193615131
96	7	-0.05217721088293814
96	8	-0.017533798533484912
96	9	-0.04900025457767754
96	10	-0.05134411310815068
96	11	-0.08518049984561316
96	12	-0.04254929405892227
96	13	-0.10776270781347108
96	14	-0.07581003657963947
96	15	-0.0605316930989801
96	16	-0.10324427403366343
96	17	-0.11092008960422106
96	18	-0.1288060373722928
96	19	-0.09263284419656515
96	20	0.1619678092988508
96	21	0.26060189227284525
96	22	0.2136782194136302
96	23	0.2939733447518833
96	24	0.372430083943911
96	25	0.43954494234372277
96	26	0.2478950528269337
96	27	0.6757897754055833
96	28	0.637385601805768
97	1	0.007363401453197582
97	2	0.01196705724399294
97	3	0.033957529235152606
97	4	0.0307081720906055
97	5	-0.009233466059370699
97	6	-0.051714675488206296
97	7	-0.038795000024059334
97	8	0.004759952504677756
97	9	0.060370973289728624
97	10	0.0743304920273431
97	11	-0.023849806250524352
97	12	-0.02747898549059613
97	13	-0.023344425274316905
97	14	-0.0036752034749980567
97	15	-0.03837653549988573
97	16	-0.033883037640158875
97	17	-0.08221984786907655
97	18	-0.06213568904438915
97	19	-0.12722651079484848
97	20	0.24263718648530386
97	21	0.1447103763415427
97	22	0.1493152514835998
97	23	0.09727589135195558
97	24	-0.37877557461358435
97	25	-1.5779959864902224
97	26	-1.6099449338425913
97	27	-1.6200957344334128
97	28	-2.7764075016425025
98	1	-0.24350209141793044
98	2	-0.269246298227273
98	3	-0.25577565536919167
98	4	-0.2343269193081099
98	5	-0.24249323522364818
98	6	-0.34565417829129785
98	7	-0.36051636932815967
98	8	-0.338400456653531
98	9	-0.2860865195720734
98	10	-0.3700848560372805
98	11	-0.29414226906477126
98	12	-0.3251593042324288
98	13	-0.2871105840304793
98	14	-0.3372243706282063
98	15	-0.37191432490347154
98	16	-0.39555603090300906
98	17	-0.3842749561337371
98	18	-0.4290867584156146
98	19	-0.4164937994840727
98	20	-0.13163702061596894
98	21	-0.19090589904860167
98	22	-0.14851991457508973
98	23	-0.26894097861880084
98	24	-0.15027655133075513
98	25	0.6470745295210563
98	26	0.27348459391075153
98	27	0.490085261041699
98	28	0.025038549525461917
99	1	-0.18271663230125768
99	2	-0.2983275099816467
99	3	-0.25700274806804657
99	4	-0.3206869315618661
99	5	-0.3426571265048963
99	6	-0.35498564067857075
99	7	-0.29226160052083117
99	8	-0.26647528768441475
99	9	-0.3586251688302866
99	10	-0.3732982948581025
99	11	-0.37348883196327876
99	12	-0.3548128627087692
99	13	-0.409114902086138
99	14	-0.4405076308166045
99	15	-0.42516005401488854
99	16	-0.38262053696814036
99	17	-0.3978402252397544
99	18	-0.40130720760216576
99	19	-0.43972554321315016
99	20	-0.1043405167036795
99	21	-0.2613278799395644
99	22	-0.15427879414553303
99	23	-0.18408264129869423
99	24	-0.27899626297344327
99	25	-0.10593132398313543
99	26	-0.16720685697887916
99	27	0.2570311122298534
99	28	-0.5373270418723877
100	1	-0.2137966715768087
100	2	-0.2670273651391071
100	3	-0.28491971779755687
100	4	-0.24370516205606663
100	5	-0.25422289387397257
100	6	-0.3131049994382664
100	7	-0.3141193472953461
100	8	-0.2878400851593952
100	9	-0.3114394168171728
100	10	-0.2800865074509673
100	11	-0.31791030213248206
100	12	-0.280131784779023
100	13	-0.34135490205824226
100	14	-0.3366707157046491
100	15	-0.3328383648035995
100	16	-0.3312337760085384
100	17	-0.3155083649720041
100	18	-0.3392852854897299
100	19	-0.3567459683105625
100	20	-0.04680853853422917
100	21	-0.08518409717112974
100	22	-0.08015746301105509
100	23	-0.07668421758434363
100	24	0.34754329708619025
100	25	-0.2623436066654534
100	26	-0.07894713110319884
100	27	-0.4473910197932156
100	28	-0.6182794228247701
101	1	-0.11794948333831456
101	2	-0.15595095070300857
101	3	-0.13332970701782187
101	4	-0.11741948389291679
101	5	-0.14054208997578144
101	6	-0.19383755556608406
101	7	-0.15748548562195452
101	8	-0.18732524353783475
101	9	-0.19261328613333717
101	10	-0.17096403864470489
101	11	-0.145798633973385
101	12	-0.14242448402823982
101	13	-0.17073970624542056
101	14	-0.19602156468000942
101	15	-0.19449345323734235
101	16	-0.20795340025780717
101	17	-0.19695600531292712
101	18	-0.22189059045906134
101	19	-0.3195295802421043
101	20	0.09582326642046013
101	21	0.030480471350543326
101	22	0.0891432389180764
101	23	0.030698232250934154
101	24	1.1127517574812202
101	25	1.1467991157118078
101	26	0.5344510994096652
101	27	0.7151780008403179
101	28	1.953698599153249
102	1	-0.34357945224791564
102	2	-0.4572817116232599
102	3	-0.4244916018433713
102	4	-0.44315604573629486
102	5	-0.48938177053031495
102	6	-0.4970691548029791
102	7	-0.47138760972050875
102	8	-0.43320653227942074
102	9	-0.4636697430207377
102	10	-0.5090786505178642
102	11	-0.5455042587065932
102	12	-0.500650606059267
102	13	-0.5489830491764707
102	14	-0.5143774920847122
102	15	-0.5415006185627576
102	16	-0.5165874278942582
102	17	-0.5418096133314023
102	18	-0.5190370725448759
102	19	-0.5604667134586094
102	20	-0.2642565996113646
102	21	-0.24542589299023376
102	22	-0.12644235705403872
102	23	-0.1482933643877189
102	24	0.33775115980974846
102	25	0.9808072128777994
102	26	1.1634828596491786
102	27	1.210673496335815
102	28	0.959642655097305
103	1	-0.2231673802786105
103	2	-0.282642770558617
103	3	-0.27234431891217525
103	4	-0.28651258519003875
103	5	-0.2785210488596377
103	6	-0.3548082249319293
103	7	-0.26409076046054025
103	8	-0.3142155684411847
103	9	-0.23723611910680376
103	10	-0.2735033846722601
103	11	-0.33828259233788316
103	12	-0.30689972995446624
103	13	-0.327638225844332
103	14	-0.34618193024097366
103	15	-0.3247496504248062
103	16	-0.27768126736913956
103	17	-0.34081816618940053
103	18	-0.3445327781491656
103	19	-0.33856553355125385
103	20	-0.06497161793559059
103	21	-0.09468659488157982
103	22	-0.010274502283216691
103	23	0.014025444884055105
103	24	-0.12167719020050782
103	25	0.03201069576837767
103	26	0.17272587501928882
103	27	0.33375041941273764
103	28	0.5452600228042286
104	1	-0.1314706618813659
104	2	-0.19416164010382886
104	3	-0.2075212359089278
104	4	-0.16936844950409125
104	5	-0.16563485959432
104	6	-0.23741333434954015
104	7	-0.2465295490319761
104	8	-0.1758180463678869
104	9	-0.26415679013301485
104	10	-0.20399477895357876
104	11	-0.2434536062609851
104	12	-0.2333193045312214
104	13	-0.2599349942948166
104	14	-0.25658387659579773
104	15	-0.2828944942311793
104	16	-0.30566178761295504
104	17	-0.27141448454553796
104	18	-0.3375863928634715
104	19	-0.37615295957148476
104	20	-0.03091784238414874
104	21	-0.03555903551275463
104	22	0.009769243770833214
104	23	-0.24419568571229178
104	24	0.11529900786182168
104	25	0.5059553859388615
104	26	0.8250732643335041
104	27	0.34765979770568123
104	28	0.5856614638747359
105	1	-0.36174611715455995
105	2	-0.4062723630367273
105	3	-0.42110501913555254
105	4	-0.42671798198038147
105	5	-0.4105088707276039
105	6	-0.45371493735839863
105	7	-0.4765375702430461
105	8	-0.3987787011877941
105	9	-0.42977859213358727
105	10	-0.3936388677161773
105	11	-0.46048743375245493
105	12	-0.4744673869684348
105	13	-0.4452498583673119
105	14	-0.40391495527676113
105	15	-0.4257573396503247
105	16	-0.43895432846611726
105	17	-0.4908670088729963
105	18	-0.49435465131141143
105	19	-0.5423472069232957
105	20	-0.2570372129688465
105	21	-0.2691450970548175
105	22	-0.2158303063225091
105	23	-0.05545365933573976
105	24	0.19487792844827823
105	25	0.14539091293060835
105	26	0.7919689417554991
105	27	1.304423496335815
105	28	1.3806216760763235
106	1	-0.4024601597566999
106	2	-0.47892391851818417
106	3	-0.47798221446698363
106	4	-0.41356938873847326
106	5	-0.47633422101053213
106	6	-0.47758420158281467
106	7	-0.5586314265711678
106	8	-0.5258658155775109
106	9	-0.5306710988135919
106	10	-0.5322444725839262
106	11	-0.5298792593419037
106	12	-0.5450247975694253
106	13	-0.5528870779894604
106	14	-0.5703501062480996
106	15	-0.5995019615478583
106	16	-0.5694300898509255
106	17	-0.555647625258068
106	18	-0.5879922249973291
106	19	-0.5880763687230584
106	20	-0.23739101707006682
106	21	-0.26518024657428896
106	22	-0.17285687390410942
106	23	-0.010715256221381253
106	24	0.07238791285271162
106	25	0.11522542624338428
106	26	-0.07421063495039704
106	27	-0.35395235400432057
106	28	-0.8943162891842178
107	1	-0.4566959478730297
107	2	-0.5401777747572467
107	3	-0.48394974744868335
107	4	-0.507115537246456
107	5	-0.4981482433336737
107	6	-0.5367296918866913
107	7	-0.5072443867250342
107	8	-0.49258516658733953
107	9	-0.5067384966408923
107	10	-0.5148621412550511
107	11	-0.5365057940798152
107	12	-0.5376067525593342
107	13	-0.5559441122928419
107	14	-0.5157907802341555
107	15	-0.5193108271088178
107	16	-0.6193947302520684
107	17	-0.5560519989923947
107	18	-0.610702368405839
107	19	-0.6368686803726362
107	20	-0.27904644620640795
107	21	-0.2406434288199435
107	22	-0.2888958114303932
107	23	-0.5190578997911928
107	24	-0.6675133692048618
107	25	-1.2024351740259078
107	26	-0.6771880518291553
107	27	-0.03197356248771399
107	28	0.38062167607632347
108	1	-0.32483379980724436
108	2	-0.41766240281368283
108	3	-0.3447146082362451
108	4	-0.4384902203507579
108	5	-0.4386881429303031
108	6	-0.40697643316268994
108	7	-0.43394111459092244
108	8	-0.436550430050886
108	9	-0.44386019844376534
108	10	-0.47046516487930035
108	11	-0.45814193661892944
108	12	-0.4338387070733063
108	13	-0.47373681270138945
108	14	-0.5052509198120632
108	15	-0.5009642274630863
108	16	-0.501938453092059
108	17	-0.44405334583196066
108	18	-0.47991403433923097
108	19	-0.4451940733229023
108	20	-0.1273116019502183
108	21	-0.1919992796128227
108	22	-0.20680185585743516
108	23	-0.36299396283855856
108	24	0.19814571198512
108	25	-0.536061882938661
108	26	-0.42217459891435993
108	27	-0.07591186951784579
108	28	0.6285644309958229
109	1	-0.5806591042530513
109	2	-0.6187715836303269
109	3	-0.5902730210350668
109	4	-0.6433268897660085
109	5	-0.6585086170561212
109	6	-0.6278394700269061
109	7	-0.700672497902417
109	8	-0.674362199346568
109	9	-0.677091550432543
109	10	-0.6840662539932083
109	11	-0.6492025510909087
109	12	-0.6871342562081253
109	13	-0.6565560714377554
109	14	-0.6185923104695377
109	15	-0.6981316688789931
109	16	-0.6892153848168476
109	17	-0.7011310497764001
109	18	-0.6419268214309426
109	19	-0.6920153581357837
109	20	-0.30034810526525746
109	21	-0.29079981014579914
109	22	-0.20069078481933644
109	23	0.22582322359502172
109	24	0.56877351923265
109	25	0.39624676478684506
109	26	0.7037608849566084
109	27	0.5169234963358136
109	28	-0.20181979549558093
110	1	-0.655296865439368
110	2	-0.6817298596765156
110	3	-0.7277523731778359
110	4	-0.7341664854243106
110	5	-0.7173458774365642
110	6	-0.7975661229615412
110	7	-0.7443051788687143
110	8	-0.7567166556644125
110	9	-0.8113351287843003
110	10	-0.7881973677318399
110	11	-0.8108326209680001
110	12	-0.7394108650523492
110	13	-0.7902045727182525
110	14	-0.7828988762545421
110	15	-0.8743165854201607
110	16	-0.7865425138581728
110	17	-0.8598792850058814
110	18	-0.8424755088246485
110	19	-0.8568395015971788
110	20	-0.5154506429535459
110	21	-0.5355411061499069
110	22	-0.5695946196818227
110	23	-0.5227029677760342
110	24	-0.012656437467335024
110	25	0.6245192574122171
110	26	0.8351587344189753
110	27	1.1164705977850886
110	28	1.4258570377295996
111	1	-0.5771791089883749
111	2	-0.5996415857718631
111	3	-0.6426051332940972
111	4	-0.708067770615493
111	5	-0.6758437487472548
111	6	-0.6785968553317119
111	7	-0.6751368479862805
111	8	-0.637244799303744
111	9	-0.6928167062924331
111	10	-0.6522769212344954
111	11	-0.7128066556563724
111	12	-0.6715231603936971
111	13	-0.6789607232254085
111	14	-0.6816849737815787
111	15	-0.6855356821964165
111	16	-0.7176168349423477
111	17	-0.728370118301541
111	18	-0.7732289097324099
111	19	-0.8288548294555582
111	20	-0.49084954591231167
111	21	-0.5367175212779856
111	22	-0.4443690139519987
111	23	-0.43480299692142665
111	24	-0.5461596245241083
111	25	-0.7744259318622326
111	26	-0.9746152768804635
111	27	-0.7029955684123834
111	28	0.9344678299224825
112	1	-0.6658155173926446
112	2	-0.7683633497286806
112	3	-0.7304117684673272
112	4	-0.7422482286955088
112	5	-0.6626180701262925
112	6	-0.7565209478097898
112	7	-0.7228829179693719
112	8	-0.648560362831148
112	9	-0.7562512693528802
112	10	-0.7160857440311972
112	11	-0.7534002223284872
112	12	-0.776994884085731
112	13	-0.723030386519099
112	14	-0.7564017877768023
112	15	-0.7685235784279811
112	16	-0.7409394155501303
112	17	-0.8363692539121814
112	18	-0.8089743499736386
112	19	-0.846657538361022
112	20	-0.47907168085454543
112	21	-0.5346010905751726
112	22	-0.38436597464663436
112	23	-0.10279076513108265
112	24	-0.1092225720550104
112	25	-0.2780955385061503
112	26	-0.2812938649694061
112	27	0.026276333215250247
112	28	-0.3066964112417594
113	1	-0.6366307283323067
113	2	-0.7220206287451276
113	3	-0.6723175124735263
113	4	-0.7159661929994598
113	5	-0.7089685144318452
113	6	-0.7704310440509587
113	7	-0.7422540107193214
113	8	-0.675486151718431
113	9	-0.7726989417009591
113	10	-0.7280563925471029
113	11	-0.6395711494560814
113	12	-0.7066514036421836
113	13	-0.6914511531017169
113	14	-0.677524429839444
113	15	-0.7027910999996436
113	16	-0.6785207070898025
113	17	-0.6764039516513947
113	18	-0.6657205459032554
113	19	-0.6836788034307659
113	20	-0.32350538922318606
113	21	-0.3628394259830756
113	22	-0.28887865057701845
113	23	-0.3885523966382465
113	24	-0.10822859004135665
113	25	0.06204051591561921
113	26	0.46661009008085585
113	27	0.7223014033125565
113	28	-1.0883687085390576
114	1	-0.7059590790617989
114	2	-0.7401491281006471
114	3	-0.727473519168683
114	4	-0.7804720900235509
114	5	-0.7286154368149056
114	6	-0.7709679974897341
114	7	-0.7834204875874704
114	8	-0.7520430495411787
114	9	-0.7633596325954812
114	10	-0.7595747492237379
114	11	-0.8109232377460884
114	12	-0.8432965900760081
114	13	-0.812633679904863
114	14	-0.8721398093509123
114	15	-0.8306711920388281
114	16	-0.8184330470662573
114	17	-0.8055865818222685
114	18	-0.8017442208351326
114	19	-0.816040740528905
114	20	-0.5404605050624767
114	21	-0.5224253900206008
114	22	-0.33575406065922664
114	23	-0.4143222136005349
114	24	-0.06242181273334779
114	25	0.39862355677527006
114	26	-0.01162592634798898
114	27	0.9570503079300181
114	28	0.6841418846812815
115	1	-0.8299964724257336
115	2	-0.8870257464612479
115	3	-0.8658283522548373
115	4	-0.8600931054376275
115	5	-0.817848076358807
115	6	-0.8389389637491078
115	7	-0.8566140712493961
115	8	-0.8845630680067842
115	9	-0.863518113712459
115	10	-0.9380275031910017
115	11	-0.9498400653222134
115	12	-0.9602390394476785
115	13	-0.9264688769250071
115	14	-0.9866473752905591
115	15	-0.990957971288438
115	16	-0.8972876273494705
115	17	-0.93566113440707
115	18	-0.9643323989556194
115	19	-0.9415706003758544
115	20	-0.625283367489466
115	21	-0.7359784096141624
115	22	-0.7354175078305687
115	23	-0.9636082329588476
115	24	-1.3469693037181258
115	25	-1.2609228157585193
115	26	-1.7020401451328482
115	27	-1.0268265036641822
115	28	-2.1108430236075506
116	1	-1.1206674679527282
116	2	-1.1528572446860181
116	3	-0.9936787581963742
116	4	-1.1367396579838314
116	5	-1.0960580748729782
116	6	-0.9566449338950491
116	7	-0.9587423536543085
116	8	-1.0995748104839436
116	9	-1.0408013546805108
116	10	-0.9852342572775825
116	11	-0.8841216674440631
116	12	-0.8692420488039616
116	13	-0.8749705190976869
116	14	-0.8925620798879805
116	15	-0.7851574758645654
116	16	-0.8676087658042491
116	17	-0.7893172694355783
116	18	-0.8372092851952999
116	19	-0.8148730638517208
116	20	-0.5132519030410876
116	21	-0.4122285361803222
116	22	-0.3872447531672094
116	23	-0.23207824445997005
116	24	-0.5200017697165791
116	25	-1.1269845821782312
116	26	-1.01664349843589
116	27	-1.3573265036641828
116	28	0.1337112094937325
117	1	-0.8504423714528926
117	2	-0.9512064051005069
117	3	-0.8919991423948161
117	4	-0.9841357172346861
117	5	-0.9350927335501567
117	6	-0.9892487259500342
117	7	-0.9197405245700381
117	8	-0.8438281098831908
117	9	-0.9650648928739756
117	10	-0.9205848768915104
117	11	-0.8990082905001628
117	12	-0.8841383791862825
117	13	-0.9422827911368401
117	14	-0.9470916538498315
117	15	-0.9079729926586708
117	16	-0.950726269400711
117	17	-0.9721661706660853
117	18	-0.9349541097753473
117	19	-0.8908213625521597
117	20	-0.5735825594074271
117	21	-0.5054024617269093
117	22	-0.37568955410836224
117	23	-0.48655426694287485
117	24	-0.4973948585554453
117	25	-0.031739853374958216
117	26	-0.12438149546608201
117	27	-0.5188862520918605
117	28	0.04878406923872092
118	1	-1.0926619321373678
118	2	-1.2310362649626967
118	3	-1.154211016099147
118	4	-1.1904769177935535
118	5	-1.1672044928712353
118	6	-1.2268903447374626
118	7	-1.2513210185626633
118	8	-1.2593517605848916
118	9	-1.2890234112140675
118	10	-1.2491853033677103
118	11	-1.2218170550332204
118	12	-1.2472901948378876
118	13	-1.2718557542769062
118	14	-1.7772565034297187
118	15	-1.311905240552683
118	16	-1.3067925952039516
118	17	-1.3652636764986426
118	18	-1.2951609207560182
118	19	-1.3032112126926236
118	20	-0.9501781418478572
118	21	-0.8590961588038439
118	22	-0.7556416709994807
118	23	-0.5159617186399572
118	24	-0.8083386615878609
118	25	-0.9565042933124204
118	26	-1.0442474734082836
118	27	0.3525653882277098
118	28	-0.11869959089199966
119	1	-0.925272608471154
119	2	-1.0306368062875322
119	3	-1.001880597034969
119	4	-1.0654015175580511
119	5	-1.0031791328929742
119	6	-1.0447822704365706
119	7	-1.012292117215928
119	8	-0.9904569180539013
119	9	-1.0718342141081294
119	10	-1.0778302876976014
119	11	-1.0510870404442514
119	12	-1.0460621584499847
119	13	-1.0897582832592647
119	14	-1.2302624637562687
119	15	-1.1266143713506196
119	16	-1.0656333468953676
119	17	-1.0405762475142168
119	18	-1.0624110982306547
119	19	-1.0741420395350616
119	20	-0.8314264024846167
119	21	-0.6934736672635964
119	22	-0.7655831741495263
119	23	-1.0906648083781647
119	24	-1.0214658432810282
119	25	-1.233985489423226
119	26	-0.5903485119578349
119	27	-0.24449891745728536
119	28	-0.42488923092711417
120	1	-1.0247843680908204
120	2	-1.0653558309316864
120	3	-1.0751665124701901
120	4	-1.0880054789640354
120	5	-1.0864454958334164
120	6	-1.1896305074231037
120	7	-1.1056254886818664
120	8	-1.0773645160713912
120	9	-1.1398710330478323
120	10	-1.0963399509771392
120	11	-1.1239605517233997
120	12	-1.1816583284108262
120	13	-1.1531234763866252
120	14	-1.1841318271609822
120	15	-1.2043989812206775
120	16	-1.1885853160155762
120	17	-1.2211526409512103
120	18	-1.217861307759442
120	19	-1.3163692076481013
120	20	-1.0064579972965007
120	21	-1.0204961212120764
120	22	-0.9868557352234717
120	23	-0.9144190752051529
120	24	-1.032983244178034
120	25	-1.1441101936263607
120	26	-1.091959459472129
120	27	-1.142267680134772
120	28	-0.11124008535065144
>>END_MODULE
>>Per sequence quality scores	pass
#Quality	Count
2	239344.0
3	5120.0
4	2342.0
5	2758.0
6	3828.0
7	6006.0
8	5484.0
9	3952.0
10	3904.0
11	4827.0
12	6151.0
13	7334.0
14	8449.0
15	9437.0
16	9622.0
17	11165.0
18	13659.0
19	17958.0
20	23316.0
21	28382.0
22	32445.0
23	36891.0
24	40749.0
25	43307.0
26	41723.0
27	41920.0
28	47304.0
29	52197.0
30	59174.0
31	68087.0
32	81501.0
33	99780.0
34	128581.0
35	189792.0
36	315963.0
37	569109.0
38	1178296.0
39	3294345.0
40	769207.0
>>END_MODULE
>>Per base sequence content	fail
#Base	G	A	T	C
1	5.81887497071913	36.06927675342066	48.71506989220734	9.396778383652876
2	22.37773757947306	41.20759163703928	20.03830206878392	16.376368714703744
3	14.314151798621278	21.796780475177627	15.217051402375557	48.67201632382554
4	23.163107892076603	48.59238320282383	13.064930893601936	15.179578011497629
5	24.10986792803111	25.545615332977317	37.74902847492386	12.595488264067706
6	23.92032741384616	14.432706520462899	46.38346383623764	15.263502229453305
7	17.38483134799129	24.933933362822152	17.91602990054254	39.76520538864401
8	19.74434553680867	44.273129720104556	19.864144417557405	16.11838032552937
9	16.370199198790843	42.44875895742855	30.82438928758915	10.35665255619146
10	24.189858236436265	19.96793724025973	20.870393710378842	34.97181081292516
11	45.51341930048062	6.653762309904739	16.547531928487437	31.285286461127203
12	15.381583941590273	13.558945481839718	28.708634796348537	42.350835780221466
13	16.648192841413817	20.16208899181692	45.919514716577496	17.270203450191772
14	41.97002423857464	26.28445320736969	21.0041569548663	10.741365599189374
15	39.710744203734144	16.205191830171252	32.96638744958704	11.117676516507565
16	14.28003496012344	14.260830348244516	28.948147014835662	42.51098767679638
17	38.06913630857654	19.491073990502183	31.148815158549937	11.290974542371341
18	41.325933057400135	14.597099135720182	22.40990342338191	21.66706438349777
19	26.293666994789987	14.40752634976595	43.72061734460997	15.578189310834093
20	62.51188971631613	11.511075978102147	18.24220632455181	7.734827981029918
21	16.260124237018427	33.50154157101272	24.490376714777824	25.747957477191026
22	43.807896766488916	10.213150535838189	35.52366103638692	10.455291661285973
23	12.86780138642501	24.23127355900239	45.20778668263276	17.69313837193984
24	20.120187219229955	20.511648281863724	38.69246419079427	20.67570030811205
25	21.18440442897973	17.556246750409947	21.629271384225373	39.630077436384944
26	13.042660446918969	16.635735125690733	29.259147794246733	41.06245663314356
27	13.646985200620469	19.51414362654701	29.237262747238844	37.601608425593675
28	12.308782873750621	27.599064294321966	20.034025661019353	40.05812717090806
>>END_MODULE
>>Per sequence GC content	fail
#GC Content	Count
0	3.0
1	3.0
2	3.5
3	5.0
4	6.0
5	6.0
6	7.5
7	13.5
8	24.5
9	39.5
10	48.0
11	55.5
12	72.0
13	97.0
14	136.5
15	205.0
16	297.5
17	432.0
18	679.5
19	964.0
20	2714.5
21	5020.0
22	5750.0
23	6215.5
24	7497.5
25	15710.5
26	28600.5
27	34317.5
28	43047.0
29	53785.5
30	125759.5
31	240781.5
32	292332.0
33	364405.0
34	526836.0
35	624928.5
36	693429.5
37	730333.0
38	719836.5
39	834096.5
40	931394.5
41	950705.0
42	962924.5
43	1183565.5
44	1432717.5
45	1595946.0
46	2076249.5
47	2419432.5
48	2427208.5
49	2433022.0
50	2001210.0
51	1569398.0
52	1160075.5
53	722226.5
54	630415.5
55	521969.0
56	461582.5
57	458119.0
58	468072.0
59	440631.5
60	418796.5
61	392650.0
62	383904.0
63	383073.0
64	335217.5
65	305863.5
66	256250.0
67	200685.0
68	166566.0
69	129871.0
70	112451.0
71	94343.0
72	78997.5
73	74144.5
74	58961.0
75	40846.0
76	30377.0
77	24311.0
78	22662.0
79	22247.0
80	21123.0
81	20430.5
82	21243.5
83	19913.0
84	18147.0
85	15083.5
86	10623.5
87	8250.5
88	7309.5
89	6725.0
90	6432.0
91	4843.5
92	2898.0
93	2008.0
94	1537.0
95	1408.5
96	1400.0
97	1011.0
98	403.5
99	185.0
100	185.0
>>END_MODULE
>>Per base N content	pass
#Base	N-Count
1	1.0611176866408323
2	0.0891061649444939
3	0.01660578545031998
4	0.001652582179646611
5	0.0
6	0.0
7	0.0
8	0.0
9	0.0
10	0.0
11	0.0
12	1.3327275642311381E-5
13	0.0
14	0.0010661820513849106
15	0.014953203270673369
16	3.998182692693414E-5
17	0.0
18	0.0
19	0.0
20	0.0
21	0.0
22	7.898260921419017E-5
23	0.01359703395812019
24	0.022045142573285402
25	0.0021535280943122247
26	0.0016719472333453155
27	0.0
28	0.0
>>END_MODULE
>>Sequence Length Distribution	warn
#Length	Count
17	211789.0
18	184536.0
19	224035.0
20	716288.0
21	1102355.0
22	2946297.0
23	1437687.0
24	355374.0
25	85806.0
26	89033.0
27	79674.0
28	70535.0
>>END_MODULE
>>Sequence Duplication Levels	fail
#Total Deduplicated Percentage	5.017423511459913
#Duplication Level	Percentage of deduplicated	Percentage of total
1	78.89504295959547	3.958498434831142
2	7.884060551253063	0.7911534155126142
3	3.177137322571429	0.4782313050422005
4	1.7960970251092248	0.3604711777058492
5	1.193694959148211	0.2994636576770708
6	0.844932171574473	0.2543629525947985
7	0.6376385488053653	0.2239511852612453
8	0.5053596919913163	0.20284828802730961
9	0.3854363042079366	0.1740507457412805
>10	3.2506715762883998	3.3645397652343014
>50	0.5607481699171586	1.9774917362404412
>100	0.6007222213454284	6.438224265890769
>500	0.10537128430039851	3.6926637387568175
>1k	0.11702037100697522	12.622623063940255
>5k	0.025151437207381548	9.196364482605333
>10k+	0.02091540567771729	55.96506178493858
>>END_MODULE
>>Overrepresented sequences	fail
#Sequence	Count	Percentage	Possible Source
AACATTCAACGCTGTCGGTGAG	654232	8.71913019802066	No Hit
AACATTCAACGCTGTCGGTGAGT	578704	7.712547723308166	No Hit
TTCACAGTGGCTAAGTTCTG	279285	3.7221081777629337	No Hit
TTCAAGTAATCCAGGATAGGCT	271782	3.622113628618672	No Hit
AAGCTGCCAGTTGAAGAACTGT	201882	2.6905370612211064	No Hit
TGAGGTAGTAGGTTGTATAGTT	152644	2.0343286631449784	No Hit
AACATTCAACGCTGTCGGTGA	139909	1.864605807840143	No Hit
TGAGGTAGTAGATTGTATAGTT	99429	1.3251176898393784	No Hit
TCGGATCCGTCTGAGCTTGGCT	84285	1.1232894275122147	No Hit
TCTTTGGTTATCTAGCTGTATGA	77045	1.0267999518618804	No Hit
TTCACAGTGGCTAAGTTCTGC	68451	0.9122653449918564	No Hit
TGAGATGAAGCACTGTAGCT	56886	0.7581354021885253	No Hit
TATTGCACTCGTCCCGGCCTCC	47286	0.630193556022336	No Hit
TGAGGTAGTAGGTTGTATAGT	45868	0.6112954791615385	No Hit
CCTGTCTGAGCGTCGCT	43464	0.5792567085174218	No Hit
TCACAGTGAACCGGTCTCTTT	41628	0.5547878304381382	No Hit
CAACGGAATCCCAAAAGCAGCTG	41280	0.5501499385146138	No Hit
TGAGGTAGTAGTTTGTACAGTT	41218	0.5493236474247906	No Hit
AACATTCATTGCTGTCGGTGGG	41121	0.5480309016874864	No Hit
AACATTCAACGCTGTCGGTGAGA	37459	0.49922641828534203	No Hit
TCGAGGAGCTCACAGTCTAGT	36822	0.4907369437011897	No Hit
TGTAAACATCCTCGACTGGAAGCT	36649	0.4884313250150698	No Hit
TTCAAGTAATCCAGGATAGGCC	36630	0.48817810677786594	No Hit
TATTGCACTTGTCCCGGCCTGT	35894	0.4783692319051247	No Hit
TGAGATGAAGCACTGTAGCTC	35874	0.4781026863922785	No Hit
TGAGGTAGTAGGTTGTATGGTT	35693	0.47569044950102013	No Hit
AGCAGCATTGTACAGGGCTATGA	34882	0.46488202895510566	No Hit
TGAGATGAAGCACTGTAGCTCT	33547	0.44709011597261994	No Hit
TCTTTGGTTATCTAGCTGTATG	32021	0.42675269334245275	No Hit
TGTAAACATCCTCGACTGGA	30033	0.40025806936553776	No Hit
TGAGGTAGTAGATTGTATAGT	29693	0.39572679564715185	No Hit
AACATTCAACGCTGTCGGTGAGC	28454	0.3792143011263281	No Hit
TCCAGCATCAGTGATTTTGTT	27950	0.3724973542026031	No Hit
AGCTGGTGTTGTGAATCAGGCCG	27759	0.36995184455492164	No Hit
TGAGGTAGTAGGTTGTGTGGTT	26910	0.35863698753459927	No Hit
TTCAAGTAATCCAGGATAGGCA	26633	0.35494533218167906	No Hit
TGTAAACATCCTTGACTGGAAGCT	26380	0.35157353144417425	No Hit
TGAGGTAGTAGTTTGTGCTGTT	24750	0.3298500721472067	No Hit
TTCAAGTAATCCAGGATAGGC	24404	0.32523883477496696	No Hit
TAGCAGCACGTAAATATTGGCG	23638	0.31503014163295645	No Hit
TCCCTGAGACCCTAACTTGTGA	23512	0.31335090490202516	No Hit
CATTATTACTTTTGGTACGCG	22833	0.30430168474089575	No Hit
AACATTCAACGCTGTCGGTGAGTT	21647	0.28849553582911447	No Hit
TCTTTGGTTATCTAGCTGTAT	21497	0.28649644448276773	No Hit
TATTGCACTTGTCCCGGCCTGTAA	20955	0.279273061084635	No Hit
GCTAAATTTGACTGGCTT	20691	0.2757546603150648	No Hit
TGAGATGAAGCACTGTAGCTCA	19898	0.26518613073071184	No Hit
TGAGACCTCTGGGTTCTGAGCT	19807	0.2639733486472615	No Hit
AACATTCATTGCTGTCGGTGGGT	19626	0.2615611117560032	No Hit
CGCCTGTCTGAGCGTCGCT	19505	0.25994851140328346	No Hit
TCCAGCATCAGTGATTTTGTTG	17107	0.2279897044130208	No Hit
AACATTCAACGCTGTCGGTG	17082	0.22765652252196303	No Hit
AATATAACACAGATGGCCTGT	16935	0.22569741300254323	No Hit
TGTAAACATCCCCGACTGGAAGCT	16620	0.22149932117521515	No Hit
TGAGGTAGTAAGTTGTATTGTT	16461	0.21938028434808765	No Hit
TATTGCACTTGTCCCGGCCTGTA	15147	0.2018682441540905	No Hit
TCGGATCCGTCTGAGCTTGGCTT	14955	0.1993094072307667	No Hit
TCGGATCCGTCTGAGCTTGGCC	14612	0.1947381516854539	No Hit
GTACAGTACTGTGATAACTGA	14376	0.19159291463386843	No Hit
CCTGTCTGAGCGTCGCC	14309	0.19069998716583356	No Hit
TGTAAACATCCTACACTCTCAGCT	13811	0.18406300389596247	No Hit
TTCACAGTGGCTAAGTTCTGCT	13603	0.18129093056236173	No Hit
TACAGTACTGTGATAACTGACT	13579	0.18097107594694625	No Hit
CTAGACTGAAGCTCCTTGAGGA	13191	0.17580009299772945	No Hit
TAGCACCATCTGAAATCGGTT	13156	0.17533363835024854	No Hit
TCGGATCCGTCTGAGCTTGG	13134	0.17504043828611768	No Hit
AACCCGTAGATCCGAACTTGTG	12896	0.17186854668324758	No Hit
TCGGATCCGTCTGAGCTTGGC	12586	0.16773709123413105	No Hit
AACATTCAACGCTGTCGGTGAGG	12579	0.16764380030463488	No Hit
AACATTCAACCTGTCGGTGAGT	11618	0.15483628841237362	No Hit
TCACAGTGAACCGGTCTCTT	11245	0.14986521459779148	No Hit
TAGCTTATCAGACTGATGTTGA	11213	0.14943874177723754	No Hit
AACATTCAACCTGTCGGTGAGTT	11183	0.14903892350796819	No Hit
TTCAAGTAATTCAGGATAGGTT	11114	0.1481193414886487	No Hit
TCGGATCCGTCTGAGCTTGGCA	10665	0.14213539472525089	No Hit
AACATTCATTGCTGTCGGTGGA	10557	0.14069604895588125	No Hit
TATTGCACTCGTCCCGGCCTCA	10448	0.13924337591086933	No Hit
TCGAGGAGCTCACAGTCTAGTA	10221	0.13621808434006463	No Hit
TGAGGTAGGAGGTTGTATAGTT	10206	0.13601817520542994	No Hit
CCCCCCACTGCTAAATTTGACTGGCTT	9968	0.13284628360255984	No Hit
GTCAGGATGGCCGAGCGGTCTAAGGC	9943	0.13251310171150205	No Hit
AACATTCAACGCTGTCGGTGAC	9790	0.13047402853822843	No Hit
TATTGCACTCGTCCCGGCCTC	9774	0.13026079212795144	No Hit
AGCAGCATTGTACAGGGCTATG	9770	0.13020748302538218	No Hit
TACCTGGTTGATCCTGCC	9656	0.1286881736021587	No Hit
TATTGCACTTGTCCCGGCCTGTAT	9609	0.12806179164697007	No Hit
AACATTCAACGCTGTCGGTGAA	9588	0.12778191885848153	No Hit
TAGTAGACCGTATAGCGTACG	9443	0.12584946389034637	No Hit
CTAGACTGAAGCTCCTTGAGG	9431	0.12568953658263865	No Hit
ATAGTAGACCGTATAGCGTACG	9428	0.1256495547557117	No Hit
TGAGATGAAGCACTGTAGCC	9168	0.12218446308871074	No Hit
TATACAAGGGCAAGCTCTCTGT	9149	0.12193124485150683	No Hit
TTCAAGTAATCCAGGATAGGCTT	9148	0.12191791757586452	No Hit
TCGTACGACTCTTAGCGG	9068	0.12085173552447961	No Hit
TTCAAGTAATCCAGGATAGGCG	9027	0.12030531722314484	No Hit
TGAGGTAGTAGGTTGTGTGGT	8969	0.11953233523589078	No Hit
AACATTCAACGCTGTCGGT	8828	0.11765318937032487	No Hit
CGCGACCTCAGATCAGA	8764	0.11680024372921695	No Hit
AAACCGTTACCATTACTGAGT	8711	0.11609389812017444	No Hit
TGTAAACATCCTCGACTGGAA	8706	0.11602726174196289	No Hit
AGAATTGTGGCTGGACATCTGT	8702	0.11597395263939364	No Hit
TTCACAGTGGCTAAGTTCTGCA	8698	0.1159206435368244	No Hit
AGCTACATCTGGCTACTGGGTCTC	8698	0.1159206435368244	No Hit
TTATAAAGCAATGAGACTGATT	8657	0.11537422523548962	No Hit
AGCAGCATTGTACAGGGCTATGT	8525	0.11361502485070453	No Hit
AACATTCAACGCTGTCGGTGT	8510	0.11341511571606987	No Hit
TGAGATGAAGCACTGTAGCTCC	8375	0.11161593350435782	No Hit
TCCTGTACTGAGCTGCCCCGAG	8368	0.11152264257486165	No Hit
AACATTCATTGCTGTCGGTG	8324	0.11093624244659994	No Hit
ATAGGCGATAGAAATTGAAACCT	8293	0.11052309690168828	No Hit
TCCCTGAGACCCTTTAACCTGT	8187	0.10911040568360326	No Hit
TACAGTACTGTGATAACTGACC	8083	0.10772436901680289	No Hit
TCGGATCCGTCTGAGCTTGGCTA	8073	0.10759109626037978	No Hit
AACATTCATTGCTGTCGGTGGGA	7814	0.10413933186902115	No Hit
TTCACAGTGGCTAAGTTCT	7793	0.1038594590805326	No Hit
AACATTCAACGCTGTCGGTGG	7786	0.10376616815103643	No Hit
CACCCGTAGAACCGACCTTGCG	7722	0.10291322250992847	No Hit
TAGCACCATCTGAAATCGGTTA	7656	0.10203362231753595	No Hit
AGCTACATTGTCTGCTGGGTTT	7575	0.10095411299050872	No Hit
GTACAGTACTGTGATAACTGAA	7568	0.10086082206101253	No Hit
TCGGATCCGTCTGAGCTTGGCTAT	7548	0.1005942765481663	No Hit
>>END_MODULE
>>Adapter Content	pass
#Position	Illumina Universal Adapter	Illumina Small RNA 3' Adapter	Illumina Small RNA 5' Adapter	Nextera Transposase Sequence	SOLID Small RNA Adapter
1	0.0	0.0	0.0	0.0	0.0
2	0.0	0.0	0.0	0.0	0.0
3	0.0	0.0	0.0	0.0	0.0
4	0.0	0.0	0.0	0.0	0.0
5	0.0	0.0	0.0	0.0	0.0
6	0.0	0.0	0.0	0.0	0.0
7	0.0	0.0	0.0	0.0	0.0
8	0.0	0.0	0.0	0.0	0.0
9	0.0	0.0	0.0	0.0	0.0
10	0.0	0.0	0.0	0.0	0.0
11	0.0	0.0	0.0	0.0	0.0
12	0.0	0.0	0.0	0.0	0.0
13	0.0	0.0	0.0	0.0	0.0
14	0.0	0.0	0.0	0.0	0.0
15	0.0	0.0	0.0	0.0	0.0
16	0.0	0.0	0.0	0.0	0.0
>>END_MODULE
>>Kmer Content	warn
#Sequence	Count	PValue	Obs/Exp Max	Max Obs/Exp Position
ATAGACG	5	0.0031138984	1621.082	22
GCGACCA	80	0.0	1317.1292	22
TCTGATA	185	0.0	1270.5778	22
CCTGACC	310	0.0	967.42	22
TATGAAC	35	2.0372681E-10	926.33264	22
ATGGCCA	115	0.0	916.2638	22
GGAATAA	225	0.0	828.55304	22
GCCCATT	50	1.8189894E-12	810.5411	22
ATGGCTA	20	4.0863917E-5	810.541	22
TTAACCA	40	3.947207E-10	810.541	22
TAGTCTT	165	0.0	785.9792	22
GGCGACC	380	0.0	743.23584	21
GCGACCC	445	0.0	710.3619	22
TTCGCCA	60	3.6379788E-12	675.4508	22
GCACCCA	110	0.0	663.17	22
TGCACCA	110	0.0	663.17	22
GCCTGAC	235	0.0	660.1591	21
TTCGCCC	75	0.0	648.4328	22
GGATTCC	340	0.0	619.8255	22
GTGCACC	135	0.0	618.7816	21
>>END_MODULE
