##FastQC	0.11.5
>>Basic Statistics	pass
#Measure	Value
Filename	cc3
File type	Conventional base calls
Encoding	Illumina 1.5
Total Sequences	5811346
Sequences flagged as poor quality	0
Sequence length	17-28
%GC	46
>>END_MODULE
>>Per base sequence quality	pass
#Base	Mean	Median	Lower Quartile	Upper Quartile	10th Percentile	90th Percentile
1	36.78863020718436	39.0	38.0	40.0	32.0	40.0
2	36.673650132000404	39.0	38.0	40.0	31.0	40.0
3	36.67362586911879	40.0	38.0	40.0	31.0	40.0
4	36.589454319188704	39.0	38.0	40.0	31.0	40.0
5	36.65225526065734	39.0	38.0	40.0	31.0	40.0
6	36.505843396693294	39.0	38.0	40.0	31.0	40.0
7	36.704793519435945	40.0	38.0	40.0	31.0	40.0
8	36.62461003010318	40.0	38.0	40.0	31.0	40.0
9	36.57306224754127	40.0	38.0	40.0	31.0	40.0
10	36.63264431338282	40.0	38.0	40.0	31.0	40.0
11	36.87845311568095	40.0	38.0	40.0	32.0	40.0
12	36.77086822915035	40.0	38.0	40.0	31.0	40.0
13	36.74642139703951	40.0	38.0	40.0	31.0	40.0
14	36.71257897912119	40.0	38.0	40.0	31.0	40.0
15	36.66525706781183	39.0	38.0	40.0	31.0	40.0
16	36.74387052500402	40.0	38.0	40.0	32.0	40.0
17	36.55506039392595	39.0	38.0	40.0	31.0	40.0
18	36.61282846564369	39.0	38.0	40.0	31.0	40.0
19	36.45823949503107	39.0	38.0	40.0	31.0	40.0
20	36.482937609363496	39.0	38.0	40.0	31.0	40.0
21	36.373715440907326	39.0	38.0	40.0	31.0	40.0
22	36.67170230319271	40.0	38.0	40.0	31.0	40.0
23	36.119263575007515	39.0	37.0	40.0	30.0	40.0
24	36.219209808612824	39.0	38.0	40.0	31.0	40.0
25	36.14331329432107	39.0	37.0	40.0	30.0	40.0
26	36.072924053428814	39.0	37.0	40.0	31.0	40.0
27	36.36059881094785	39.0	38.0	40.0	31.0	40.0
28	36.076478792647166	39.0	37.0	40.0	30.0	40.0
>>END_MODULE
>>Per tile sequence quality	pass
#Tile	Base	Mean
1	1	-0.8316107442940819
1	2	-0.8506327892259833
1	3	-0.9399982565662128
1	4	-0.8605671853175494
1	5	-0.8541873323183964
1	6	-0.882576076612466
1	7	-0.9137072312785008
1	8	-0.8904971860351267
1	9	-0.8777603306132207
1	10	-0.9535853242940959
1	11	-0.7230294255825669
1	12	-0.8496165686214567
1	13	-0.764203186250576
1	14	-0.8173027893110003
1	15	-0.8448897032655864
1	16	-0.8342740534878956
1	17	-0.8358928394642717
1	18	-0.8557757527477108
1	19	-0.7966692323525564
1	20	-0.8230038341143668
1	21	-0.823424273796455
1	22	-0.7581920866451455
1	23	-0.7112251825537115
1	24	-0.2955331272472108
1	25	-0.5877965738598903
1	26	0.4040561751511049
1	27	-0.2159694358804174
1	28	0.6104111079655112
2	1	-0.8525723386250093
2	2	-1.0235572993222135
2	3	-0.9681626054789305
2	4	-0.9826468408687177
2	5	-0.9535549980670055
2	6	-1.0183157227707085
2	7	-0.9616239078643929
2	8	-0.9439385624029413
2	9	-1.009239254899498
2	10	-0.9617661256159877
2	11	-0.8281352100353274
2	12	-0.8233447657799644
2	13	-0.8689950512214111
2	14	-0.8745115211668022
2	15	-0.9094537635362343
2	16	-0.9072575342070337
2	17	-0.9292642077341355
2	18	-0.9594962130375464
2	19	-0.9006344702827676
2	20	-1.0036417532676438
2	21	-0.9040371351546597
2	22	-0.8740065367778129
2	23	-1.0022810517717033
2	24	-1.0739408896975249
2	25	0.001105766737360625
2	26	-0.3935186397917221
2	27	-0.8651732362283369
2	28	-0.2727197962180199
3	1	-0.682436650032237
3	2	-0.7956273118288522
3	3	-0.7874346246829518
3	4	-0.7817478036674856
3	5	-0.774060597963306
3	6	-0.8009347037814578
3	7	-0.7630363485111431
3	8	-0.7639301336540072
3	9	-0.8249039157317313
3	10	-0.767132382142826
3	11	-0.6864345294217813
3	12	-0.7073370199956841
3	13	-0.7246151696553653
3	14	-0.6986568841529177
3	15	-0.7563175195723844
3	16	-0.7432672947194376
3	17	-0.8133008863526854
3	18	-0.767688637516919
3	19	-0.7322766027299323
3	20	-0.8061895350385413
3	21	-0.7634930229758012
3	22	-0.6765704500425613
3	23	-0.6745886505844183
3	24	-0.9228660873069359
3	25	-0.27106172094736536
3	26	-0.10939490168025401
3	27	-0.3721860931326617
3	28	1.170575943130352
4	1	-0.617106906698595
4	2	-0.7066354633441208
4	3	-0.6593301795866182
4	4	-0.661560083302831
4	5	-0.660525230899303
4	6	-0.797982063689318
4	7	-0.6971475090867258
4	8	-0.6950631687907105
4	9	-0.801179317256981
4	10	-0.7298412648344978
4	11	-0.6280367100275726
4	12	-0.6717943601460732
4	13	-0.6910357852403664
4	14	-0.7229068241900549
4	15	-0.7134426260550413
4	16	-0.6845389339929753
4	17	-0.740117047171367
4	18	-0.7151682634930552
4	19	-0.7386731138240066
4	20	-0.6818837451795048
4	21	-0.6480654209495569
4	22	-0.4829029147055408
4	23	-0.40570689512514946
4	24	0.27781672768509225
4	25	0.1535161135921541
4	26	0.47361752748602015
4	27	-0.2711735761909466
4	28	-1.0427357451813393
5	1	-1.0189007689111165
5	2	-1.095035598691254
5	3	-0.7951746124103494
5	4	-1.0014300680250159
5	5	-0.9529083658260404
5	6	-0.7751242909699698
5	7	-0.7642058621581782
5	8	-0.9187627596732284
5	9	-0.7940838462592126
5	10	-0.7999141677229318
5	11	-0.6934006605233378
5	12	-0.6488930097508003
5	13	-0.6718872417600963
5	14	-0.7031481932468253
5	15	-0.6541795501888714
5	16	-0.6624886299745967
5	17	-0.7207813760238935
5	18	-0.6023330458198544
5	19	-0.6408060346550926
5	20	-0.7169749197196111
5	21	-0.5614235173747488
5	22	-0.5830238420785463
5	23	-0.9823005012655557
5	24	-1.0300106242525118
5	25	-1.3674204758764716
5	26	-1.7297585575769006
5	27	-2.422825227842594
5	28	-0.6710516915300744
6	1	-0.658767877547497
6	2	-0.6512665577302101
6	3	-0.6286510232418792
6	4	-0.6065122736272386
6	5	-0.5640910536217447
6	6	-0.6779217269192301
6	7	-0.6714376990547493
6	8	-0.6592364750212099
6	9	-0.7879890999119894
6	10	-0.6326720955273828
6	11	-0.533531608982841
6	12	-0.5530547121791045
6	13	-0.5885302366803202
6	14	-0.6242262719531979
6	15	-0.6032191054950857
6	16	-0.5746330826191794
6	17	-0.5605182809503262
6	18	-0.5522224829301265
6	19	-0.5395269275853565
6	20	-0.5593649188378365
6	21	-0.5605240315930402
6	22	-0.5985606826398282
6	23	-0.544569230083269
6	24	-0.6951946359512675
6	25	-0.5223820067504121
6	26	-0.6896133689954951
6	27	-0.19910150411887173
6	28	0.411809709364114
7	1	-0.6013953283936644
7	2	-0.633577092669185
7	3	-0.608168173258619
7	4	-0.6410744015978054
7	5	-0.5800480614728372
7	6	-0.6096746687142414
7	7	-0.5520533118909583
7	8	-0.6166739167469544
7	9	-0.5986620384022316
7	10	-0.6377801691597043
7	11	-0.5376847621077303
7	12	-0.5805122182640545
7	13	-0.5851034230562959
7	14	-0.5975140012722164
7	15	-0.6457365512861912
7	16	-0.5822202749712986
7	17	-0.6129749242412146
7	18	-0.601483908177677
7	19	-0.6007782084458952
7	20	-0.6198928983661034
7	21	-0.5651297235068711
7	22	-0.5049918967301465
7	23	-0.6262236117376503
7	24	-0.48274404306589247
7	25	-0.5830613631496107
7	26	-0.11954558030919316
7	27	-0.2225668299097805
7	28	0.24698109535517432
8	1	-0.7450497115503012
8	2	-0.7293810209653486
8	3	-0.6985108802637541
8	4	-0.7060380169794129
8	5	-0.7032839593139144
8	6	-0.6625963147939302
8	7	-0.7099625266260503
8	8	-0.7049932836425228
8	9	-0.7054801511048439
8	10	-0.7190069690637273
8	11	-0.6419688070185927
8	12	-0.6777152639471211
8	13	-0.6434746499100328
8	14	-0.69035432670033
8	15	-0.6978892684665894
8	16	-0.6301222391193804
8	17	-0.7040165715373377
8	18	-0.6654458737021116
8	19	-0.6862285255278451
8	20	-0.6496711351792186
8	21	-0.6849067935308781
8	22	-0.7809572252295567
8	23	-0.8328530608217903
8	24	-0.5532088106820865
8	25	0.0298172513312025
8	26	-0.322984431059254
8	27	0.10782611315357116
8	28	-0.39357749602309156
9	1	-0.5683970920673147
9	2	-0.6199096582137571
9	3	-0.551322392400472
9	4	-0.6050932728762817
9	5	-0.5680852779577847
9	6	-0.6118828139867034
9	7	-0.6239202496278224
9	8	-0.6446690405628885
9	9	-0.6397625978052872
9	10	-0.6039931949590454
9	11	-0.5957370787343805
9	12	-0.5922601067956208
9	13	-0.6019917654093447
9	14	-0.6189135837506825
9	15	-0.6721330034882058
9	16	-0.6238872994261442
9	17	-0.6084329143323117
9	18	-0.6518809601588913
9	19	-0.6497050587683546
9	20	-0.6730122372042047
9	21	-0.6668375371380009
9	22	-0.5779120185709772
9	23	-0.3536876701540095
9	24	-0.44971920785715724
9	25	0.4885905042221026
9	26	1.0045009490577002
9	27	1.0857217807044108
9	28	1.4121527625373602
10	1	-0.4979533362356534
10	2	-0.5022170620585271
10	3	-0.5290996524242857
10	4	-0.5829490280999536
10	5	-0.5043940508919746
10	6	-0.5437353894613679
10	7	-0.5427659208533129
10	8	-0.5596967385510823
10	9	-0.5424870746611319
10	10	-0.5119627044278374
10	11	-0.37658707912269307
10	12	-0.3854710209013419
10	13	-0.44066499127914227
10	14	-0.4279943966392068
10	15	-0.4401147837260524
10	16	-0.4675953128152628
10	17	-0.4810479638869154
10	18	-0.4884274240433726
10	19	-0.48294566663307137
10	20	-0.5207708235565676
10	21	-0.5485076336651531
10	22	-0.3780869471522905
10	23	-0.3229945601536599
10	24	1.4921350216923202E-4
10	25	-0.22508470945311387
10	26	-0.7574715497569002
10	27	-0.8512621393303519
10	28	-1.397281199726791
11	1	-0.4728883822712433
11	2	-0.5031272305262959
11	3	-0.5051092021996695
11	4	-0.5604864995211685
11	5	-0.492316607648867
11	6	-0.5595893375424268
11	7	-0.507739558031929
11	8	-0.48134867942411574
11	9	-0.5703948091793549
11	10	-0.5833570259663006
11	11	-0.44651856679090685
11	12	-0.47244836076143315
11	13	-0.48064087800035793
11	14	-0.45879421986706603
11	15	-0.5191367462300391
11	16	-0.486017198345003
11	17	-0.6289505166304821
11	18	-0.46734391880834636
11	19	-0.49061783618802224
11	20	-0.5001944842556583
11	21	-0.526637842479964
11	22	-0.4713098343402393
11	23	-0.3918682150011321
11	24	-0.9234955861711001
11	25	-0.5141842355194655
11	26	-0.22428530228494026
11	27	-0.5209339748875124
11	28	0.8257957233501259
12	1	-0.3837323154172978
12	2	-0.42423715914370064
12	3	-0.4180379255093669
12	4	-0.42371052218431515
12	5	-0.43976717298189527
12	6	-0.5184737888619892
12	7	-0.44108896284552657
12	8	-0.5106432835997552
12	9	-0.48111595081693537
12	10	-0.4938255364414843
12	11	-0.4005527150812256
12	12	-0.4499374299848853
12	13	-0.47277963286627056
12	14	-0.4165706770929205
12	15	-0.41549820137323223
12	16	-0.43266922161382837
12	17	-0.4875279148529543
12	18	-0.4193934676079252
12	19	-0.44840151181536214
12	20	-0.5222176324382701
12	21	-0.564016883344415
12	22	-0.529042288724817
12	23	-0.5540779288165183
12	24	-0.8489769849890934
12	25	-1.2564572584727216
12	26	-1.8909519689516046
12	27	-0.9336653362436778
12	28	-0.978637131930185
13	1	-0.4506498484152033
13	2	-0.47982707569879324
13	3	-0.45809741335589393
13	4	-0.45661066564029085
13	5	-0.4853080642017531
13	6	-0.47107832159230156
13	7	-0.4160754490197718
13	8	-0.40826459587137265
13	9	-0.5045650578580023
13	10	-0.4179011379139297
13	11	-0.3873414899262144
13	12	-0.4203327166331192
13	13	-0.42960706731074083
13	14	-0.4426454173417298
13	15	-0.435023807670035
13	16	-0.3994993130583211
13	17	-0.44864266313334866
13	18	-0.37844501528041263
13	19	-0.3870477948760538
13	20	-0.37610595073657294
13	21	-0.4506414251155917
13	22	-0.41721612582988143
13	23	-0.13705174756578486
13	24	0.22672778125416215
13	25	0.07380827947677204
13	26	-0.08508850681548097
13	27	-0.6383807833981479
13	28	-0.29082958682356974
14	1	-0.41048370186392447
14	2	-0.4672664356390328
14	3	-0.4823351951176562
14	4	-0.4395683246605486
14	5	-0.4474906271286443
14	6	-0.4824741967623609
14	7	-0.4683451909100498
14	8	-0.46813924903960213
14	9	-0.4847159179750733
14	10	-0.4263252580566359
14	11	-0.4345924725442316
14	12	-0.42438579414569944
14	13	-0.43259318032486505
14	14	-0.48440363961295674
14	15	-0.4881540108497404
14	16	-0.4814907840391527
14	17	-0.5308224219668531
14	18	-0.5100896170376572
14	19	-0.4608552211694814
14	20	-0.5514387383458299
14	21	-0.4819869677394166
14	22	-0.5884029704359435
14	23	-0.2476036785349507
14	24	-0.21577106267911716
14	25	-0.7824617586334384
14	26	-0.8691832614686135
14	27	-0.8818895553279731
14	28	-0.34728119972679394
15	1	-0.32598407365276216
15	2	-0.35853659368198976
15	3	-0.3499905963075065
15	4	-0.3208649819068512
15	5	-0.3707187000056891
15	6	-0.340787961227754
15	7	-0.3742381135820452
15	8	-0.3671347489685033
15	9	-0.4304747746884985
15	10	-0.38899728947777845
15	11	-0.31323414253344595
15	12	-0.34356523464158073
15	13	-0.31815945750153674
15	14	-0.3028760003787383
15	15	-0.27393297547307327
15	16	-0.29422197245727233
15	17	-0.32904666114020387
15	18	-0.2535332931321932
15	19	-0.27373485705402345
15	20	-0.29521113861655124
15	21	-0.3304304384449921
15	22	-0.40352854008595074
15	23	-0.7043948099436932
15	24	-1.1195612529408407
15	25	-0.8258599032515619
15	26	-0.26506341128134636
15	27	-0.5716011223812032
15	28	-0.029484589557299046
16	1	-0.2229824436574006
16	2	-0.2114042120046875
16	3	-0.18607313823897442
16	4	-0.19069970532979852
16	5	-0.20483410453845607
16	6	-0.11914761959622666
16	7	-0.13754879134359044
16	8	-0.17100429227911462
16	9	-0.15830094332734035
16	10	-0.09497974388042962
16	11	-0.10660983708480387
16	12	-0.12484491557590616
16	13	-0.13106180204638207
16	14	-0.15148894323093032
16	15	-0.16566004922228927
16	16	-0.17190454754848616
16	17	-0.14930882769903064
16	18	-0.17728039078001245
16	19	-0.17802024556768004
16	20	-0.16298854820443154
16	21	-0.16677502150909618
16	22	-0.22259732642564956
16	23	-0.3473736181934086
16	24	0.2340261432695101
16	25	0.4139194399244772
16	26	1.151506393703798
16	27	1.3140720467905282
16	28	1.2360521336065418
17	1	-0.42348796888346385
17	2	-0.5082347296322922
17	3	-0.46425824503390345
17	4	-0.5027651795206793
17	5	-0.5233370614569708
17	6	-0.49543928908990864
17	7	-0.4747853619248872
17	8	-0.48675393083506435
17	9	-0.4663369161813904
17	10	-0.47511008438527824
17	11	-0.3378568342445476
17	12	-0.34541868077765514
17	13	-0.3558960562966931
17	14	-0.3485022376424851
17	15	-0.3908567404301948
17	16	-0.37951903333260617
17	17	-0.4132824948240881
17	18	-0.3550906597873791
17	19	-0.45137656849166774
17	20	-0.4353801697197923
17	21	-0.44166708373688124
17	22	-0.41620697231116566
17	23	-0.4144727086976161
17	24	-0.3304359378592423
17	25	-0.6113508038737123
17	26	-0.45883129459490846
17	27	0.5782229901867524
17	28	0.9404546493298085
18	1	-0.2098777695219809
18	2	-0.1956132553866894
18	3	-0.17885889418911916
18	4	-0.23736882262644343
18	5	-0.22557560311447844
18	6	-0.24261882083875008
18	7	-0.2274663905362786
18	8	-0.18061899249173052
18	9	-0.259952666074696
18	10	-0.2042287447006217
18	11	-0.13572566223690785
18	12	-0.1621574570138975
18	13	-0.1759403523361769
18	14	-0.2229557233065833
18	15	-0.2324429954016054
18	16	-0.1470160591087648
18	17	-0.1588745338915345
18	18	-0.21433655588327838
18	19	-0.2515783955917996
18	20	-0.28754663483532994
18	21	-0.3351906193844627
18	22	-0.32987683742032914
18	23	-0.1900268936681826
18	24	0.08847034973770462
18	25	-0.22508470945311387
18	26	0.10894173853138511
18	27	0.24293069201168294
18	28	0.5376394351938387
19	1	-0.2945737145363694
19	2	-0.24388067829305982
19	3	-0.25649295077218426
19	4	-0.26221475614410394
19	5	-0.27993623775239485
19	6	-0.2786347594815126
19	7	-0.2630736197369288
19	8	-0.27953790075554963
19	9	-0.34878851756105433
19	10	-0.3073737564514474
19	11	-0.2666182508432229
19	12	-0.2669288178647946
19	13	-0.3534818197660101
19	14	-0.286748863687734
19	15	-0.2952406827465168
19	16	-0.2811656757058074
19	17	-0.2748576595582364
19	18	-0.2930259590803246
19	19	-0.40837028020816035
19	20	-0.34545390899047845
19	21	-0.4575459015402785
19	22	-0.44829783951362145
19	23	-0.5330322134328753
19	24	-0.5744309995876336
19	25	-0.5809405653089712
19	26	-0.6539222172919068
19	27	0.12347106845370348
19	28	-0.3927357451813407
20	1	-0.11723321972183243
20	2	-0.2083119300434646
20	3	-0.1726116520697829
20	4	-0.18884256092285057
20	5	-0.21969827618011095
20	6	-0.19418829138842852
20	7	-0.16902241135218077
20	8	-0.14160814247166797
20	9	-0.17380123912860057
20	10	-0.16712059120908407
20	11	-0.13013789297806966
20	12	-0.11688021842384444
20	13	-0.11870758049962404
20	14	-0.19302794947677882
20	15	-0.116240767883383
20	16	-0.08471025522358389
20	17	-0.18501873873886154
20	18	-0.1465043994257016
20	19	-0.18720769422165517
20	20	-0.205388525843901
20	21	-0.1899356601536013
20	22	-0.21270771376301667
20	23	-0.2707611295291201
20	24	-0.0519204304819425
20	25	-0.17078606691917742
20	26	-0.12380173536419647
20	27	0.38648408146671187
20	28	-0.05806551345228428
21	1	-0.03305446032444337
21	2	-0.048449645783641415
21	3	-0.1440952896273089
21	4	-0.0630907868530528
21	5	-0.08951691729668454
21	6	-0.08879145547741274
21	7	-0.10165163965329072
21	8	-0.05968416576715185
21	9	-0.08677353886747596
21	10	-0.08209578181696742
21	11	0.0571081947637353
21	12	-0.02625462559795011
21	13	-0.03903621374116284
21	14	-0.020470334910847043
21	15	-0.03355747488826921
21	16	-0.07463331972677167
21	17	-0.0577442802086523
21	18	-0.06007927077108377
21	19	-0.10941402965913483
21	20	-0.15088775367721752
21	21	-0.11791380087169756
21	22	-0.19172443785400617
21	23	-0.06029065309549253
21	24	0.1749402523443564
21	25	0.4415819572135504
21	26	0.34309744028577427
21	27	1.1536192166018466
21	28	0.9936278911822995
22	1	-0.1132002383341586
22	2	-0.09416752725073962
22	3	-0.12343904414289852
22	4	-0.17551860454575774
22	5	-0.11930512814254968
22	6	-0.14072281712972767
22	7	-0.1692999729431648
22	8	-0.15928228928154198
22	9	-0.16289595392590428
22	10	-0.12345656761778656
22	11	-0.1094338041931806
22	12	-0.10502874731652412
22	13	-0.12771217028068094
22	14	-0.10158186123489799
22	15	-0.09614644988415222
22	16	-0.16147831476394003
22	17	-0.12073495073286011
22	18	-0.17540758587855265
22	19	-0.10801864787347171
22	20	-0.0657007320598808
22	21	-0.09687265125504751
22	22	-0.03208477942065713
22	23	-0.18645850380909224
22	24	0.13258152047657035
22	25	0.08909153575761763
22	26	0.5625627702774167
22	27	0.566395336004831
22	28	-0.5767332545213151
23	1	-0.1416704234693853
23	2	-0.17293587331695193
23	3	-0.15969952732041293
23	4	-0.23512841137193874
23	5	-0.19251796758622675
23	6	-0.20574432739035586
23	7	-0.24112669944873488
23	8	-0.2373834484730466
23	9	-0.19698225273562286
23	10	-0.20573556893101141
23	11	-0.1654548526658246
23	12	-0.12848289749750563
23	13	-0.17819724539717186
23	14	-0.19485500574386094
23	15	-0.21457038252146532
23	16	-0.1907074511832576
23	17	-0.1802904418965383
23	18	-0.15409462728678136
23	19	-0.25309124651606396
23	20	-0.21282331329391013
23	21	-0.20014195013118297
23	22	-0.11946678527385757
23	23	-0.3379334251507089
23	24	0.09084797312504378
23	25	-0.10870539910828825
23	26	0.14001214083023683
23	27	-0.42709873211610017
23	28	0.06144895900336422
24	1	-0.03004615901002694
24	2	0.014617287085506803
24	3	-0.01934966681552197
24	4	-0.0014128583591812571
24	5	-0.027605894107523454
24	6	-0.05455900344487219
24	7	-0.021862347754954214
24	8	-0.013255192946303396
24	9	-0.07860304135208906
24	10	-0.03826146088459126
24	11	0.07378550648410709
24	12	0.03291426830634947
24	13	-0.02731736499077897
24	14	0.016042899830097213
24	15	0.054837893675774296
24	16	0.037599628770358606
24	17	0.06402864663287033
24	18	0.08147500647384476
24	19	0.0727182768189536
24	20	0.019529826854892463
24	21	0.01686336457645865
24	22	0.06319769037702372
24	23	-0.287011607440256
24	24	-0.209163225501257
24	25	0.06241529054688755
24	26	-0.4999803629178885
24	27	-0.2364452995271833
24	28	1.2312902288446352
25	1	-0.06056311817714288
25	2	-0.02241705183418219
25	3	-0.022403085877144235
25	4	-0.0867000884115825
25	5	-0.0158131171920175
25	6	-0.0016068230702046549
25	7	-0.08745786067304806
25	8	-0.07720888460380593
25	9	-0.03497028151109305
25	10	-0.06696249524234332
25	11	-0.056545704566623556
25	12	-0.06276132847774107
25	13	2.5467988631788785E-4
25	14	-0.09397290351166987
25	15	-0.07274042859626917
25	16	-0.07675256761166338
25	17	-0.05150784307926415
25	18	-0.08527734208890081
25	19	-0.16936162460346083
25	20	-0.09516282261274256
25	21	-0.08751894722520603
25	22	-0.07445206746136535
25	23	-0.1121781864742033
25	24	-0.9875874762715711
25	25	0.29033379274952864
25	26	0.0994441895117788
25	27	0.19729489227752595
25	28	0.059581545371244715
26	1	-0.07661429133639786
26	2	-0.039373971466744706
26	3	0.11719576245751995
26	4	0.03045728635348155
26	5	0.031287370653323876
26	6	0.20256002542043916
26	7	0.1259632557292676
26	8	-0.06501166794978275
26	9	0.1196579356514178
26	10	0.1561477191799696
26	11	0.1072142853069451
26	12	0.14879837462459733
26	13	0.15912875772926327
26	14	0.09934179247709096
26	15	0.17099103889809442
26	16	0.0908847760313165
26	17	0.04946131740771165
26	18	0.15602280735107854
26	19	0.17411337241144054
26	20	0.1512317607346816
26	21	0.301390692485775
26	22	0.14189801979573957
26	23	0.2776508334253833
26	24	0.05135137123303224
26	25	-0.3250847094531153
26	26	-0.8251154648584418
26	27	-0.7653373051372796
26	28	-1.2790993815449738
27	1	-0.08734680564735697
27	2	-0.05120499092087982
27	3	-0.07328239746803433
27	4	-0.04299561046035194
27	5	-0.04079411799973798
27	6	-0.07166708879464778
27	7	-0.05436516785631795
27	8	-0.03344108131795309
27	9	-0.07340293331439796
27	10	-0.05495169459552329
27	11	-0.03295540961192245
27	12	-0.019871356326241596
27	13	0.021096228692194074
27	14	-0.10627355526276716
27	15	0.0026731679802836084
27	16	-0.04504379920187063
27	17	-0.04324769152508878
27	18	-0.09173500356396147
27	19	-0.012577077869998732
27	20	-0.07466942252323605
27	21	-0.06444044970682938
27	22	-0.07438226114040702
27	23	-0.15400215502197767
27	24	-0.2486303306913129
27	25	0.6427567002385146
27	26	0.6843747909658475
27	27	0.6940330097052936
27	28	0.9215867248015073
28	1	0.18135646150707885
28	2	0.24577376879924628
28	3	0.2112921697512533
28	4	0.1719569553671363
28	5	0.1635254401002726
28	6	0.220306911139879
28	7	0.2025113691071354
28	8	0.1801589404632935
28	9	0.17035902489737254
28	10	0.1730039507500436
28	11	0.24793764090662762
28	12	0.2673817530924296
28	13	0.21885674713769987
28	14	0.21011991127109297
28	15	0.19396750877833568
28	16	0.18194212693701672
28	17	0.20350837764722485
28	18	0.18340586816427162
28	19	0.2012817941384455
28	20	0.22279194574577588
28	21	0.10422889855099271
28	22	0.02860841460397978
28	23	-0.02343475286794927
28	24	0.06696517875631258
28	25	-0.26894435857592214
28	26	0.2565551351558568
28	27	0.05770169082865095
28	28	0.3932848380090519
29	1	0.11086469157034173
29	2	0.16093523673301746
29	3	0.12032716572910118
29	4	0.08196292091330548
29	5	0.0836015169922959
29	6	0.06844952242729363
29	7	0.07545520699642339
29	8	0.0889502695676967
29	9	0.07319276498049732
29	10	0.06074741456775712
29	11	0.12627833685355938
29	12	0.1254414740601817
29	13	0.0804523781972648
29	14	0.11363552239355812
29	15	0.11501650325297419
29	16	0.1253260628583064
29	17	0.1859966535726869
29	18	0.22197052800199657
29	19	0.22612222261428627
29	20	0.16784503114435978
29	21	0.23450860715782795
29	22	0.12123742146131633
29	23	-0.05902153299856394
29	24	0.42809986044608905
29	25	0.4932251497018143
29	26	-0.026759019044369836
29	27	-0.08042159972467999
29	28	0.3144835061555611
30	1	0.05017950226350365
30	2	0.15616723830136436
30	3	0.17179944000302072
30	4	0.08884653645683471
30	5	0.1327003953819812
30	6	0.20927687985759036
30	7	0.11524920749003087
30	8	0.11637741929387602
30	9	0.09169955064145086
30	10	0.11766455010365462
30	11	0.13383134240324068
30	12	0.13877093902885917
30	13	0.08261505390456847
30	14	0.09888231611439124
30	15	0.10828446485908927
30	16	0.1007063723840318
30	17	0.11809675548585119
30	18	0.04873916449955118
30	19	0.11596971245177201
30	20	0.18566568917121629
30	21	0.11908324173658968
30	22	0.11938458296552312
30	23	0.23552316864539335
30	24	0.011453697921261607
30	25	0.1696521326521463
30	26	-0.17905980467848792
30	27	-0.2398486733064047
30	28	0.14345954101394653
31	1	0.006022127776077468
31	2	0.12290170805377443
31	3	0.0035433566847515863
31	4	-0.018249749254060532
31	5	-3.928805933881563E-4
31	6	0.02382232247769167
31	7	0.04552660573723699
31	8	0.006868057015921636
31	9	-0.104960860432179
31	10	-8.791429180803334E-4
31	11	0.08037123287707004
31	12	0.1405465682058349
31	13	0.14806286377061184
31	14	0.10352133437162081
31	15	0.12285925875451653
31	16	0.09167614098038257
31	17	0.15263144143744967
31	18	0.11405095810498977
31	19	0.10590253794277515
31	20	0.06769129963723941
31	21	0.021362867289504095
31	22	0.014195481071141103
31	23	0.09199621508521716
31	24	-0.4962183869750234
31	25	-1.5230645074329132
31	26	-1.681304473589826
31	27	-2.5243577948924028
31	28	-4.5496621521077465
32	1	0.05994102872193707
32	2	0.07223185769267815
32	3	0.07818588102879431
32	4	0.0738278221623716
32	5	0.04422030871646854
32	6	0.1083642766941253
32	7	0.08590644949545378
32	8	0.10160723635890889
32	9	0.09909518096638692
32	10	0.08749632277488928
32	11	0.09913243790457926
32	12	0.09196589596034954
32	13	0.036184699024275346
32	14	0.08362442305171669
32	15	0.08357275246805074
32	16	0.12139096899971946
32	17	0.13505850500357752
32	18	0.12959133861782135
32	19	0.07556135820518506
32	20	0.08128751778551191
32	21	0.012430875033899724
32	22	0.05743480325209305
32	23	0.02966326509614703
32	24	0.033361691442266306
32	25	-0.293460777829182
32	26	-0.17584992813527833
32	27	-0.39581197605870244
32	28	-1.6151383425839398
33	1	0.18173773591924203
33	2	0.1946077003403417
33	3	0.261076249131861
33	4	0.25897583457076223
33	5	0.23739296540038168
33	6	0.346378514117049
33	7	0.2762604353102276
33	8	0.2876766386840046
33	9	0.3131916965165473
33	10	0.25974581843018996
33	11	0.26255585765649414
33	12	0.34898469451982095
33	13	0.3143254725535627
33	14	0.3460728170865721
33	15	0.30194980404962735
33	16	0.2700803147846216
33	17	0.2677159732863359
33	18	0.30985935752198657
33	19	0.3152347543567018
33	20	0.30019099805817007
33	21	0.2040316534813229
33	22	0.19182004127797114
33	23	0.32327921394389136
33	24	0.1929295637926458
33	25	-0.047118607758200426
33	26	0.34842680142446625
33	27	0.760749651384458
33	28	1.0068854669398704
34	1	0.20726523249853557
34	2	0.1866119285765393
34	3	0.20413403215921022
34	4	0.24775473535626702
34	5	0.16284012492787525
34	6	0.2314196761035916
34	7	0.18999512392412043
34	8	0.1737369263039028
34	9	0.1929039891854032
34	10	0.15312316580706664
34	11	0.1481519897454433
34	12	0.1836371659100564
34	13	0.14091977241622544
34	14	0.14455711624838585
34	15	0.10329899270463017
34	16	0.15733818431143476
34	17	0.12946305667907154
34	18	0.13307077437463022
34	19	0.18323651629265214
34	20	0.14793810933856832
34	21	0.12220228260435562
34	22	0.07665770772820224
34	23	-0.22397530585980263
34	24	-0.3903617816175853
34	25	0.004645020276612399
34	26	-0.7657200580054067
34	27	-0.1698701451002762
34	28	-2.357281199726792
35	1	0.17515723222281565
35	2	0.23414193363509384
35	3	0.18449317882124916
35	4	0.17998402428666793
35	5	0.17709624170726812
35	6	0.2267078290349076
35	7	0.2222569769027416
35	8	0.17904570889469085
35	9	0.21137387651639017
35	10	0.28611002803953056
35	11	0.2717088913680925
35	12	0.27593679491327805
35	13	0.2577915364044543
35	14	0.2149629870255083
35	15	0.254844985479167
35	16	0.2756995320178959
35	17	0.2747674268089142
35	18	0.2208475307567781
35	19	0.2519240738239148
35	20	0.22875252872754714
35	21	0.20484196686282985
35	22	0.1944740716312765
35	23	0.4697807410011734
35	24	0.3174665782670374
35	25	0.927296242927838
35	26	0.8771370848517321
35	27	1.6398987864943209
35	28	1.402718800273206
36	1	0.4353734320793805
36	2	0.4588918607131518
36	3	0.4630634481609164
36	4	0.43425560534407026
36	5	0.49100733615050274
36	6	0.47988645819008724
36	7	0.4593457355190438
36	8	0.4532026106003002
36	9	0.5237551453362812
36	10	0.47279031411286354
36	11	0.4301907551871835
36	12	0.47080495423182356
36	13	0.45667544686288153
36	14	0.4765789592340255
36	15	0.44997741830874105
36	16	0.3861406385014803
36	17	0.4314195529496203
36	18	0.4376557478081793
36	19	0.4883339188900564
36	20	0.411373379845692
36	21	0.405901739118093
36	22	0.3800406430853869
36	23	0.2945034847371062
36	24	0.8475326367760019
36	25	0.5510346935319603
36	26	0.02309046921571678
36	27	0.723746876176314
36	28	0.120110104621034
37	1	0.13659148638042495
37	2	0.24995872455909307
37	3	0.23045861549763913
37	4	0.22531553249400105
37	5	0.2286057044034635
37	6	0.21644505998831676
37	7	0.22862724140195212
37	8	0.24072349448295682
37	9	0.21062988336531419
37	10	0.252937047371816
37	11	0.20082594991647795
37	12	0.226468545137962
37	13	0.2904840176673602
37	14	0.17704873590193415
37	15	0.24657194333692445
37	16	0.1879695648190136
37	17	0.21249654141995222
37	18	0.2279205569056444
37	19	0.25710141484225346
37	20	0.2866698547152424
37	21	0.22487077918302134
37	22	0.16300709467600427
37	23	-5.852728640149962E-4
37	24	0.5131386973820611
37	25	0.448086022254202
37	26	0.16543212314677191
37	27	-0.5360730910904579
37	28	-2.3115669140125092
38	1	0.12345601327952238
38	2	0.1448379654883496
38	3	0.15374681595535122
38	4	0.12124435452174254
38	5	0.13548874320894555
38	6	0.18595803423861668
38	7	0.1281081077273356
38	8	0.18154121203952656
38	9	0.18727502412877328
38	10	0.1820814831843407
38	11	0.19090487288958968
38	12	0.19205169946831546
38	13	0.12568270572289464
38	14	0.14813197146305157
38	15	0.15931958832033644
38	16	0.21096958373782115
38	17	0.09275195437705008
38	18	0.17095291442625182
38	19	0.1813810395276576
38	20	0.21433301007236594
38	21	0.117285640357359
38	22	0.2270290382971325
38	23	0.33312721847501336
38	24	0.4300768502417185
38	25	0.49991529054688755
38	26	0.2405545662467432
38	27	0.4141812000729246
38	28	0.9624202928105206
39	1	0.18521779953458406
39	2	0.22500516722054442
39	3	0.23514763108253334
39	4	0.2303050949896175
39	5	0.17543581134252406
39	6	0.20523351124650446
39	7	0.20150756930649294
39	8	0.2267241766095509
39	9	0.22898229366687417
39	10	0.2541924505642612
39	11	0.2922191209101328
39	12	0.3162177789549929
39	13	0.2848924542670801
39	14	0.26568558331602077
39	15	0.24546076637829373
39	16	0.24653448658006027
39	17	0.2620683376624484
39	18	0.19108107438793098
39	19	0.26417728404848617
39	20	0.1922346188838091
39	21	0.11441948653464351
39	22	0.06921213646771207
39	23	-0.1197834292737383
39	24	-0.12109865758019822
39	25	0.4187509069852453
39	26	0.6277864355010863
39	27	0.050465370448002034
39	28	-0.19532041541307166
40	1	0.416687926228299
40	2	0.4323439634728885
40	3	0.43464022039873385
40	4	0.4113393435902992
40	5	0.41331393091970625
40	6	0.43029965767240697
40	7	0.4023733991678853
40	8	0.41687269586176967
40	9	0.38619256275288194
40	10	0.42435150756254103
40	11	0.39942340193891823
40	12	0.386303513118591
40	13	0.3990941968534685
40	14	0.43385970737745083
40	15	0.3932609115732504
40	16	0.4444157020445587
40	17	0.40949052532815955
40	18	0.39002594549707936
40	19	0.36089043594563464
40	20	0.4372085150504006
40	21	0.43224403149977064
40	22	0.5724389356539419
40	23	0.6867461479493571
40	24	0.6034497021667491
40	25	0.8073226979542909
40	26	0.5267267589812832
40	27	1.149278791069932
40	28	0.7471632447176475
41	1	0.21046929319484065
41	2	0.28118389298393254
41	3	0.310348839963666
41	4	0.3011805881091263
41	5	0.24440653687274505
41	6	0.3330954880158217
41	7	0.30079493158728354
41	8	0.3464189657514467
41	9	0.334904812783158
41	10	0.3207766063706501
41	11	0.3762395064386581
41	12	0.35449645662730944
41	13	0.38379413453991873
41	14	0.41897431794416207
41	15	0.33257277051083634
41	16	0.35939222786250724
41	17	0.38768645208942587
41	18	0.3916836458791977
41	19	0.3815093648902774
41	20	0.4239362033317704
41	21	0.41610368062257663
41	22	0.39625131719079576
41	23	0.41159235315995346
41	24	0.11541142465478771
41	25	0.33199291611766313
41	26	0.6883258960405456
41	27	1.102264377892169
41	28	0.40271880027320606
42	1	0.36751295547055207
42	2	0.4570077244903885
42	3	0.4720622462671713
42	4	0.40744071528379067
42	5	0.3965159141332748
42	6	0.4439560887145291
42	7	0.4272531897006573
42	8	0.4238751830189713
42	9	0.4007009014921721
42	10	0.3773788637870723
42	11	0.41246892342790886
42	12	0.38020733239518734
42	13	0.41605814935452656
42	14	0.34379105382367214
42	15	0.33163176098877756
42	16	0.3486546707634801
42	17	0.3610497418360694
42	18	0.34844159250909
42	19	0.3212429252718607
42	20	0.39498784814458787
42	21	0.36281190467563107
42	22	0.3669608763886032
42	23	0.5359823203538525
42	24	0.36993488063015434
42	25	0.6170205537047835
42	26	0.5546262623409106
42	27	0.41584998583261523
42	28	1.0427188002732066
43	1	0.2560851960130819
43	2	0.33240122738158107
43	3	0.32330686715802415
43	4	0.3312411755390059
43	5	0.3341024552576144
43	6	0.3951167846551229
43	7	0.36516974363787114
43	8	0.3656745620285804
43	9	0.3652275351014609
43	10	0.3395469127720645
43	11	0.41775112246898516
43	12	0.4591327181532421
43	13	0.36437866130788876
43	14	0.45632929144119316
43	15	0.43459543955925284
43	16	0.3984981310301805
43	17	0.316824316005885
43	18	0.40958152896285327
43	19	0.45384293542269205
43	20	0.41524025677584575
43	21	0.33466516217838915
43	22	0.3683230235815955
43	23	0.3717093207858113
43	24	0.07880944985056715
43	25	0.7853864947353699
43	26	0.7974834051980508
43	27	0.8073335023161334
43	28	1.902718800273206
44	1	0.2945144174816079
44	2	0.35149970564020805
44	3	0.40414726890580255
44	4	0.36585660895548244
44	5	0.37899723450208
44	6	0.4217268493364017
44	7	0.38124016908010816
44	8	0.3617810540196018
44	9	0.4162295810974257
44	10	0.4452809930250936
44	11	0.4877919179533876
44	12	0.5200330534788833
44	13	0.39675483701915937
44	14	0.3889133387760779
44	15	0.5019591295504497
44	16	0.4206011622611854
44	17	0.4409730535359202
44	18	0.43097437032441377
44	19	0.4024520230081592
44	20	0.4360647835305187
44	21	0.48757704189691253
44	22	0.5959088669323336
44	23	0.7104218572607621
44	24	0.401501103733402
44	25	0.39442748566883523
44	26	1.3070072147218639
44	27	0.9660636610462916
44	28	1.9265283240827316
45	1	0.1447638883663913
45	2	0.2175438983307032
45	3	0.4019035735527652
45	4	0.31062969102850246
45	5	0.2791090428729035
45	6	0.44729850974007235
45	7	0.37710609776216586
45	8	0.2501165778590959
45	9	0.4179000425846269
45	10	0.41473040467364797
45	11	0.4487278502760077
45	12	0.5340477267849408
45	13	0.4687548617009156
45	14	0.4951543684990867
45	15	0.5868321727497019
45	16	0.4469765841650144
45	17	0.4930426807796451
45	18	0.5063941612000065
45	19	0.5905402542951137
45	20	0.481433258447602
45	21	0.5337930887078883
45	22	0.5812930877340605
45	23	0.8021778966931095
45	24	0.6700962034774989
45	25	0.12419758719760665
45	26	-0.2682028693117502
45	27	0.7463383177254457
45	28	0.2070666263601595
46	1	0.5408078123293905
46	2	0.569974813593987
46	3	0.5923744257577184
46	4	0.5934869172961328
46	5	0.6064788599536968
46	6	0.5767648494376232
46	7	0.6395775505226311
46	8	0.6394416201899134
46	9	0.6885198659212151
46	10	0.6337568374573053
46	11	0.5117634081670559
46	12	0.5773020703861036
46	13	0.5990785778049812
46	14	0.6078421880655185
46	15	0.6591128657240333
46	16	0.6170302171088196
46	17	0.6994112383620816
46	18	0.6269017256196321
46	19	0.5932254572242144
46	20	0.6200073360539307
46	21	0.6093406191226762
46	22	0.47872642767425333
46	23	0.5569350894192979
46	24	0.5807395525596064
46	25	0.43980890756816393
46	26	0.6250196370821115
46	27	1.443841438824073
46	28	0.9860521336065418
47	1	0.3371047241097145
47	2	0.459215384981448
47	3	0.43442002436796656
47	4	0.3786928956892197
47	5	0.4254789661722853
47	6	0.44032587886702856
47	7	0.3693622694374241
47	8	0.4068138409463984
47	9	0.4193498099680042
47	10	0.3895118288741557
47	11	0.35588112576952824
47	12	0.3905303957987343
47	13	0.2552056769069182
47	14	0.323819861604413
47	15	0.3346803642078484
47	16	0.35456323909606624
47	17	0.3663387116275487
47	18	0.3740697790158407
47	19	0.3554927496350331
47	20	0.29077085542436265
47	21	0.28204032659427014
47	22	0.312427517950141
47	23	-0.01679176503025559
47	24	0.23155361579698308
47	25	0.15454492017651233
47	26	-0.11037222112891243
47	27	-0.36828904027888854
47	28	0.3932848380090519
48	1	0.4663578361429117
48	2	0.5063108206660942
48	3	0.5360797754053124
48	4	0.5461202815813309
48	5	0.4891719122303755
48	6	0.5855540946346594
48	7	0.5847149665328573
48	8	0.5599258741414204
48	9	0.6050344572709108
48	10	0.6376446089571459
48	11	0.6164620386325979
48	12	0.6749702298236286
48	13	0.6747077515957187
48	14	0.6694630151313845
48	15	0.6624811940833695
48	16	0.6605798366064377
48	17	0.6825212842416519
48	18	0.7010473558444659
48	19	0.7612041295988163
48	20	0.7053964229557366
48	21	0.7394383739450348
48	22	0.7381604633241778
48	23	0.9089339353593289
48	24	1.0131725782298986
48	25	1.4302344394830584
48	26	1.3978579370332582
48	27	1.313285883268513
48	28	1.449593800273206
49	1	0.4120897676602766
49	2	0.5048655254628969
49	3	0.4641238823022249
49	4	0.5126743855000555
49	5	0.504263428233557
49	6	0.48205555185135296
49	7	0.45268091561018764
49	8	0.4558949254265414
49	9	0.4431928358083823
49	10	0.44432068763374843
49	11	0.46740615085706594
49	12	0.436873118143275
49	13	0.4847739879242141
49	14	0.5046897985733523
49	15	0.4969968802328637
49	16	0.5024013007052872
49	17	0.5193255473319311
49	18	0.5091929267548565
49	19	0.5728620509905724
49	20	0.4935582951522832
49	21	0.45631325433060255
49	22	0.5214606019560293
49	23	0.48379167030226
49	24	0.12185291908149765
49	25	-0.5841756185440232
49	26	-0.6029551912931765
49	27	-1.7502254435923277
49	28	-0.19532041541307166
50	1	0.43705463031521674
50	2	0.5247095182274322
50	3	0.5229001155877171
50	4	0.5116260625103095
50	5	0.5230007245695631
50	6	0.48513512835339156
50	7	0.5083478525834906
50	8	0.5257140894886874
50	9	0.5081838856586742
50	10	0.5641453647428918
50	11	0.5398398141528489
50	12	0.5600181955076238
50	13	0.5112994293700126
50	14	0.5077587576843143
50	15	0.47481346306953043
50	16	0.5116620202054492
50	17	0.4812863671153593
50	18	0.46972436408218954
50	19	0.4728201606176725
50	20	0.4457590433592884
50	21	0.5286575224274941
50	22	0.5324673142409537
50	23	0.6184558673249683
50	24	0.9061402096254199
50	25	0.41081272644431976
50	26	-0.5188286515395362
50	27	-0.12786531948062674
50	28	-0.2972811997267968
51	1	0.5094369108696597
51	2	0.5902981156796869
51	3	0.6199514421558305
51	4	0.5873009344132072
51	5	0.5148318097890296
51	6	0.6391015432661433
51	7	0.5695872590882516
51	8	0.5845772019687274
51	9	0.6113629421611151
51	10	0.5957036340961395
51	11	0.6154521449135117
51	12	0.5983947064733357
51	13	0.6547685402863905
51	14	0.5965039201741007
51	15	0.6004077498351705
51	16	0.6308660209708492
51	17	0.6169237376792083
51	18	0.6730125088462131
51	19	0.6066962435520864
51	20	0.6067256098814724
51	21	0.6555916532830324
51	22	0.6763593367296252
51	23	0.6149752971338245
51	24	0.8154408450725583
51	25	1.073344609918614
51	26	1.1607017960026553
51	27	-0.4209095190303387
51	28	-0.34172564417124107
52	1	0.5367850630924664
52	2	0.6696686554244309
52	3	0.6301608520946544
52	4	0.6625135196852838
52	5	0.6332306570458712
52	6	0.7248430974965174
52	7	0.7478873535038275
52	8	0.7122225941529976
52	9	0.7416233012789988
52	10	0.739714636030655
52	11	0.7708823289380788
52	12	0.8155951937507666
52	13	0.8139127102484522
52	14	0.7566145513245601
52	15	0.7587922615469367
52	16	0.7583961078849839
52	17	0.784812854159064
52	18	0.8425908288956379
52	19	0.8400144718740705
52	20	0.8220272839092004
52	21	0.9006234405173998
52	22	0.8613625941321104
52	23	0.7050474183285615
52	24	0.8008812306281925
52	25	0.49872481435640736
52	26	0.49081673853138597
52	27	0.04739241247813908
52	28	0.5902188002732061
53	1	0.5633366184931319
53	2	0.6356753102547685
53	3	0.6672614777413557
53	4	0.6362254003494883
53	5	0.6914066329883539
53	6	0.7317446665922276
53	7	0.7419072059973075
53	8	0.7029729836909411
53	9	0.7624067045092389
53	10	0.7116438117283295
53	11	0.7016797118607698
53	12	0.7085399210597956
53	13	0.7224251880902202
53	14	0.7828585786071258
53	15	0.733554909791934
53	16	0.7309902922082827
53	17	0.7758843994222815
53	18	0.6635210861253071
53	19	0.7275537029374206
53	20	0.6063367272468625
53	21	0.7357626128995065
53	22	0.6210998222790849
53	23	0.6026728492380542
53	24	0.22339353263689787
53	25	0.16817371751317722
53	26	0.4817971306882498
53	27	0.6771747721574073
53	28	0.3799915275459327
54	1	0.47528942986722456
54	2	0.50938112626676
54	3	0.5586523355551023
54	4	0.5381241413838111
54	5	0.5463675840716249
54	6	0.5831020588856219
54	7	0.4916883310179969
54	8	0.5185310213840708
54	9	0.585103415717775
54	10	0.5219592601989902
54	11	0.5520836448931803
54	12	0.587605147546526
54	13	0.5902693564533834
54	14	0.5452866405039245
54	15	0.5484725032326807
54	16	0.5582878765426216
54	17	0.5836205005902357
54	18	0.5917298853962905
54	19	0.6519228296625457
54	20	0.5232367331152119
54	21	0.5006053558723664
54	22	0.5742123773448142
54	23	0.46949797679154415
54	24	0.7604573899254774
54	25	0.6691460597776526
54	26	0.5352910114620357
54	27	0.635021278457522
54	28	0.09502649258089946
55	1	0.651690257143386
55	2	0.7712816726368885
55	3	0.8006456539736249
55	4	0.7416134212587622
55	5	0.7790577700655135
55	6	0.8963843449594151
55	7	0.8055880087424256
55	8	0.7820473862737103
55	9	0.7562853497207627
55	10	0.799509324072524
55	11	0.8244557839418079
55	12	0.8346362958863978
55	13	0.8192027643894022
55	14	0.8159348100594386
55	15	0.8814891189466323
55	16	0.8514274377103774
55	17	0.8354459601029518
55	18	0.8323471373311477
55	19	0.8816735522296852
55	20	0.8097081097535366
55	21	0.8539911075231643
55	22	0.7606886822311978
55	23	0.8143699229735333
55	24	0.6006712628558049
55	25	1.1470083138027007
55	26	1.200215645635211
55	27	1.4549525499351788
55	28	1.0887653119011134
56	1	0.41906515149469215
56	2	0.5464054763374122
56	3	0.529677937470268
56	4	0.542723190636913
56	5	0.5457600459453715
56	6	0.6113208404025627
56	7	0.6093815360415817
56	8	0.5813799069753074
56	9	0.5885392377168657
56	10	0.6190053609963186
56	11	0.5945189621903779
56	12	0.670944728612362
56	13	0.6414708887708258
56	14	0.6378926860684189
56	15	0.6990915458043006
56	16	0.6594166909987607
56	17	0.7432055419961898
56	18	0.6547037136952483
56	19	0.7336860421732112
56	20	0.7462807542731937
56	21	0.7794195021022645
56	22	0.7717321240110877
56	23	0.780451542441611
56	24	0.9221058195844805
56	25	0.7865431975236277
56	26	0.033380841095493
56	27	0.25195629525353525
56	28	0.2827188002732086
57	1	0.40104433994095956
57	2	0.4465130011233356
57	3	0.48556073338639294
57	4	0.4984431194301635
57	5	0.48246911417415106
57	6	0.5379729007085814
57	7	0.49693972818403154
57	8	0.4914297091722233
57	9	0.4934971905347183
57	10	0.48241905589171097
57	11	0.49993997148812497
57	12	0.5625474296964086
57	13	0.5347738753669944
57	14	0.565436602604855
57	15	0.5503764389410222
57	16	0.4869023120319156
57	17	0.5317622292050785
57	18	0.5978863431777626
57	19	0.6562818565409643
57	20	0.6398804705916348
57	21	0.6470524022890061
57	22	0.6209792123166409
57	23	0.8405961491997616
57	24	0.8733723902428707
57	25	0.946343861975457
57	26	1.1227707615198952
57	27	1.1268823744965886
57	28	0.23605213360654176
58	1	0.6118010089519004
58	2	0.6814715119357402
58	3	0.7257319315746713
58	4	0.7465411630690042
58	5	0.6901279164724201
58	6	0.6687141550266844
58	7	0.7071965807558698
58	8	0.7128561322115488
58	9	0.8051802892197131
58	10	0.7947158672397521
58	11	0.7369690714204538
58	12	0.7665980438513884
58	13	0.7310988975933412
58	14	0.7475527944459017
58	15	0.7360709626336472
58	16	0.7132843266017872
58	17	0.7704660459449499
58	18	0.748767013773211
58	19	0.7412574370636946
58	20	0.7387946410097399
58	21	0.7379703749421154
58	22	0.6997187708327743
58	23	1.152139553803103
58	24	0.944998322075385
58	25	1.3034126998733129
58	26	0.949256454843443
58	27	1.6557655580652622
58	28	1.0217664193208265
59	1	0.6958380779153117
59	2	0.7738471838939205
59	3	0.7926210369958611
59	4	0.7933349931471625
59	5	0.7845321366263178
59	6	0.8995878289247017
59	7	0.8194407256292848
59	8	0.8147053354713165
59	9	0.8495018913976651
59	10	0.8561967832609625
59	11	0.7515604178287916
59	12	0.8479599537477114
59	13	0.8489980881896315
59	14	0.8185174214108812
59	15	0.889604754159464
59	16	0.8620905396038765
59	17	0.8152285284257843
59	18	0.8463413761654479
59	19	0.9411145118612154
59	20	0.8635921972330465
59	21	0.9252214786866162
59	22	0.8469154419914346
59	23	0.9773347835687289
59	24	1.0936586269683843
59	25	1.12036983600143
59	26	0.9375445672775626
59	27	0.23803712704960844
59	28	-0.036675139120731615
60	1	0.6501847025133216
60	2	0.7647590893675513
60	3	0.7279482790242184
60	4	0.7630196506796096
60	5	0.7305695993016101
60	6	0.7714413025452842
60	7	0.7247679758699022
60	8	0.7384793686422668
60	9	0.7039595457141914
60	10	0.679585415197451
60	11	0.7098415348928739
60	12	0.7211138383096554
60	13	0.7551163841133999
60	14	0.7084407353523332
60	15	0.7356354006612094
60	16	0.7077879737662087
60	17	0.755300196795126
60	18	0.7239765630460653
60	19	0.7648323966047172
60	20	0.7678685828444145
60	21	0.7811739163493527
60	22	0.7173997061758328
60	23	0.6620350064084448
60	24	0.4952094044527726
60	25	-0.1219919259479596
60	26	0.284439926937182
60	27	-0.350721208930068
60	28	-0.7251881764709793
77	1	0.5141052925642313
77	2	0.5103933112457426
77	3	0.4698943094598249
77	4	0.530199300163325
77	5	0.47991869807960086
77	6	0.47781375240461443
77	7	0.48601934839813765
77	8	0.4744883513777083
77	9	0.5229879188866136
77	10	0.4704429029128079
77	11	0.4514277781851206
77	12	0.3607282315868545
77	13	0.450245485742812
77	14	0.504885560650294
77	15	0.4279164362211674
77	16	0.4135412463736472
77	17	0.41821342016695695
77	18	0.4497376653091152
77	19	0.4430599169868401
77	20	0.5300458097346166
77	21	0.5261047438867976
77	22	0.3149427472182609
77	23	0.47834421244925807
77	24	0.053718801209178935
77	25	0.3069349949803808
77	26	-0.28154529237369275
77	27	-1.074534629551998
77	28	-1.9306145330601296
78	1	0.4176414444146772
78	2	0.4346885152314215
78	3	0.32463946909354036
78	4	0.4688878827013241
78	5	0.38960793422545237
78	6	0.406916642285033
78	7	0.3696017863554104
78	8	0.4127157402143524
78	9	0.4120833389630434
78	10	0.41556435392222824
78	11	0.2508453669057147
78	12	0.26268655408230757
78	13	0.2894878008484909
78	14	0.3557000694106449
78	15	0.3450386275415198
78	16	0.4094328541822563
78	17	0.449810357547328
78	18	0.4064192755260265
78	19	0.3132770142269834
78	20	0.4264419335341145
78	21	0.3736437509789994
78	22	0.36706694885074853
78	23	0.44541304474699217
78	24	0.2915627011997657
78	25	0.006494237915305234
78	26	0.19748340519805652
78	27	-0.06600964937753417
78	28	0.551841607290747
79	1	0.4007071043096033
79	2	0.3967767675635727
79	3	0.44725437890357256
79	4	0.4269250773238866
79	5	0.43804434180820095
79	6	0.4441671966087597
79	7	0.4411874518435184
79	8	0.49450096224347817
79	9	0.49857981326439926
79	10	0.41285216279540293
79	11	0.307065278613436
79	12	0.2850687478059655
79	13	0.3749000978461581
79	14	0.36582321916793603
79	15	0.3754535213710497
79	16	0.3380549352433633
79	17	0.3923574500944156
79	18	0.34970327831155856
79	19	0.36354392735849217
79	20	0.42525181378847776
79	21	0.5952704716381945
79	22	0.5261400905486084
79	23	0.5492363455921208
79	24	0.23804400041236562
79	25	0.02749261013451587
79	26	-0.28373725207894296
79	27	0.7148010347836689
79	28	1.4936278911822995
80	1	0.31700585981188567
80	2	0.3429356586394192
80	3	0.33825572827994677
80	4	0.40271411339909235
80	5	0.33585133066981854
80	6	0.25968529534679163
80	7	0.3121891273779127
80	8	0.33319689069325875
80	9	0.36943799565950286
80	10	0.3042918587177894
80	11	0.22941856773678637
80	12	0.2674714982195212
80	13	0.31255257467213937
80	14	0.33418720234080723
80	15	0.2787095618094
80	16	0.28179488928950036
80	17	0.30969962444079613
80	18	0.25945397597390496
80	19	0.30589575142537484
80	20	0.3544529770363454
80	21	0.25940418309574653
80	22	0.2829375755138912
80	23	0.2025807753353277
80	24	0.3393525568177225
80	25	0.09577090552014766
80	26	-0.5210351133204654
80	27	-0.35750166251902726
80	28	0.5538815909708816
81	1	0.40805700002459844
81	2	0.42194173831530435
81	3	0.36248450827612544
81	4	0.39540360874123337
81	5	0.37246973099787795
81	6	0.2710949495645991
81	7	0.3344263413211266
81	8	0.3504871846288964
81	9	0.4185796571860081
81	10	0.28742444639477327
81	11	0.2845711377140745
81	12	0.25145591093334474
81	13	0.3465200765373453
81	14	0.27405126119738554
81	15	0.2678876624511304
81	16	0.25971500143702997
81	17	0.2595729787442522
81	18	0.20214053179247315
81	19	0.268504081406725
81	20	0.3012946008790536
81	21	0.33664976707239447
81	22	0.38630880230319065
81	23	0.3241452949959438
81	24	-0.12562489271740418
81	25	-0.34613734103206184
81	26	-0.9343573908218445
81	27	-1.1033807833981513
81	28	-2.288770561428919
82	1	0.24497808229464368
82	2	0.2823397894991828
82	3	0.2629764527981493
82	4	0.31315904124591754
82	5	0.2549802400753336
82	6	0.17625272300306705
82	7	0.23779872708811212
82	8	0.27287850194437624
82	9	0.3279245093873513
82	10	0.2114536035788106
82	11	0.1829307695832938
82	12	0.23481188669837394
82	13	0.23359157065736014
82	14	0.19845448267750498
82	15	0.21266847989360826
82	16	0.18918177908387435
82	17	0.2559282517313832
82	18	0.21773980263211712
82	19	0.23268544328734464
82	20	0.25317509816012773
82	21	0.23239565015159513
82	22	0.11193833967556799
82	23	0.10288797122312587
82	24	-0.11093257576977322
82	25	0.18177803564492478
82	26	-0.28154529237369275
82	27	-0.14153867813499232
82	28	-0.30482836953811443
83	1	0.24509166792042691
83	2	0.2910553315373292
83	3	0.1655574629745331
83	4	0.22576652241387052
83	5	0.2290767149038757
83	6	0.12006154454296336
83	7	0.16299097229885717
83	8	0.2374686448360137
83	9	0.22099926458185593
83	10	0.16612216518615952
83	11	0.07066184437881873
83	12	0.10945668151394727
83	13	0.1463957488845935
83	14	0.14088411615146157
83	15	0.17583095304976837
83	16	0.11231555416986794
83	17	0.08263567993888188
83	18	0.13664114757974488
83	19	0.1498067477371876
83	20	0.18768859318573305
83	21	0.1684346198274156
83	22	0.12920982515561263
83	23	0.13989753102541158
83	24	0.0865624745006599
83	25	-0.0060370904054920516
83	26	-0.1888300605856088
83	27	0.7034373984200286
83	28	1.5622932683583102
84	1	0.2643941756138659
84	2	0.2607746432802003
84	3	0.2429432673658951
84	4	0.259801881685064
84	5	0.2332023193880488
84	6	0.19674768903300333
84	7	0.1538418143025666
84	8	0.20332009742980262
84	9	0.2364878740240215
84	10	0.18453824873930103
84	11	0.09761397716994225
84	12	0.09561338335059588
84	13	0.12825336233223084
84	14	0.19091983567080462
84	15	0.10262723272444418
84	16	0.07250767633672695
84	17	0.13392494088066087
84	18	0.055401502320997054
84	19	0.049722494472177914
84	20	0.13402026305753623
84	21	0.03502333748831887
84	22	0.0687680366082688
84	23	0.004232512836125579
84	24	-0.11516902775665017
84	25	-0.33937042373882775
84	26	-0.5920999281352763
84	27	-0.6033807833981513
84	28	-1.1916208223683
85	1	0.21253136699811392
85	2	0.2423904606719276
85	3	0.18873428109429113
85	4	0.22519284048775035
85	5	0.18982792326744402
85	6	0.11788877832218247
85	7	0.1925933846924508
85	8	0.2150315265301117
85	9	0.18170542992079675
85	10	0.19690491732786342
85	11	0.06889863954370412
85	12	0.1288577026358979
85	13	0.13274653606742248
85	14	0.1594964100056302
85	15	0.17817174834641492
85	16	0.11248001623282278
85	17	0.159993564642555
85	18	0.12908489920855715
85	19	0.0860282049238208
85	20	0.12733843299695735
85	21	0.08731820476777585
85	22	0.06830849308921216
85	23	0.20939465592930162
85	24	0.06274434287811914
85	25	0.4233171170309049
85	26	0.633886913969981
85	27	0.6392662754253777
85	28	-0.32369629406641565
86	1	0.3571253711954512
86	2	0.33445221567773586
86	3	0.3284408726550012
86	4	0.3528227200293017
86	5	0.3139068574629036
86	6	0.3546210715132787
86	7	0.3496706503498075
86	8	0.35220748889362596
86	9	0.40012498587941536
86	10	0.37710325769879915
86	11	0.23821992320852559
86	12	0.3014581014572002
86	13	0.269040302213412
86	14	0.33969572199945475
86	15	0.35262133238531135
86	16	0.32575692169462656
86	17	0.31060183981273326
86	18	0.33272097113222543
86	19	0.3560383262488642
86	20	0.34702603392775444
86	21	0.4492754511859829
86	22	0.4201892412807524
86	23	0.2400516975914826
86	24	0.8271260666019913
86	25	0.8675982173761554
86	26	0.4374834051980514
86	27	-0.3151154772757039
86	28	0.5835698641029907
87	1	0.17679578792661488
87	2	0.1847269250643393
87	3	0.1516495836828753
87	4	0.14618447062783702
87	5	0.2053543653118055
87	6	0.18116605013344156
87	7	0.211955028785475
87	8	0.1829449188840968
87	9	0.2024520733590478
87	10	0.15669648374746714
87	11	0.030096055081891393
87	12	0.039443803938269184
87	13	0.0935704460056499
87	14	0.11383175112116106
87	15	0.14217709498918651
87	16	0.19608223642411104
87	17	0.19973673870089925
87	18	0.22325410230065046
87	19	0.12425156529950243
87	20	0.14417231260119223
87	21	0.14888163553153788
87	22	0.12669603403699625
87	23	0.08853320542696963
87	24	0.7104672460264041
87	25	0.827546869494256
87	26	0.664150071864718
87	27	0.38648408146671187
87	28	1.2088412492527993
88	1	0.39898554867301783
88	2	0.3702262947852475
88	3	0.3324660857003394
88	4	0.34237884574964994
88	5	0.2883380446452435
88	6	0.31694960249270565
88	7	0.3432611903146636
88	8	0.3625292548288286
88	9	0.34764435174596997
88	10	0.349017531995635
88	11	0.27063655438703194
88	12	0.27634780895547806
88	13	0.3140980247084002
88	14	0.33501231161860545
88	15	0.27830768227435954
88	16	0.3531290595763963
88	17	0.3278950720961262
88	18	0.3758392089207945
88	19	0.2886201514143707
88	20	0.38104282289263125
88	21	0.2696308183503362
88	22	0.3199302985488117
88	23	0.29185765738726843
88	24	0.13019339065626667
88	25	-0.12964902480580776
88	26	0.717951241455367
88	27	0.5894158267713436
88	28	0.3744169134807507
89	1	0.17604650028034285
89	2	0.15712323168681763
89	3	0.1420630032499588
89	4	0.19769925931565524
89	5	0.19348026353498682
89	6	0.05571958634604357
89	7	0.06959445370035411
89	8	0.09640562390011098
89	9	0.09243319826772733
89	10	0.061202111596315945
89	11	-0.06472300551983068
89	12	-0.04565869481550777
89	13	0.004028226692433634
89	14	-0.03129661256294014
89	15	0.006362538413100083
89	16	-0.01043268325553015
89	17	0.007908816773181115
89	18	-0.03447343065653996
89	19	-0.057575812336637
89	20	0.0439958675614065
89	21	0.09657668862715241
89	22	-0.0016766142416244634
89	23	-0.026001473722764956
89	24	-0.031963968622243044
89	25	0.09018622650747687
89	26	-0.3858499281352792
89	27	-1.062650446319502
89	28	-1.3750589775045725
90	1	0.20118578171851453
90	2	0.2330515328150824
90	3	0.18800740254031467
90	4	0.19516997761530064
90	5	0.23592651996944625
90	6	0.19063795066090705
90	7	0.15277440877931525
90	8	0.16332681981351982
90	9	0.11993245977983236
90	10	0.11892396821604478
90	11	0.07091248734436562
90	12	0.08986919730408971
90	13	0.1669094306461858
90	14	0.10432608567080592
90	15	0.046585989991889676
90	16	0.07875295249952075
90	17	-0.05908886725887896
90	18	0.005878540787058739
90	19	0.048852388371322775
90	20	0.11084895938342498
90	21	0.12474309296327135
90	22	0.12884036556932443
90	23	0.016780110218462596
90	24	0.48269442414117947
90	25	-0.389586873955281
90	26	-0.016802309087658784
90	27	0.0781409557322803
90	28	0.16938546693987178
91	1	0.16874667896166784
91	2	0.2170814981933873
91	3	0.08851038790985655
91	4	0.16659286917121108
91	5	0.16206859778665006
91	6	0.11390950331080063
91	7	0.1559968896858308
91	8	0.22575765803656367
91	9	0.2794862780460008
91	10	0.18274046463790228
91	11	0.11226659942244055
91	12	0.11390854404509554
91	13	0.15866489666451855
91	14	0.16343062944620357
91	15	0.1211853834678891
91	16	0.15206111995512828
91	17	0.22392684566455046
91	18	0.19887541944174103
91	19	0.18676923869620055
91	20	0.1816725589052126
91	21	0.11823026979615747
91	22	0.12453309526603817
91	23	0.31541048948495387
91	24	0.01853930452685404
91	25	-0.08222756659596797
91	26	0.0967082113996014
91	27	0.9325781207114403
91	28	-1.009045905609149
92	1	0.24293657443323013
92	2	0.2587116953750197
92	3	0.15598039468581248
92	4	0.1688551651745911
92	5	0.2007675240462632
92	6	0.14478695538728203
92	7	0.1930024371204624
92	8	0.21869408390076472
92	9	0.1313028690855802
92	10	0.10677566432640617
92	11	0.0344944467813022
92	12	0.044556786511201096
92	13	0.069949386886627
92	14	0.09891924994864354
92	15	0.10653771772536658
92	16	0.03784914661419947
92	17	-0.015974280453413314
92	18	0.0898366190668014
92	19	0.06491371098005061
92	20	0.15127552742690398
92	21	0.08563315712199682
92	22	-0.028518814643589963
92	23	0.07582374320598007
92	24	0.1894854987288639
92	25	0.0034867191183138857
92	26	0.07843578615043612
92	27	0.36777306275569543
92	28	-0.49013834258393985
93	1	0.22821084878616205
93	2	0.26735011627799565
93	3	0.16961641096435187
93	4	0.22182630077029586
93	5	0.20906651621024253
93	6	0.16179349634380458
93	7	0.24096281333820713
93	8	0.21542387567190247
93	9	0.1872325298377575
93	10	0.23800436395789148
93	11	0.22205272280734079
93	12	0.21598443404861456
93	13	0.2674629566103377
93	14	0.25583820910945576
93	15	0.3125141208122528
93	16	0.2440086981038121
93	17	0.2225999730261421
93	18	0.1887389125029273
93	19	0.15119303823205144
93	20	0.2765545208489826
93	21	0.3077454762431273
93	22	0.38477267041704266
93	23	0.2914597007827382
93	24	0.6033893102230365
93	25	0.7926144055911308
93	26	-0.04336437900233392
93	27	0.12347106845370348
93	28	0.9796418771962863
94	1	-0.06359476597671687
94	2	-0.0746409404749997
94	3	-0.12255259544146213
94	4	-0.087575612777961
94	5	-0.09899793542572866
94	6	-0.22296379510187592
94	7	-0.17830748481829772
94	8	-0.08147480149218467
94	9	-0.14542688059766107
94	10	-0.11430509587513882
94	11	-0.21139366865585174
94	12	-0.27361008437675594
94	13	-0.19894550117572152
94	14	-0.1563920484821466
94	15	-0.2530841482984272
94	16	-0.17173309443256812
94	17	-0.16142329519780674
94	18	-0.22294225555743452
94	19	-0.27568705790711334
94	20	-0.24974260663883996
94	21	-0.15248426272795967
94	22	-0.21743049418931548
94	23	0.011366919970534184
94	24	0.3680672233525897
94	25	0.47326239798490377
94	26	0.539974247688896
94	27	1.5546770678415172
94	28	1.3134330859874908
95	1	0.0917207062821106
95	2	-0.03502329094881418
95	3	0.10584754434604804
95	4	0.009429916678044492
95	5	-0.009516304382586327
95	6	0.20775406636001037
95	7	0.18670322818121576
95	8	0.0326772743923911
95	9	0.18427357772528552
95	10	0.17694411181886238
95	11	0.07075614161936272
95	12	0.10334959690872836
95	13	0.16922021065941806
95	14	0.11255088370382538
95	15	0.2096774857320014
95	16	0.14022136069745983
95	17	0.22244822196601177
95	18	0.21825136322231486
95	19	0.24105061817690654
95	20	0.22031602045763776
95	21	0.25132073599321103
95	22	0.17235559207539808
95	23	0.21694977555338824
95	24	0.24272382856293717
95	25	-0.07829571862742313
95	26	-0.07295684637427513
95	27	-0.23085603092290086
95	28	-0.04370977115536334
96	1	0.12777386983790961
96	2	0.11595762135981147
96	3	0.0641437265621505
96	4	0.14595812328001045
96	5	0.13677804054189835
96	6	0.10630633951713264
96	7	0.13732724413715403
96	8	0.09484552412650515
96	9	0.11076717545176251
96	10	0.05345134185612466
96	11	0.01522596754335126
96	12	0.02232577352452836
96	13	0.008771597102267492
96	14	0.03544604263692008
96	15	0.02255866847619359
96	16	-0.028593316020270265
96	17	0.04891381818924856
96	18	0.011530534579065943
96	19	0.02526962758379625
96	20	0.07364715947971234
96	21	0.06014156258573422
96	22	0.13653152233075616
96	23	0.34272360302433924
96	24	0.3692883494177934
96	25	-0.375769640959966
96	26	0.34802103960665676
96	27	0.43590493088755977
96	28	-0.28958889203448734
97	1	0.21418634085206634
97	2	0.18344619826684294
97	3	0.09975276897987584
97	4	0.15165580254437572
97	5	0.16524574380924406
97	6	0.13311859842747964
97	7	0.13428986778654206
97	8	0.21959155919515894
97	9	0.10612260660415984
97	10	0.11574842098997351
97	11	0.0743550933208823
97	12	0.08120999955718844
97	13	0.062082078661262585
97	14	0.07578111683732658
97	15	0.05614129244172261
97	16	0.07841366197786925
97	17	0.1366610550836853
97	18	0.11766245808490794
97	19	0.055891672789272207
97	20	0.08342761706846602
97	21	0.013925997901601761
97	22	0.02965085759761621
97	23	-0.3145947339911217
97	24	-0.16364339763004665
97	25	-0.04365011029699417
97	26	0.5740266150745938
97	27	0.7091192166018487
97	28	0.4400322331090294
98	1	-0.007886425971939559
98	2	6.913227415097367E-4
98	3	-0.04455834338818221
98	4	-0.038168910888188634
98	5	-0.012060487135023834
98	6	-0.030683521486388088
98	7	-0.12295246292808315
98	8	-0.07042457680032754
98	9	-0.0756074839883496
98	10	-0.13720367555662705
98	11	-0.17016562917546452
98	12	-0.20875141749165493
98	13	-0.18519927875611586
98	14	-0.16248002066363654
98	15	-0.17173624524318143
98	16	-0.07502348318686813
98	17	-0.13975506328674214
98	18	-0.09476896712563132
98	19	-0.14905460044968777
98	20	-0.1266175929767428
98	21	-0.22151415272046648
98	22	-0.20300127219169894
98	23	-0.30652128363195885
98	24	-0.08247964823627996
98	25	0.31860461093523895
98	26	0.38188056831862127
98	27	0.8760495963486861
98	28	0.3910908932964645
99	1	-0.015200074451719559
99	2	-0.06153948534868903
99	3	-0.1220263871243148
99	4	-0.09387114100643146
99	5	-0.061247089277564726
99	6	-0.09191503176098337
99	7	-0.09463524006521595
99	8	-0.0934458035626804
99	9	-0.06660057746688608
99	10	-0.031131360936285546
99	11	-0.20225246706317535
99	12	-0.17741040118944795
99	13	-0.2014016880568903
99	14	-0.1985938163928509
99	15	-0.1520659374180866
99	16	-0.16888422751951282
99	17	-0.1495600516866702
99	18	-0.16389049600325478
99	19	-0.1830514825452667
99	20	-0.2678207350539097
99	21	-0.22541431931450973
99	22	-0.2165506198365179
99	23	-0.14412221958519922
99	24	-0.14502444732554665
99	25	0.39061776988572916
99	26	0.1489985567132024
99	27	0.6933363883190182
99	28	1.213829911384316
100	1	0.09344738536699282
100	2	0.026318149886598974
100	3	-0.0047735593900171125
100	4	0.04630711899383044
100	5	0.07609011928374088
100	6	-0.024117879464910175
100	7	0.008705611677392255
100	8	0.017813154192666047
100	9	0.0036196868717226494
100	10	-0.008071115394912454
100	11	-0.019847612277203552
100	12	-0.05435184613480004
100	13	0.018993268017212017
100	14	0.019008978577623736
100	15	-0.009246626368039301
100	16	-0.022207748732810728
100	17	0.03613395513657025
100	18	-0.01725252202362526
100	19	-0.01185563184003513
100	20	0.00469317317055129
100	21	0.032749277457803316
100	22	0.05447177229783762
100	23	0.12791651730348264
100	24	0.4273253522038942
100	25	0.9951796077275006
100	26	0.9851691801449789
100	27	0.8685579921120521
100	28	0.9920045145589214
101	1	0.07606236935952637
101	2	0.09293058967159595
101	3	0.06155813442870084
101	4	0.1255437167822251
101	5	0.10186638730963438
101	6	0.051095255826894004
101	7	0.032437272100970915
101	8	0.1022323924939954
101	9	0.055392524657257525
101	10	0.05973464555574992
101	11	0.039148854208463035
101	12	-0.009296401521019959
101	13	0.005494779967555985
101	14	0.012860436815842036
101	15	0.009386725914936278
101	16	0.06067154908134853
101	17	0.014476098930622072
101	18	0.012037578781146863
101	19	-0.003969495931663403
101	20	0.01926423702040836
101	21	-0.12297607879385453
101	22	-0.10276367005600662
101	23	0.046753304540217755
101	24	-0.18856740815435558
101	25	-0.3786116804074737
101	26	-0.7674288755036969
101	27	-1.245622162708493
101	28	-0.7269108293564202
102	1	0.015402809352274005
102	2	0.017082881428599705
102	3	-0.09778982210078624
102	4	-0.029148301885868477
102	5	-0.07230950537147862
102	6	-0.09758925488661419
102	7	-0.12986002516411332
102	8	-0.06549907714508407
102	9	-0.08333060813417603
102	10	-0.123949558822531
102	11	-0.141084668591823
102	12	-0.18132753042473837
102	13	-0.13133265031376595
102	14	-0.14555093253599694
102	15	-0.16488923230046026
102	16	-0.11893654923008512
102	17	-0.12303975123545285
102	18	-0.06613429181140873
102	19	-0.13580360460066743
102	20	-0.08220657258807051
102	21	-0.03522733629060326
102	22	0.01289007900949457
102	23	-0.01857527518905755
102	24	0.06344314371454374
102	25	-0.12712552577964686
102	26	0.5217587675168929
102	27	1.008105703088333
102	28	1.8834880310424396
103	1	-0.0827469773480658
103	2	-0.1622371456419529
103	3	-0.09496122498867976
103	4	-0.06441519754932301
103	5	-0.11433731117225676
103	6	-0.12662498526126598
103	7	-0.12771577364653552
103	8	-0.19179475099834065
103	9	-0.18470461822362694
103	10	-0.1441359319172406
103	11	-0.14299882624109017
103	12	-0.18781262178199398
103	13	-0.19229688761430452
103	14	-0.21506484675006732
103	15	-0.14245954684142248
103	16	-0.16796461568636545
103	17	-0.222159987476914
103	18	-0.20559060783015326
103	19	-0.2901273393187225
103	20	-0.2304973266192647
103	21	-0.26262360151410746
103	22	-0.33101906980851226
103	23	-0.27952694124974187
103	24	-0.3782524871909416
103	25	-0.8381281877139841
103	26	-1.9834109037450318
103	27	-1.654306709324075
103	28	-1.9861700886156797
104	1	-0.07110225792457214
104	2	-0.03954301939680249
104	3	-0.04960864914624352
104	4	-0.04273599550644036
104	5	-0.04248436933413302
104	6	-0.07605185159410865
104	7	-0.057740888622248576
104	8	-0.1153818317256281
104	9	-0.06797850009095185
104	10	-0.08722045932711353
104	11	-0.14715130540759702
104	12	-0.18744460720908052
104	13	-0.15768901060269513
104	14	-0.15152421776816993
104	15	-0.13061553425970374
104	16	-0.11631697175834432
104	17	-0.1321968350802294
104	18	-0.17415104710668317
104	19	-0.10169578996318762
104	20	-0.08461716915813611
104	21	-0.1058798942873338
104	22	-0.1196456087555049
104	23	-0.04249923668891853
104	24	-0.4242156149722476
104	25	-0.12508470945311245
104	26	0.46780860845008476
104	27	0.04122705973910712
104	28	-0.5885092699022323
105	1	-0.11744530467250058
105	2	-0.14655262620249943
105	3	-0.20730059442869475
105	4	-0.1771366522836928
105	5	-0.17578494232676434
105	6	-0.1819843083637096
105	7	-0.1898242741463747
105	8	-0.12453256727039985
105	9	-0.18610480264292306
105	10	-0.19810938048054538
105	11	-0.20262056840865483
105	12	-0.27345782927956463
105	13	-0.21363280400552043
105	14	-0.23761009168894986
105	15	-0.2295560290533487
105	16	-0.233036784319971
105	17	-0.20721573135649152
105	18	-0.21628110900906705
105	19	-0.23105456049842843
105	20	-0.18570886857744995
105	21	-0.09922138587356244
105	22	-0.10763867386221904
105	23	-0.28590527865540594
105	24	-0.6063919751973899
105	25	0.25047084610244497
105	26	-0.328621012472631
105	27	-0.007226937244304565
105	28	-0.6762285681478488
106	1	-0.04465183422168906
106	2	-0.09103699806034626
106	3	-0.1209548188643268
106	4	-0.20491274414757044
106	5	-0.08039995215649753
106	6	-0.15941189152486857
106	7	-0.12804583791433544
106	8	-0.06516075836744761
106	9	-0.07528795731445115
106	10	-0.09553158239100412
106	11	-0.22296896803197086
106	12	-0.19724673321892539
106	13	-0.18878826313612507
106	14	-0.20414352298864458
106	15	-0.1754849199087758
106	16	-0.17886585353421225
106	17	-0.13892125499777563
106	18	-0.19814224014530168
106	19	-0.1538704216704545
106	20	-0.16053474512833787
106	21	-0.23446073927095767
106	22	-0.17228845497541556
106	23	-0.6014970676125557
106	24	-1.0893188044656839
106	25	-0.021959709453113874
106	26	-0.6751757708319062
106	27	-0.19767902901218548
106	28	0.7414284776925584
107	1	0.012676759202697951
107	2	-0.032611015072468774
107	3	-0.027413059800991846
107	4	-0.03715093257579127
107	5	-0.03171587853206859
107	6	-0.111801003790994
107	7	-0.07423301427300544
107	8	-0.057191236780504084
107	9	-0.07380192907093885
107	10	-0.0707059274912254
107	11	-0.07672408371421113
107	12	-0.045661061462126895
107	13	-0.10819005983797325
107	14	-0.08736234654662667
107	15	-0.12426782289786331
107	16	-0.05968994858040588
107	17	-0.0532169322549052
107	18	-0.045648478988233876
107	19	-0.10731146256178192
107	20	-0.17296332016434945
107	21	-0.08717593621740605
107	22	-0.11798471595080429
107	23	-0.2280198352056999
107	24	0.11190070772943983
107	25	-0.16184360273374665
107	26	0.309236777067035
107	27	0.11178315102807801
107	28	-0.04555706179576191
108	1	-0.2646912018318801
108	2	-0.2460860213860272
108	3	-0.2849878331150322
108	4	-0.21490742960234144
108	5	-0.25738632846627496
108	6	-0.23045887336423476
108	7	-0.24438457350160547
108	8	-0.25877456972327195
108	9	-0.24325428264730675
108	10	-0.22076576052985075
108	11	-0.2432889304878998
108	12	-0.28745961895127436
108	13	-0.2792055713039048
108	14	-0.26339900475997524
108	15	-0.2707440498511886
108	16	-0.3118003997484422
108	17	-0.3088984005366413
108	18	-0.32921834265211203
108	19	-0.40292234487706935
108	20	-0.4214071785777165
108	21	-0.3739845590783091
108	22	-0.330197956108222
108	23	-0.41846469736108816
108	24	-0.7496204732718468
108	25	-0.9006402650086685
108	26	-0.3409781332634836
108	27	-0.03960527319406992
108	28	2.3249410224954303
109	1	-0.31482027539687607
109	2	-0.40423286553561155
109	3	-0.39055236188824693
109	4	-0.45755661685929994
109	5	-0.36806040459505596
109	6	-0.49632638940721563
109	7	-0.3811267473363529
109	8	-0.40431509328899295
109	9	-0.4116606454835221
109	10	-0.47925666961193514
109	11	-0.4490177871711225
109	12	-0.46937349544224816
109	13	-0.4968181059616015
109	14	-0.5152546917607168
109	15	-0.4890193057883465
109	16	-0.4737260631047988
109	17	-0.42659880542900197
109	18	-0.5370445663124883
109	19	-0.5259263553702169
109	20	-0.483942074051221
109	21	-0.5589701068870596
109	22	-0.5807839634655139
109	23	-0.8203869249367699
109	24	-0.5702988894958878
109	25	-0.4722329984264988
109	26	-0.14119752171816913
109	27	-0.6507945765015961
109	28	-0.04370977115536334
110	1	-0.2765983949637487
110	2	-0.36267465348063865
110	3	-0.3660104423982702
110	4	-0.3076202216393398
110	5	-0.3094732240240248
110	6	-0.3278183677538138
110	7	-0.37843459902548915
110	8	-0.3231764104752983
110	9	-0.3193441971827511
110	10	-0.30211520682369297
110	11	-0.3246367750321184
110	12	-0.38840593796779643
110	13	-0.4592601151499096
110	14	-0.389365747418978
110	15	-0.4425302286633581
110	16	-0.37159451405538135
110	17	-0.3900337729933483
110	18	-0.48283465228365685
110	19	-0.43516312766431753
110	20	-0.47350323785634885
110	21	-0.48100285382949437
110	22	-0.3514651854031996
110	23	-0.7546620698150406
110	24	-0.409459930405248
110	25	-0.20380811370843332
110	26	-0.7159604253728489
110	27	-0.8327114920595662
110	28	-2.214928258550323
111	1	-0.2304064980554088
111	2	-0.2794473379164515
111	3	-0.2579477338520917
111	4	-0.29905276731235375
111	5	-0.2661482327338689
111	6	-0.32150165164182454
111	7	-0.29968132876596343
111	8	-0.32462299047686827
111	9	-0.2519325074283074
111	10	-0.35386741113950393
111	11	-0.3862186838362547
111	12	-0.38181051743858063
111	13	-0.30447555813604055
111	14	-0.33572029861007735
111	15	-0.3398016318773429
111	16	-0.3312036071831628
111	17	-0.28363034680656796
111	18	-0.27913382221127847
111	19	-0.2690015518583877
111	20	-0.27849427765849555
111	21	-0.16734193612303017
111	22	-0.18937840798503913
111	23	-0.13647515397091325
111	24	-0.09489258791826671
111	25	-0.4504368221291699
111	26	-0.46479729655633406
111	27	-0.12484542986279479
111	28	0.477186885379588
112	1	-0.3718880630895143
112	2	-0.48491814640740216
112	3	-0.43095925943120506
112	4	-0.39188078188681885
112	5	-0.40542298444523084
112	6	-0.4684133426055084
112	7	-0.45235046982637783
112	8	-0.4528159028292009
112	9	-0.551335571445378
112	10	-0.5041326923469285
112	11	-0.47778194000809293
112	12	-0.5730907926136979
112	13	-0.515040825486544
112	14	-0.5458058875520209
112	15	-0.5176918046719479
112	16	-0.5099097158771713
112	17	-0.5028939246756039
112	18	-0.48062812762262297
112	19	-0.5716458688643229
112	20	-0.5242929136567582
112	21	-0.6630112752326269
112	22	-0.5698570434411465
112	23	-0.4997610904259062
112	24	0.004146099649005919
112	25	-0.5648530492214547
112	26	-0.3604488586165644
112	27	0.04335834703663011
112	28	0.6674246826261481
113	1	-0.4709714390319206
113	2	-0.5367524255901088
113	3	-0.5377646772735787
113	4	-0.48057079601294816
113	5	-0.5478106431001137
113	6	-0.5777664025574083
113	7	-0.6122772911920649
113	8	-0.6309035954741091
113	9	-0.6158538421127773
113	10	-0.5784167819288868
113	11	-0.6246835116869534
113	12	-0.6283768343837011
113	13	-0.6901933455211946
113	14	-0.6125776694569964
113	15	-0.6120925748844215
113	16	-0.5920019037752908
113	17	-0.5865628411483712
113	18	-0.5652146723966212
113	19	-0.6287989157323182
113	20	-0.5794870093186901
113	21	-0.5701061670309642
113	22	-0.4971356332006778
113	23	-0.45638639192446817
113	24	-0.6074421106987486
113	25	-0.3752678596362671
113	26	-0.34111308603001333
113	27	-0.868624685837176
113	28	0.120110104621034
114	1	-0.5035117474420403
114	2	-0.6094553887310425
114	3	-0.5785946630291718
114	4	-0.5565807014660891
114	5	-0.5357343315332486
114	6	-0.5641893229907353
114	7	-0.5527323239313517
114	8	-0.5806890423656412
114	9	-0.6237882961430614
114	10	-0.5825203035327107
114	11	-0.5699169361264325
114	12	-0.5536214698661439
114	13	-0.6385260675163025
114	14	-0.5843509911561782
114	15	-0.6296593508561301
114	16	-0.593478182111113
114	17	-0.6243516245472023
114	18	-0.6128156081183533
114	19	-0.5894893990913417
114	20	-0.5604333341544461
114	21	-0.6600256144226648
114	22	-0.5427345258281306
114	23	-0.4638093088899069
114	24	-0.7646714554280933
114	25	-0.9017764387764231
114	26	0.07915007186472423
114	27	-0.5159747683605573
114	28	-0.2778367552823511
115	1	-0.20674313680787293
115	2	-0.2732884192100187
115	3	-0.31920777470837436
115	4	-0.266346393181891
115	5	-0.27879198967831087
115	6	-0.2951349657251754
115	7	-0.2562709344159302
115	8	-0.2562983935801384
115	9	-0.26894941932196303
115	10	-0.2747111386354817
115	11	-0.25368130940659483
115	12	-0.23727517510925367
115	13	-0.27534030818545574
115	14	-0.31580351207531976
115	15	-0.25723166171325573
115	16	-0.21547918340266392
115	17	-0.24621927671990562
115	18	-0.26176170236502827
115	19	-0.22741430098651705
115	20	-0.2307125377657968
115	21	-0.21417291878774591
115	22	-0.20732070062804553
115	23	-0.19533774387699054
115	24	-0.046348831256679546
115	25	-0.6612549222190722
115	26	-0.03222298513009747
115	27	-0.9429477125320105
115	28	-1.48858554755288
116	1	-0.5410612710030733
116	2	-0.7017380714575907
116	3	-0.5131003536030647
116	4	-0.6413026522962468
116	5	-0.5751081745088769
116	6	-0.3919197122629612
116	7	-0.39055934509315193
116	8	-0.5214203100069099
116	9	-0.40769642845488363
116	10	-0.3870161750476129
116	11	-0.38832787880504327
116	12	-0.429597587113534
116	13	-0.32297820129796406
116	14	-0.3326226786450448
116	15	-0.31882147037229913
116	16	-0.3576359060170944
116	17	-0.30914081785955005
116	18	-0.31159127183243385
116	19	-0.1788867811738939
116	20	-0.2946475775641062
116	21	-0.09810113528985198
116	22	-0.23422652489357176
116	23	-0.09879075728897391
116	24	-0.3088309995876344
116	25	-1.5005564075663216
116	26	-1.087721585889291
116	27	-1.418230407458303
116	28	0.11605213360653721
117	1	-0.41622764745437024
117	2	-0.4974560629918159
117	3	-0.45645093183191676
117	4	-0.4680359978715245
117	5	-0.4493053507183973
117	6	-0.525117857949688
117	7	-0.5438129100522318
117	8	-0.562579907595854
117	9	-0.5459121333948005
117	10	-0.5064401923983155
117	11	-0.5661254151087363
117	12	-0.6108232838266119
117	13	-0.5855238420156752
117	14	-0.6070061244685689
117	15	-0.5510874740166329
117	16	-0.5442051984335237
117	17	-0.6275777059641854
117	18	-0.6279614644049332
117	19	-0.6342316660603231
117	20	-0.5942514435617383
117	21	-0.6352666696517346
117	22	-0.5235895398926189
117	23	-0.4549548197258204
117	24	-0.7210123027037838
117	25	-0.3226456850628665
117	26	0.14575926726701738
117	27	0.10672559958057093
117	28	-2.273751787962091
118	1	-0.5431294550818322
118	2	-0.591496837218962
118	3	-0.5819199154974086
118	4	-0.524800600283335
118	5	-0.5884782327223164
118	6	-0.60340245502897
118	7	-0.6588687630424914
118	8	-0.6545727517058282
118	9	-0.6637276524700297
118	10	-0.6827506491865876
118	11	-0.6354349192294606
118	12	-0.6645262899817155
118	13	-0.6413438663828472
118	14	-0.6461657476370846
118	15	-0.6638704572751735
118	16	-0.6396923336808271
118	17	-0.64570686628619
118	18	-0.6989452211523215
118	19	-0.6427697606937812
118	20	-0.6469647496000377
118	21	-0.6674528579940784
118	22	-0.6505325438276941
118	23	-0.2557273516358052
118	24	-0.22516566094221702
118	25	-0.8399714408446997
118	26	-0.20135211154138943
118	27	-0.809366698891111
118	28	-1.0538029388572312
119	1	-0.5945009362711673
119	2	-0.7935033068847943
119	3	-0.7831804752750955
119	4	-0.8033057637139152
119	5	-0.6823771555444509
119	6	-0.7552489689465958
119	7	-0.677707555494564
119	8	-0.6996118751121969
119	9	-0.6839577736154752
119	10	-0.6722047637194493
119	11	-0.6519922046303392
119	12	-0.7000930813261661
119	13	-0.7400667275226525
119	14	-0.6143815789459666
119	15	-0.7499918648362964
119	16	-0.7543037760594018
119	17	-0.7719485545070697
119	18	-0.7148662769790377
119	19	-0.761906139925955
119	20	-0.7987506557572885
119	21	-0.6555387974931577
119	22	-0.7083210199714003
119	23	-0.7986654641084598
119	24	-1.300296148947524
119	25	-1.0078715946990187
119	26	-0.7896960819814325
119	27	-1.2244125294298982
119	28	-3.266511968957566
120	1	-0.7911406819365183
120	2	-1.0744242119361616
120	3	-0.9871567391175091
120	4	-1.0205661440262546
120	5	-1.015244211065415
120	6	-0.9921281815953336
120	7	-0.8805191769170548
120	8	-0.8344131892847813
120	9	-0.9697432546437312
120	10	-0.8900969440956104
120	11	-0.8937928517052782
120	12	-0.9065946782972958
120	13	-0.9584576307397867
120	14	-0.8617758704643421
120	15	-0.9018934354364916
120	16	-0.9006234828956323
120	17	-0.9711835171809895
120	18	-0.957654424382568
120	19	-0.9524173829482052
120	20	-0.9408243288725373
120	21	-0.9469005069514367
120	22	-0.8790036010255804
120	23	-0.853905100516215
120	24	-1.0810681963531366
120	25	-2.0184426430324507
120	26	-1.7524302390161068
120	27	-2.2651454892805063
120	28	-1.6687097711553633
>>END_MODULE
>>Per sequence quality scores	pass
#Quality	Count
2	161370.0
3	3612.0
4	1669.0
5	1930.0
6	2659.0
7	4602.0
8	3994.0
9	2838.0
10	2868.0
11	3712.0
12	4370.0
13	5274.0
14	6149.0
15	7135.0
16	7411.0
17	8620.0
18	10427.0
19	13609.0
20	18015.0
21	21885.0
22	24824.0
23	27837.0
24	30681.0
25	31713.0
26	30369.0
27	31271.0
28	34790.0
29	38657.0
30	43809.0
31	50158.0
32	59928.0
33	74187.0
34	95864.0
35	142391.0
36	238594.0
37	435602.0
38	917064.0
39	2609172.0
40	602286.0
>>END_MODULE
>>Per base sequence content	fail
#Base	G	A	T	C
1	5.618714488315269	27.456979087186685	56.904090542667575	10.020215881830467
2	28.071788503125827	33.359158683802804	19.417310506203854	19.15174230686752
3	16.918577344750215	27.031031455518402	20.280927892271507	35.76946330745987
4	27.482865250228432	38.808956359087226	15.01331029771359	18.69486809297075
5	25.78029255184599	33.45718874766707	30.466883231526744	10.295635468960203
6	29.018647315097052	15.251475303655987	39.61362823690071	16.116249144346252
7	18.414288187280537	27.93185950380514	19.54970500809967	34.104147300814645
8	22.521925213195015	39.17087366678907	18.877984549534652	19.429216570481262
9	14.83203340231348	37.97606539221459	36.47847464971037	10.71342655576155
10	24.88261755538218	24.116547182012564	21.733536430286545	29.267298832318712
11	36.343766142989935	7.843225992739032	20.581531369840995	35.231476494430034
12	17.71302925419241	15.946689041318884	30.96233604034045	35.37794566414826
13	20.18899038270432	21.272362247283354	38.76551911525492	19.77312825475741
14	34.3852059494894	28.91695511554733	25.376738759527846	11.321100175435426
15	43.14157022397838	21.942269334495535	22.93717988704346	11.97898055448263
16	16.699843103875835	16.759386878100987	30.061483249183297	36.47928676883988
17	27.14137137936719	25.902364099470244	34.94488196022058	12.01138256094199
18	35.76943673231654	18.144729217953326	25.299775081224606	20.786058968505525
19	31.061675725715677	16.91611378153444	33.01012681457309	19.01208367817679
20	51.16976359888557	16.32422211057609	24.048963400618014	8.457050889920325
21	17.39544893817671	22.936921481676148	29.89521939777576	29.772410182371377
22	33.167711880702925	10.218285352736475	47.019521000428014	9.594481766132585
23	12.63342790710137	25.144435876901277	39.76075714587681	22.461379070120543
24	15.411816097671407	18.94073457622687	50.94540260121229	14.702046724889437
25	21.551024185846927	18.795461525193417	25.782811178749775	33.87070311020989
26	12.984620034642704	20.45488892247242	29.155671289568826	37.40481975331605
27	12.460052489689526	20.31208155540876	31.433111353127064	35.794754601774656
28	11.491210815257238	34.48793834158902	21.927361813987588	32.09348902916614
>>END_MODULE
>>Per sequence GC content	warn
#GC Content	Count
0	13.0
1	13.0
2	13.0
3	10.5
4	8.0
5	8.0
6	12.5
7	26.5
8	44.0
9	61.5
10	73.5
11	88.5
12	133.0
13	199.0
14	259.0
15	358.5
16	515.5
17	753.5
18	1135.5
19	1551.5
20	5177.0
21	9714.5
22	10876.0
23	10536.0
24	10892.0
25	19786.5
26	33209.5
27	38595.5
28	48759.0
29	61337.0
30	143753.0
31	282082.5
32	344939.0
33	435121.5
34	605218.0
35	690035.5
36	728173.5
37	714910.5
38	676336.5
39	771718.0
40	864769.0
41	888816.0
42	897459.5
43	1039220.5
44	1205914.5
45	1318328.5
46	1582762.5
47	1754949.0
48	1547485.0
49	1339405.0
50	1086256.0
51	833107.0
52	692914.5
53	532411.0
54	478134.5
55	414399.0
56	367087.5
57	364582.5
58	379849.5
59	358005.5
60	339085.0
61	318595.0
62	311071.5
63	307912.0
64	266686.0
65	242238.5
66	196883.0
67	147583.5
68	115663.5
69	86752.5
70	79860.5
71	63329.0
72	49191.5
73	46952.5
74	35664.0
75	23115.0
76	18770.5
77	16354.0
78	15485.5
79	15595.0
80	14850.0
81	14529.0
82	15362.0
83	14361.0
84	13124.0
85	10502.5
86	6756.0
87	5095.0
88	4664.5
89	4377.0
90	4202.5
91	3298.5
92	2052.5
93	1605.5
94	1498.0
95	1411.5
96	1404.0
97	1154.5
98	586.0
99	267.0
100	267.0
>>END_MODULE
>>Per base N content	pass
#Base	N-Count
1	1.0397247040530715
2	0.09775704286063848
3	0.01526324538239506
4	9.636321774680082E-4
5	0.0
6	0.0
7	0.0
8	0.0
9	2.0649260945743034E-4
10	0.0
11	0.0
12	1.376617396382869E-4
13	7.743472854653638E-4
14	0.0015659022883855133
15	0.028874549889130678
16	0.008517820140119002
17	0.0
18	0.0
19	0.0
20	0.0
21	0.0
22	0.0
23	0.0
24	0.019286956438575826
25	8.413860994602509E-4
26	0.0
27	0.0
28	0.005364423145697733
>>END_MODULE
>>Sequence Length Distribution	warn
#Length	Count
17	166197.0
18	141444.0
19	161429.0
20	441178.0
21	870823.0
22	2350810.0
23	1052098.0
24	389664.0
25	65661.0
26	60020.0
27	56098.0
28	55924.0
>>END_MODULE
>>Sequence Duplication Levels	fail
#Total Deduplicated Percentage	4.866793096754575
#Duplication Level	Percentage of deduplicated	Percentage of total
1	77.3447986622327	3.764211321992266
2	8.274093806247572	0.8053660523629094
3	3.4596555377408427	0.5051228306467761
4	1.9253672065842695	0.3748145531888785
5	1.2561691654149385	0.30567577112986893
6	0.888972990145694	0.25958685669854015
7	0.7034132324686725	0.23963566647610493
8	0.5458025621785224	0.2125046513441114
9	0.42792679326737393	0.187436804705098
>10	3.5978612261070957	3.652919139774819
>50	0.633974057525181	2.1878498991767144
>100	0.6431467257074421	6.724602633015415
>500	0.11748099816817192	4.0348611648880155
>1k	0.13124003398966955	13.922406088612856
>5k	0.02363731794975231	7.893576929236508
>10k+	0.026459684272110793	54.929429636751124
>>END_MODULE
>>Overrepresented sequences	fail
#Sequence	Count	Percentage	Possible Source
AACATTCAACGCTGTCGGTGAGT	289477	4.981238425659047	No Hit
TTCAAGTAATCCAGGATAGGCT	271793	4.676937150188614	No Hit
AAGCTGCCAGTTGAAGAACTGT	255472	4.396089993609054	No Hit
AACATTCAACGCTGTCGGTGAG	203237	3.4972448723583143	No Hit
TGAGGTAGTAGGTTGTATAGTT	144107	2.4797525392568263	No Hit
TGAGGTAGTAGATTGTATAGTT	112499	1.9358510059459548	No Hit
TTCACAGTGGCTAAGTTCTG	106457	1.8318819770841384	No Hit
TCTTTGGTTATCTAGCTGTATGA	106087	1.8255151216258678	No Hit
TCGGATCCGTCTGAGCTTGGCT	91962	1.5824561125770173	No Hit
TATTGCACTCGTCCCGGCCTCC	68598	1.1804150019634005	No Hit
TGTAAACATCCTCGACTGGAAGCT	66523	1.14470898824472	No Hit
TGAGATGAAGCACTGTAGCT	64422	1.1085555738722148	No Hit
TGAGATGAAGCACTGTAGCTC	60198	1.0358701753431994	No Hit
TGAGATGAAGCACTGTAGCTCT	57805	0.9946921074738968	No Hit
TCACAGTGAACCGGTCTCTTT	55248	0.9506919739420093	No Hit
AACATTCAACGCTGTCGGTGA	47642	0.8198100749809081	No Hit
TGAGGTAGTAGTTTGTACAGTT	42648	0.7338747340117074	No Hit
CAACGGAATCCCAAAAGCAGCTG	42121	0.7248062669130353	No Hit
TGTAAACATCCTTGACTGGAAGCT	41374	0.7119521019743102	No Hit
TCTTTGGTTATCTAGCTGTATG	39996	0.6882398673216154	No Hit
CCTGTCTGAGCGTCGCT	39874	0.6861405257921315	No Hit
TTCACAGTGGCTAAGTTCTGC	38514	0.6627380300536226	No Hit
TCTTTGGTTATCTAGCTGTAT	36379	0.6259995532876549	No Hit
TGAGGTAGTAGGTTGTATGGTT	35492	0.6107363079052598	No Hit
TGAGGTAGTAGGTTGTATAGT	34189	0.5883146520616739	No Hit
TGTAAACATCCCCGACTGGAAGCT	30736	0.5288964036902982	No Hit
TGAGGTAGTAGATTGTATAGT	28188	0.48505113961550383	No Hit
TGAGACCTCTGGGTTCTGAGCT	27879	0.47973395492197507	No Hit
TGTAAACATCCTCGACTGGA	27408	0.47162912000077095	No Hit
AGCAGCATTGTACAGGGCTATGA	26650	0.4585856701700432	No Hit
AATATAACACAGATGGCCTGT	26552	0.4568993138594742	No Hit
TTCAAGTAATCCAGGATAGGCA	24659	0.4243251047175645	No Hit
TGAGATGAAGCACTGTAGCTCA	23701	0.4078401113958797	No Hit
TGAGGTAGTAGGTTGTGTGGTT	22313	0.3839557995686369	No Hit
AGCTGGTGTTGTGAATCAGGCCG	21201	0.36482081775891506	No Hit
TCGAGGAGCTCACAGTCTAGT	21048	0.3621880369883328	No Hit
TATTGCACTTGTCCCGGCCTGT	20553	0.3536702168482138	No Hit
TGAGGTAGTAAGTTGTATTGTT	20482	0.352448468908924	No Hit
CATTATTACTTTTGGTACGCG	20224	0.34800887780558926	No Hit
TGTAAACATCCTACACTCTCAGCT	19269	0.3315755076362688	No Hit
TCCCTGAGACCCTAACTTGTGA	18989	0.32675734674892876	No Hit
AACATTCAACCTGTCGGTGAGTT	18988	0.3267401390314739	No Hit
TCGGATCCGTCTGAGCTTGGCTT	18693	0.3216638623823121	No Hit
AACATTCAACCTGTCGGTGAGT	18069	0.3109262466905257	No Hit
CGCCTGTCTGAGCGTCGCT	17321	0.29805487403434594	No Hit
TGAGGTAGTAGTTTGTGCTGTT	17318	0.2980032508819816	No Hit
AACATTCAACGCTGTCGGTGAGA	16962	0.2918773034680778	No Hit
GCTAAATTTGACTGGCTT	16549	0.2847705161592512	No Hit
TCACAGTGAACCGGTCTCTT	16439	0.28287766723922475	No Hit
TTCAAGTAATCCAGGATAGGCG	16119	0.27737119765369334	No Hit
TAGCACCATCTGAAATCGGTT	15799	0.27186472806816186	No Hit
GTACAGTACTGTGATAACTGA	15744	0.2709183036081486	No Hit
ATAGGCGATAGAAATTGAAACCT	15000	0.2581157618217879	No Hit
TTCAAGTAATCCAGGATAGGC	14799	0.254657010613376	No Hit
TCCAGCATCAGTGATTTTGTT	14404	0.24785996221873557	No Hit
AACATTCAACGCTGTCGGTGAGTT	14259	0.2453648431877916	No Hit
CATCATCGTCTCAAATGAGTCT	14207	0.24447004188014274	No Hit
TTCAAGTAATTCAGGATAGGTT	13490	0.23213210846506127	No Hit
TATTGCACTCGTCCCGGCCTC	13470	0.23178795411596553	No Hit
TGAGGTAGGAGGTTGTATAGTT	13263	0.2282259566028249	No Hit
TTCAAGTAATCCAGGATAGGCTT	13115	0.22567921441951658	No Hit
TATACAAGGGCAAGCTCTCTGT	13017	0.22399285810894756	No Hit
AGCTACATCTGGCTACTGGGTCTC	11833	0.2036189206424811	No Hit
TGTAAACATCCTCGACTGGAA	11752	0.20222509552864343	No Hit
TTCCCTTTGTCATCCTATGCCT	11615	0.19986763823733777	No Hit
AACATTCATTGCTGTCGGTGGGT	10951	0.18844171384735997	No Hit
AACATTCATTGCTGTCGGTGGG	10948	0.1883900906949956	No Hit
TACAGTACTGTGATAACTGACT	10740	0.18481088546440017	No Hit
TGTAAACATCCTACACTCAGCT	10512	0.18088752588470897	No Hit
TCGACCGGACCTCGACCGGCT	10453	0.17987227055487662	No Hit
TAGCAGCACGTAAATATTGGCG	10406	0.17906350783450167	No Hit
AGCTACATTGTCTGCTGGGTTT	10385	0.17870214576795118	No Hit
TAGTAGACCGTATAGCGTACG	10352	0.17813429109194323	No Hit
TTATAAAGCAATGAGACTGATT	10134	0.17438300868679993	No Hit
TCGGATCCGTCTGAGCTTGGC	10109	0.17395281575043028	No Hit
TAGCACCATCTGAAATCGGTTA	9861	0.1696853018216434	No Hit
TTCACAGTGGCTAAGTTCTGCT	9622	0.16557265734994955	No Hit
TCCCTGAGACCCTTTAACCTGT	9442	0.1624752682080881	No Hit
TATTGCACTCGTCCCGGCCTCA	9396	0.16168371320516794	No Hit
TAGCTTATCAGACTGATGTTGA	9223	0.15870677808549	No Hit
ATAGTAGACCGTATAGCGTACG	9069	0.156056789597453	No Hit
AGCTACATTGTCTGCTGGGTTTC	8819	0.1517548602337565	No Hit
GTACAGTACTGTGATAACT	8772	0.15094609751338156	No Hit
TATTGCACTTGTCCCGGCCTGTAA	8723	0.15010291935809708	No Hit
TCAGTGCACTACAGAACTTTGT	8693	0.1495866878344535	No Hit
TCTTTGGTTATCTAGCTGTATGT	8661	0.14903604087590033	No Hit
TCACAGTGAACCGGTCTCTTTT	8592	0.14784870837152014	No Hit
TGTAAACATCCTCGACTGGAAGC	8502	0.14630001380058938	No Hit
CACCCGTAGAACCGACCTTGCG	8203	0.14115490628160843	No Hit
TCGGATCCGTCTGAGCTTGGCTTT	8203	0.14115490628160843	No Hit
AACCCGTAGATCCGAACTTGTG	8077	0.13898673388230542	No Hit
TCCAGCATCAGTGATTTTGTTG	8074	0.13893511072994105	No Hit
GTACAGTACTGTGATAACTGAA	8052	0.13855654094593575	No Hit
TCGGATCCGTCTGAGCTTGGCA	7964	0.1370422618099146	No Hit
CGCGACCTCAGATCAGA	7901	0.1359581756102631	No Hit
TATTGCACTCGTCCCGGCCTCCA	7870	0.13542473636916474	No Hit
TACAGTACTGTGATAACTGAAG	7524	0.12947086612980882	No Hit
AGCAGCATTGTACAGGGCTATGT	7411	0.12752639405741803	No Hit
AACATTCAACGCTGTCGGTGG	7376	0.12692412394650052	No Hit
CTAGACTGAAGCTCCTTGAGGA	7360	0.12664880046722393	No Hit
TTGCATAGTCACAAAAGTGATC	7321	0.1259776994864873	No Hit
TCGAGGAGCTCACAGTCTAGTA	7291	0.12546146796284371	No Hit
TCGGATCCGTCTGAGCTTGGCTAT	7278	0.1252377676359315	No Hit
TGTAAACATCCCCGACTGGAAGC	7071	0.12167577012279084	No Hit
TCGACACAAGGGTTTGT	6971	0.11995499837731224	No Hit
AACATTCAACGCTGTCGGTG	6883	0.11844071924129108	No Hit
GAGAAAGCTCACAAGAACTG	6856	0.11797611087001186	No Hit
TCACAGTGAACCGGTCTCTTTC	6842	0.11773520282564486	No Hit
TACAGTACTGTGATAACTGAA	6609	0.11372580465867978	No Hit
TGAGGTAGTAGGTTGTGTGGTTT	6512	0.11205665606556553	No Hit
TTCCCTTTGTCATCCTATGCCTG	6357	0.10938945986007373	No Hit
TAAGGCACGCGGTGAATGCC	6307	0.10852907398733443	No Hit
TGAGGTAGTAGTTTGTACAGT	6307	0.10852907398733443	No Hit
TCACAGTGAACCGGTCTCT	6214	0.10692875626403935	No Hit
TGTAAACATCCTCGACTGGAAGCA	6141	0.10567259288983998	No Hit
TCGGATCCGTCTGAGCTTGGCTA	6125	0.1053972694105634	No Hit
TCGGATCCGTCTGAGCTTGG	6054	0.1041755214712736	No Hit
AGAGGTAGTAGGTTGCATAGTT	5991	0.1030914352716221	No Hit
AGCAGCATTGTACAGGGCTATG	5859	0.10082001656759036	No Hit
>>END_MODULE
>>Adapter Content	pass
#Position	Illumina Universal Adapter	Illumina Small RNA 3' Adapter	Illumina Small RNA 5' Adapter	Nextera Transposase Sequence	SOLID Small RNA Adapter
1	0.0	0.0	0.0	0.0	0.0
2	0.0	0.0	0.0	0.0	0.0
3	0.0	0.0	0.0	0.0	0.0
4	0.0	0.0	0.0	0.0	0.0
5	0.0	0.0	0.0	0.0	0.0
6	0.0	0.0	0.0	0.0	0.0
7	0.0	0.0	0.0	0.0	0.0
8	0.0	0.0	0.0	0.0	0.0
9	0.0	0.0	0.0	0.0	0.0
10	0.0	0.0	0.0	0.0	0.0
11	0.0	0.0	0.0	0.0	0.0
12	0.0	0.0	0.0	0.0	0.0
13	0.0	0.0	0.0	0.0	0.0
14	0.0	0.0	0.0	0.0	0.0
15	0.0	0.0	0.0	0.0	0.0
16	0.0	0.0	0.0	0.0	0.0
>>END_MODULE
>>Kmer Content	warn
#Sequence	Count	PValue	Obs/Exp Max	Max Obs/Exp Position
ACTATGT	5	0.0030590706	1635.3815	22
CGCATTT	5	0.0030590706	1635.3815	22
TCTAGTC	5	0.0030590706	1635.3815	22
GCCGCTT	5	0.0030590706	1635.3815	22
TAACCTT	5	0.0030590706	1635.3815	22
AACAGGC	5	0.0030590706	1635.3815	22
GCACCCA	160	0.0	1482.0645	22
TTCGCCA	130	0.0	1320.8851	22
TCTGATA	510	0.0	1266.619	22
TATGAAC	60	0.0	1226.5361	22
CACGGAG	55	0.0	892.0263	22
CCTGACC	280	0.0	876.0973	22
TTCGCCG	75	0.0	872.2035	22
ATGGCCA	95	0.0	860.7272	22
GGAATAA	125	0.0	850.39844	22
CTTTTAT	10	4.1660114E-5	805.5398	21
CTATTAT	10	4.1660114E-5	805.5398	21
GGATTCC	175	0.0	794.3281	22
GCGACCC	325	0.0	729.6318	22
GCGACCA	35	2.2715722E-7	700.87787	22
>>END_MODULE
