##FastQC	0.11.5
>>Basic Statistics	pass
#Measure	Value
Filename	ct5
File type	Conventional base calls
Encoding	Illumina 1.5
Total Sequences	7341377
Sequences flagged as poor quality	0
Sequence length	17-28
%GC	48
>>END_MODULE
>>Per base sequence quality	pass
#Base	Mean	Median	Lower Quartile	Upper Quartile	10th Percentile	90th Percentile
1	36.57594167960588	39.0	38.0	40.0	31.0	40.0
2	36.52642208675566	39.0	38.0	40.0	30.0	40.0
3	36.53665981191267	40.0	38.0	40.0	30.0	40.0
4	36.38784944568301	39.0	38.0	40.0	30.0	40.0
5	36.47318861298092	39.0	38.0	40.0	31.0	40.0
6	36.418813391547666	39.0	38.0	40.0	30.0	40.0
7	36.515688269380526	40.0	38.0	40.0	30.0	40.0
8	36.38536162902409	39.0	38.0	40.0	30.0	40.0
9	36.38154136478756	39.0	38.0	40.0	30.0	40.0
10	36.43303116023057	40.0	38.0	40.0	30.0	40.0
11	36.60275926437234	40.0	38.0	40.0	31.0	40.0
12	36.54223506026185	40.0	38.0	40.0	31.0	40.0
13	36.50741379989068	39.0	38.0	40.0	31.0	40.0
14	36.44620416578525	39.0	38.0	40.0	31.0	40.0
15	36.4242401663884	39.0	38.0	40.0	31.0	40.0
16	36.47165402348905	39.0	38.0	40.0	31.0	40.0
17	36.387905157302235	39.0	38.0	40.0	31.0	40.0
18	36.34113576278177	39.0	38.0	40.0	31.0	40.0
19	36.26199043313284	39.0	38.0	40.0	30.0	40.0
20	36.136258315759264	39.0	38.0	40.0	30.0	40.0
21	36.12795567342709	39.0	38.0	40.0	30.0	40.0
22	36.276825557077956	39.0	38.0	40.0	31.0	40.0
23	35.929204171485935	39.0	37.0	40.0	29.0	40.0
24	35.79950361206039	39.0	36.0	40.0	29.0	40.0
25	35.79167227638349	39.0	36.0	40.0	29.0	40.0
26	35.682258517915194	39.0	36.0	40.0	30.0	40.0
27	36.02500098517731	39.0	36.0	40.0	30.0	40.0
28	35.98706314807703	39.0	36.0	40.0	30.0	40.0
>>END_MODULE
>>Per tile sequence quality	fail
#Tile	Base	Mean
1	1	-0.8923753191403705
1	2	-0.936289241563621
1	3	-0.9888087080983539
1	4	-0.9253550941844395
1	5	-1.0090397355890346
1	6	-0.9357194101846886
1	7	-0.9334379698867394
1	8	-0.9185957505338749
1	9	-0.9560956409766419
1	10	-0.9298510252098211
1	11	-0.9322064880941312
1	12	-0.9578567643513836
1	13	-0.9288136899642794
1	14	-0.89462721202284
1	15	-1.0433362796803465
1	16	-1.0019748160337159
1	17	-0.9436533689665723
1	18	-1.0358215975494716
1	19	-0.9850783256918518
1	20	-1.0215812417649701
1	21	-0.9180823411506864
1	22	-0.9436217075025297
1	23	-0.6422724792266052
1	24	-0.2744729966221797
1	25	-0.3590164037380035
1	26	0.22177333202157712
1	27	0.42218161121962794
1	28	1.7584470558601808
2	1	-0.8698381045397738
2	2	-0.8953079904826069
2	3	-0.9078292256398726
2	4	-0.9228342783365804
2	5	-0.8812267186461469
2	6	-0.9589840996820556
2	7	-0.9747349756074684
2	8	-0.9762368508893857
2	9	-0.9379063892447448
2	10	-0.9183578867845128
2	11	-0.9399941111599546
2	12	-0.9805639676350495
2	13	-0.9446442826266477
2	14	-0.9967825455929145
2	15	-1.0126206729281506
2	16	-0.9510433778494871
2	17	-0.9285841894547602
2	18	-0.9079249670148712
2	19	-0.9059096913446183
2	20	-1.0718707049772007
2	21	-1.0087910826819737
2	22	-0.9542490864221662
2	23	-1.0744670562792749
2	24	-0.5969459904493419
2	25	-0.736028659021791
2	26	-1.2506922499558968
2	27	-1.4825757777482877
2	28	-2.485082355904524
3	1	-0.8816544213850008
3	2	-0.8796589563305659
3	3	-0.9307768048923819
3	4	-0.8632772421979737
3	5	-0.8283583278268196
3	6	-0.9233605030667746
3	7	-0.9071130074792393
3	8	-0.8863322418224371
3	9	-0.9193434953656734
3	10	-0.8929168952222852
3	11	-0.8291769189740066
3	12	-0.8640425267909393
3	13	-0.8722699227133788
3	14	-0.8666068004445364
3	15	-0.9393200522929561
3	16	-0.8758152342821717
3	17	-0.9019533512730504
3	18	-0.9141088862073019
3	19	-0.9101319344174286
3	20	-0.9674928227783894
3	21	-0.8170605049605939
3	22	-0.8500222217865314
3	23	-0.6888517613459513
3	24	-0.5058001571160062
3	25	-0.10588011181474855
3	26	-0.09616323857981968
3	27	0.1373963183125113
3	28	0.3801137225268434
4	1	-0.5702927629697143
4	2	-0.5933585485300483
4	3	-0.5705185610012933
4	4	-0.5855753329457869
4	5	-0.5716322470327455
4	6	-0.6465372373272231
4	7	-0.5630030776769317
4	8	-0.6139808719754143
4	9	-0.5890219944075525
4	10	-0.5304763430071091
4	11	-0.47413359245975073
4	12	-0.49637256744536273
4	13	-0.530066290359315
4	14	-0.5453206245247131
4	15	-0.577286761963677
4	16	-0.5174461995670114
4	17	-0.476355267334732
4	18	-0.5935469025723421
4	19	-0.6083191945192823
4	20	-0.6247384674938417
4	21	-0.7055639321618514
4	22	-0.6398571418214161
4	23	-0.6025679952824845
4	24	-0.25507807752678957
4	25	-0.5037245508490855
4	26	-0.04286326466656476
4	27	-0.49555297730147885
4	28	0.3054800228931427
5	1	-0.8567720348914136
5	2	-0.783606456069684
5	3	-0.6988811816576117
5	4	-0.7963546304915994
5	5	-0.7035505419710475
5	6	-0.6870730048938967
5	7	-0.6212896660533502
5	8	-0.7955255517838324
5	9	-0.6845106762659015
5	10	-0.6536210755562308
5	11	-0.6380229178905097
5	12	-0.594627048221966
5	13	-0.6110756565169311
5	14	-0.526335413312907
5	15	-0.5307254757136448
5	16	-0.6317139091605597
5	17	-0.5410148447596441
5	18	-0.5878858748921942
5	19	-0.5937040479724658
5	20	-0.61652112809751
5	21	-0.4672436263230608
5	22	-0.5566337060853215
5	23	-0.6731853687269691
5	24	0.1647035511658217
5	25	0.4003009595709557
5	26	0.6158196778326328
5	27	0.30806749710551173
5	28	-0.29488627747315377
6	1	-0.7064784608123063
6	2	-0.7638797936607773
6	3	-0.8227308407528966
6	4	-0.7926068822844599
6	5	-0.7656481952501579
6	6	-0.7221039790796979
6	7	-0.7279224894372334
6	8	-0.753092580319155
6	9	-0.7095597637521962
6	10	-0.7124656104234717
6	11	-0.6845086806926446
6	12	-0.6590039498222637
6	13	-0.619159563591893
6	14	-0.6348583983145346
6	15	-0.6795759584289058
6	16	-0.6074796023697502
6	17	-0.6393613732978594
6	18	-0.6288399678502117
6	19	-0.602683890808045
6	20	-0.642958782089103
6	21	-0.5945884966886226
6	22	-0.6340768194118169
6	23	-0.8208083217874744
6	24	-0.43000228477558267
6	25	0.16462595919007583
6	26	0.24690292408828896
6	27	-0.04543282402486426
6	28	-0.7457634704556071
7	1	-0.5662970499032767
7	2	-0.6055760779475747
7	3	-0.6122648843492442
7	4	-0.5938671574725021
7	5	-0.5797124106626299
7	6	-0.6033810211801836
7	7	-0.6138170961382059
7	8	-0.6664952566900837
7	9	-0.6118084816557428
7	10	-0.606793258421277
7	11	-0.5878612690162868
7	12	-0.5772604866862352
7	13	-0.6235179201971377
7	14	-0.6059973826730527
7	15	-0.6373055570955799
7	16	-0.6321501130969551
7	17	-0.669269554187359
7	18	-0.620337679847772
7	19	-0.622873284968307
7	20	-0.6540715617857558
7	21	-0.673446602982338
7	22	-0.653905015012711
7	23	-0.43410921392047896
7	24	0.41220123564165334
7	25	0.5064172697313865
7	26	0.5417445637575184
7	27	0.3977743819044264
7	28	0.16799251040563234
8	1	-0.5025041799198533
8	2	-0.6019091855982168
8	3	-0.5696290661716716
8	4	-0.5812676197329125
8	5	-0.5566582234705066
8	6	-0.543998675792281
8	7	-0.5946267522444799
8	8	-0.603501863745393
8	9	-0.5646366281782775
8	10	-0.6005337855849149
8	11	-0.5191777773159671
8	12	-0.5541642758207814
8	13	-0.6264963713913048
8	14	-0.5442586298422967
8	15	-0.6091540850996893
8	16	-0.5916779537805397
8	17	-0.5827605541173213
8	18	-0.5340601537186771
8	19	-0.5372467188482588
8	20	-0.5530615635089617
8	21	-0.6297018257371718
8	22	-0.6709861151742729
8	23	-0.6558170328505213
8	24	-0.07250183778827335
8	25	0.18670573126984635
8	26	0.515292266312855
8	27	0.32473416377218456
8	28	1.486961907345325
9	1	-0.47227894571614826
9	2	-0.45342693952059676
9	3	-0.44544728423026925
9	4	-0.5280372126408324
9	5	-0.45700390529516
9	6	-0.4644823266175706
9	7	-0.5478289125185967
9	8	-0.5296860185713683
9	9	-0.5821518193853166
9	10	-0.6045918737992722
9	11	-0.5158080913909657
9	12	-0.5383392238546136
9	13	-0.5489143977208357
9	14	-0.5531381917128826
9	15	-0.5713355063626366
9	16	-0.5604581582282719
9	17	-0.5524783706838505
9	18	-0.6296143233551703
9	19	-0.5448103869447039
9	20	-0.5558524530081996
9	21	-0.5071296935138321
9	22	-0.5204891973398205
9	23	-0.7876394530203399
9	24	-0.6981529014265817
9	25	-0.3134925240830455
9	26	-0.011360599517139747
9	27	-0.16427549806356723
9	28	0.35949968743912564
10	1	-0.4750155194516523
10	2	-0.5344453831153047
10	3	-0.4854444783149532
10	4	-0.5303499810491132
10	5	-0.5479327243146628
10	6	-0.5109224904925469
10	7	-0.5463867726388045
10	8	-0.5017967829617476
10	9	-0.5184351380459589
10	10	-0.5027048381532069
10	11	-0.43245207614088343
10	12	-0.469893204493566
10	13	-0.4604477617165088
10	14	-0.41403622590965483
10	15	-0.4593508806899038
10	16	-0.3994988300630027
10	17	-0.4484710605602942
10	18	-0.3998537877946049
10	19	-0.45419206538880275
10	20	-0.4157244053597182
10	21	-0.3855247203022856
10	22	-0.3373259575252803
10	23	-0.19981705373999858
10	24	0.3132285053043731
10	25	0.10295883300682362
10	26	-0.023905202550146498
10	27	-0.37341398437596496
10	28	-0.2657196108064852
11	1	-0.3165508387392961
11	2	-0.30338987949861007
11	3	-0.30543884175394
11	4	-0.3029096705597638
11	5	-0.28267427811805845
11	6	-0.31007057437013685
11	7	-0.29065515662091457
11	8	-0.3167021030213917
11	9	-0.3543761646775181
11	10	-0.31928746638301675
11	11	-0.34303919020213414
11	12	-0.316549317211674
11	13	-0.27822135836620276
11	14	-0.3062993453547094
11	15	-0.36284881523882007
11	16	-0.2902473920608415
11	17	-0.33890821056330367
11	18	-0.2692898799778902
11	19	-0.37610787982437444
11	20	-0.3425069390092901
11	21	-0.35363811892680275
11	22	-0.40897806696076344
11	23	-0.030912786398296532
11	24	0.21923525364886842
11	25	0.06012548700157794
11	26	0.8177407756027861
11	27	0.8273657427195502
11	28	0.7589016013147258
12	1	-0.4270910319839061
12	2	-0.47907980832930264
12	3	-0.4805724551306412
12	4	-0.44509710292484783
12	5	-0.46820325519927053
12	6	-0.4520148531266841
12	7	-0.4469280743563928
12	8	-0.4462696130737456
12	9	-0.4999257113663731
12	10	-0.4249301302776871
12	11	-0.44045154981257184
12	12	-0.4046832023390934
12	13	-0.43798874974834945
12	14	-0.4110061960201108
12	15	-0.43013200496410775
12	16	-0.38260739941795663
12	17	-0.4462298219966456
12	18	-0.43095559649849946
12	19	-0.4630146238212305
12	20	-0.5040082357506677
12	21	-0.5217421521774384
12	22	-0.5051154107231852
12	23	-0.49718733717914887
12	24	0.46353008161078435
12	25	0.827812106003428
12	26	0.7372078842208367
12	27	0.7815717706097871
12	28	0.018447055860178807
13	1	-0.2167117815002939
13	2	-0.2616201042408406
13	3	-0.2723134630049202
13	4	-0.24248116999313396
13	5	-0.2658932183541509
13	6	-0.2930981289054273
13	7	-0.3676536265682202
13	8	-0.32000768268031266
13	9	-0.27476606949198157
13	10	-0.27206388394620973
13	11	-0.25316202188259496
13	12	-0.2742929435613135
13	13	-0.26602408048862713
13	14	-0.26969158112186875
13	15	-0.28275275729561145
13	16	-0.263963451241942
13	17	-0.25140567497589217
13	18	-0.26117115413673986
13	19	-0.25674751013550434
13	20	-0.24553400012190707
13	21	-0.31408129477613755
13	22	-0.37491778761746986
13	23	-0.29993619044463316
13	24	0.031139618794355783
13	25	0.43537947132289645
13	26	0.9426883647013184
13	27	0.6716070845971984
13	28	0.3878297719095585
14	1	-0.24579715741047892
14	2	-0.36209368638607486
14	3	-0.2851873549258741
14	4	-0.40662130387064366
14	5	-0.3140689293766883
14	6	-0.3865534525508778
14	7	-0.3675183940900837
14	8	-0.3806743269336508
14	9	-0.390759434415898
14	10	-0.3615211750015064
14	11	-0.3793270494783343
14	12	-0.37438092297636416
14	13	-0.38683834393748384
14	14	-0.4195040891925501
14	15	-0.3321294319771795
14	16	-0.36809587631905316
14	17	-0.403006245624816
14	18	-0.41714979656367035
14	19	-0.4443159053837462
14	20	-0.47061143946763906
14	21	-0.4964483113480185
14	22	-0.4708187230760643
14	23	-0.4771238752557494
14	24	-0.4933001571160034
14	25	0.3765757204356106
14	26	0.6572800648351844
14	27	0.6195978954283632
14	28	0.3018616900065183
15	1	-0.23727614877413572
15	2	-0.2061815870319137
15	3	-0.1670558366573971
15	4	-0.22276706355938103
15	5	-0.21135603585464224
15	6	-0.18244485055436854
15	7	-0.20818502687060914
15	8	-0.16268762570312134
15	9	-0.19987874905332603
15	10	-0.15523209234551416
15	11	-0.18896395949369094
15	12	-0.18693154809862733
15	13	-0.21921519477531604
15	14	-0.21311439550784428
15	15	-0.20066119176141228
15	16	-0.1857266498626018
15	17	-0.1933550418197072
15	18	-0.1438202031562099
15	19	-0.14128160006796975
15	20	-0.17054964173439657
15	21	-0.12187814348705217
15	22	-0.16926471952515953
15	23	-0.3195131751216209
15	24	-0.04799940523630397
15	25	0.17747940845971044
15	26	0.022786044798998262
15	27	-0.2685803371694391
15	28	-0.3522745936243581
16	1	-0.4762448639729513
16	2	-0.4821169024534555
16	3	-0.47701699970708233
16	4	-0.5214228371633567
16	5	-0.481370166889576
16	6	-0.5303692729132194
16	7	-0.5887863913109399
16	8	-0.5759702370435136
16	9	-0.5589208333341915
16	10	-0.5623389735044455
16	11	-0.47450444818418447
16	12	-0.5333363694954443
16	13	-0.4980965034401663
16	14	-0.5513234038086594
16	15	-0.5650320799577884
16	16	-0.5442102307230101
16	17	-0.5353534134752849
16	18	-0.520146909387293
16	19	-0.4882395373491235
16	20	-0.61854763271851
16	21	-0.5872462220384733
16	22	-0.46312730755068543
16	23	-0.623617024117948
16	24	0.3698441727809012
16	25	1.0939355981771328
16	26	0.8266293369235385
16	27	1.0902897193277354
16	28	0.25890160131472584
17	1	-0.15673439444113768
17	2	-0.15261173020190455
17	3	-0.1255078772779612
17	4	-0.15097112247115518
17	5	-0.15190143836495906
17	6	-0.171480274565873
17	7	-0.2306098487336783
17	8	-0.22845180877872906
17	9	-0.23715293159428086
17	10	-0.2475042044410003
17	11	-0.22467888169212102
17	12	-0.20009280906805316
17	13	-0.25143034079151505
17	14	-0.18602353387755244
17	15	-0.22294279121460647
17	16	-0.21169961770727497
17	17	-0.20608336477985034
17	18	-0.25894407359118077
17	19	-0.33034232470838987
17	20	-0.21081333420642778
17	21	-0.25522718023326973
17	22	-0.17863952454018772
17	23	-0.27701451189160764
17	24	0.4433277498607353
17	25	0.1363514802577015
17	26	0.18991058692353846
17	27	0.5274728179192891
17	28	4.1888684609148186E-4
18	1	-0.14393423616832735
18	2	-0.15408767259585687
18	3	-0.15829010799118493
18	4	-0.17248890448060905
18	5	-0.14851095845053663
18	6	-0.19663897089296256
18	7	-0.18889348412676554
18	8	-0.209097486146959
18	9	-0.22439659394007805
18	10	-0.1979934741803362
18	11	-0.2229617098177954
18	12	-0.15632413560719982
18	13	-0.25421614802781534
18	14	-0.17066129553072784
18	15	-0.22232156696159677
18	16	-0.1777294333599002
18	17	-0.25846447520642357
18	18	-0.1893096986980467
18	19	-0.20623999267128568
18	20	-0.14139429950461846
18	21	-0.2232356466891403
18	22	-0.21629266524976742
18	23	-0.45563622941017456
18	24	-0.4760600399856969
18	25	0.013628808192926556
18	26	0.33574392025687416
18	27	0.29457543361345273
18	28	-0.5087751663620423
19	1	-0.07734890772659497
19	2	-0.03460127641287869
19	3	-0.05572461907781445
19	4	-0.06258497470729907
19	5	-0.04557635825976547
19	6	-0.033901853896061596
19	7	-0.06147008825566047
19	8	-0.06335097673156298
19	9	-0.05675703896265105
19	10	-0.09591161203005072
19	11	-0.09606598850047732
19	12	-0.027614035582544716
19	13	-0.07429210492385607
19	14	-0.019309118249964285
19	15	-0.040102522143968145
19	16	-0.04692716194096391
19	17	-1.5840809135880818E-4
19	18	-0.05518552079922756
19	19	-0.11021161141566438
19	20	-0.0769755440452542
19	21	-0.0853209464739848
19	22	-0.180927156486419
19	23	-0.1609686429075694
19	24	-0.4780422774598492
19	25	-0.6871515708483216
19	26	-0.41555816307646154
19	27	0.5680519570899776
19	28	-0.838023532375118
20	1	0.09354666701609915
20	2	0.1200818884868724
20	3	0.0954915362762847
20	4	0.011044110150436381
20	5	0.084532924484229
20	6	0.08895711527974726
20	7	0.05308339149353003
20	8	0.00815899252685881
20	9	0.003015486853165328
20	10	0.05463436018450807
20	11	0.005371976964880787
20	12	0.003036064800333804
20	13	0.004498796303032293
20	14	0.0032158697421920124
20	15	0.025171536379957615
20	16	0.007128928407645674
20	17	0.05797116571154959
20	18	-0.0059023475403279235
20	19	-0.07229899002572893
20	20	-0.07427955899322569
20	21	0.05367250707914906
20	22	0.055820912694194647
20	23	0.07457039655553643
20	24	0.1335811742877553
20	25	-0.32220115132124505
20	26	-0.24461322260027174
20	27	-0.2708031768471244
20	28	-0.26532652904548115
21	1	-0.08883859137759487
21	2	-0.13103594616160308
21	3	-0.1951870213864524
21	4	-0.21833638891439477
21	5	-0.17355632521375952
21	6	-0.1687467356850192
21	7	-0.20718170042217565
21	8	-0.23782213902878624
21	9	-0.1325788434656019
21	10	-0.1338723407604263
21	11	-0.1085438194971502
21	12	-0.12465480520398131
21	13	-0.1668892909039812
21	14	-0.1535363829345826
21	15	-0.13663873474370547
21	16	-0.14821814577624082
21	17	-0.12487808690022462
21	18	-0.16059357164728283
21	19	-0.1662421356659607
21	20	-0.14097807248920446
21	21	-0.2753080454799317
21	22	-0.2980607575458478
21	23	-0.4303806531449368
21	24	-0.4088366697836676
21	25	-0.41339578012198785
21	26	-0.027974788570531928
21	27	0.25792129827510735
21	28	-0.6082196108064863
22	1	-2.1076762812747916
22	2	-1.8382389953233798
22	3	-2.2385681303152296
22	4	-2.2749487453434654
22	5	-2.708948291061297
22	6	-2.2132915449119395
22	7	-1.6984170437492878
22	8	-1.7045404915169797
22	9	-1.9033687124532648
22	10	-1.7685225794694546
22	11	-1.045189920745912
22	12	-1.3441302200609897
22	13	-1.2700922430417094
22	14	-1.3168172692782392
22	15	-0.9270715389369499
22	16	-1.0916914094507675
22	17	-0.9979962887115192
22	18	-1.0914709192172154
22	19	-0.8091988560145467
22	20	-0.8483113755797476
22	21	-0.7887201362683669
22	22	-0.7896626847113737
22	23	-0.8470501684573577
22	24	-0.24818268281350697
22	25	-0.6187721242080073
22	26	-0.16082780970093324
22	27	0.44438367905927834
22	28	1.3502117617425355
23	1	3.8554791434819435E-4
23	2	-0.02737750137161754
23	3	0.06962230676760583
23	4	-0.006010602341468996
23	5	0.08071120908302731
23	6	0.011574494104671373
23	7	0.0024948930712014317
23	8	0.0013567248256478592
23	9	-0.04012877491297928
23	10	0.013708220301744234
23	11	-0.018914194036604215
23	12	0.019583966869596736
23	13	0.00701499386055815
23	14	-0.005257002850015624
23	15	-0.051269722654254224
23	16	-0.012343009250969317
23	17	-0.10130605461489495
23	18	-0.02598870145560994
23	19	-0.15398965955928645
23	20	-0.106078771719325
23	21	-0.12182099572764571
23	22	-0.12592839943789613
23	23	-0.3237518243092765
23	24	0.08536598952986196
23	25	-0.4934847678861658
23	26	-0.4509624289494809
23	27	-0.5167691042016713
23	28	-1.0554923380792118
24	1	-0.07832894731488693
24	2	-0.0152564505029531
24	3	-0.05391938259919726
24	4	-0.054713055589040493
24	5	-0.03930939020428781
24	6	-0.09447711082184895
24	7	-0.10838446158894754
24	8	-0.13835013536864693
24	9	-0.11295301331699648
24	10	-0.11808273329913277
24	11	-0.07638842521880918
24	12	-0.09978833533374143
24	13	-0.10728233243659702
24	14	-0.08441093045904324
24	15	-0.10193245866643963
24	16	-0.10060477064254059
24	17	-0.1181258339850686
24	18	-0.14895571260206708
24	19	-0.13344319114503378
24	20	-0.1346602254678757
24	21	-0.12504124591244903
24	22	-0.1561250864158339
24	23	0.1475789662870639
24	24	0.5660748428839923
24	25	0.49018228474640324
24	26	-0.12488533144380654
24	27	-0.7660065769685573
24	28	0.18979840721153352
25	1	0.09233835237436949
25	2	0.14999793514481752
25	3	0.14698457747090288
25	4	0.15069843129730032
25	5	0.20969493122149885
25	6	0.15990054487601668
25	7	0.1998570739538721
25	8	0.15023956894383872
25	9	0.22597530734002902
25	10	0.16513953564920314
25	11	0.2989678402777187
25	12	0.32015834614996663
25	13	0.32194218951399733
25	14	0.28441714682045927
25	15	0.24280086312278826
25	16	0.25559374473552765
25	17	0.2408852236130059
25	18	0.24105622051331466
25	19	0.2345783118997744
25	20	0.2504357615431445
25	21	0.19886631498737017
25	22	0.17527331733744944
25	23	0.09744124771594187
25	24	0.2819338522443715
25	25	0.3169394216301171
25	26	0.5909975434452761
25	27	0.7945754336134527
25	28	0.017018484431609693
26	1	-0.12059228964059798
26	2	-0.012538350991064817
26	3	0.046048307614682926
26	4	-0.0447982072364681
26	5	-0.05465672651186537
26	6	-0.03068261722113874
26	7	-0.021478606048546567
26	8	-0.036673286594044896
26	9	-0.019659093099903657
26	10	0.03535868639981743
26	11	0.055161399778462794
26	12	0.1072422327867244
26	13	0.05120999279132121
26	14	0.11130712564743561
26	15	0.15205069251761216
26	16	0.004423502064454965
26	17	0.09687216391681375
26	18	0.009676814568692294
26	19	0.11473294399667111
26	20	0.0170096163296094
26	21	0.22791470537926983
26	22	0.20781564873152547
26	23	0.14922411941284963
26	24	0.4348845562597887
26	25	0.2663065102377189
26	26	0.18029520230815166
26	27	-0.02587466423390339
26	28	1.260322055860179
27	1	-0.0028674794507850265
27	2	0.08835725200915334
27	3	0.0444269528280401
27	4	0.03800263612775723
27	5	-0.005303093601426667
27	6	0.05563599976389355
27	7	-0.01173629680064181
27	8	0.045695742979901866
27	9	0.04041936389440082
27	10	0.06569396326126054
27	11	0.027781999081952335
27	12	0.04348380939789109
27	13	0.02528896630061439
27	14	0.0550747429840186
27	15	0.015124038840056642
27	16	0.0950894774343567
27	17	0.08528858233272274
27	18	0.09165203176066683
27	19	0.08183104007222397
27	20	0.03504390515615796
27	21	-0.05832843955849398
27	22	0.014090969266163711
27	23	0.058339857475957047
27	24	0.15740517203759907
27	25	-0.27483273026861355
27	26	-0.2606213279700782
27	27	-0.32355643451841587
27	28	-0.5957634704556085
28	1	0.1351378697217811
28	2	0.07158519464556434
28	3	0.1345876888353459
28	4	0.14798079041376866
28	5	0.11958879470158479
28	6	0.14483220748382308
28	7	0.12265513079690038
28	8	0.12757347210258985
28	9	0.13266429489192433
28	10	0.1671912257419379
28	11	0.14327373556935186
28	12	0.17184446905483952
28	13	0.15940863589608512
28	14	0.15004968979874178
28	15	0.059459606471492066
28	16	0.09596500200925817
28	17	0.11782604034862487
28	18	0.10313239740202107
28	19	0.1474374239393299
28	20	0.10938277709170308
28	21	0.13095452384580852
28	22	0.1711891062915143
28	23	0.2946141903348405
28	24	0.04272091257605126
28	25	-0.15312220395282594
28	26	-0.38320262062362787
28	27	0.8914407984644299
28	28	0.6071037722780872
29	1	0.11780989661851748
29	2	0.13525108098382077
29	3	0.17207023016555922
29	4	0.12327075341628557
29	5	0.1253109379341879
29	6	0.10129278066926872
29	7	0.10896553920103713
29	8	0.07501346253307162
29	9	0.1101053147188864
29	10	0.13039283869418483
29	11	0.14443136701697767
29	12	0.1421462550451693
29	13	0.16847280095682748
29	14	0.08926955497040723
29	15	0.15075622252022214
29	16	0.13524210443852525
29	17	0.13363139589307593
29	18	0.07783228228937844
29	19	0.03326492647567392
29	20	0.07899430971114896
29	21	0.05933792830423812
29	22	0.09224209516652593
29	23	0.03811300830174247
29	24	0.4251208955155761
29	25	0.0970422697313893
29	26	0.16491058692353988
29	27	0.3498975624649958
29	28	-0.14042618357643732
30	1	0.13729434778258565
30	2	0.20630269241141264
30	3	0.20024529039001493
30	4	0.1219468597047424
30	5	0.14292001309339497
30	6	0.17625504646376555
30	7	0.15591733365798888
30	8	0.17730823200929535
30	9	0.1267627186972362
30	10	0.18381403087603587
30	11	0.17350058655186018
30	12	0.12765229582918636
30	13	0.14873604129480356
30	14	0.21101097772952215
30	15	0.14909642688348157
30	16	0.1690373835748602
30	17	0.1839433812344211
30	18	0.22926848803420086
30	19	0.16242513086555732
30	20	0.22018679982820544
30	21	0.1186965940042981
30	22	0.04515945196202864
30	23	0.07390203452631994
30	24	0.18169984288399377
30	25	0.12397679354091196
30	26	0.4153042877109385
30	27	0.5378368891390579
30	28	1.3637635115563782
31	1	0.1264150725386557
31	2	0.2028014547484318
31	3	0.1659308428483044
31	4	0.1765781458773077
31	5	0.1785974226592444
31	6	0.21354081252807333
31	7	0.23475725098741407
31	8	0.2178098867346847
31	9	0.2743180090914308
31	10	0.2653916705603905
31	11	0.3458886591335997
31	12	0.31016790089297785
31	13	0.29803297298801823
31	14	0.30012585485324905
31	15	0.3202332607074254
31	16	0.29474625443312163
31	17	0.25333195331216274
31	18	0.25350278037366536
31	19	0.22834517104055863
31	20	0.26344964107923374
31	21	0.2446102024420611
31	22	0.1710938349808373
31	23	-0.0867407928678503
31	24	0.22948815252064492
31	25	0.734542269731385
31	26	0.8235312765787128
31	27	1.2253946144326306
31	28	1.6241613415744638
32	1	0.2935585970990715
32	2	0.37553948052951114
32	3	0.3519994566728073
32	4	0.3272274601321712
32	5	0.3903303194447787
32	6	0.41930397522659035
32	7	0.3548957298451114
32	8	0.3901681387634568
32	9	0.36592752870851086
32	10	0.368298706818841
32	11	0.3591507706170205
32	12	0.4059929454877178
32	13	0.41791742171213997
32	14	0.38459772451892604
32	15	0.4066691803088318
32	16	0.36497289783488185
32	17	0.2500373718994595
32	18	0.35449894895604217
32	19	0.32873582993121886
32	20	0.3445176739091522
32	21	0.2947790016839491
32	22	0.26948713327565343
32	23	0.11878340308238222
32	24	0.679240826490549
32	25	0.9150406874529082
32	26	0.5093550313679813
32	27	0.20886114789916377
32	28	-0.22677033544417213
33	1	0.29514019474836317
33	2	0.29805019861402826
33	3	0.289313748696685
33	4	0.23240616636781652
33	5	0.3001528272766336
33	6	0.32240253500094695
33	7	0.29689521032484123
33	8	0.30089805945056014
33	9	0.3100726120263815
33	10	0.36355955392286177
33	11	0.3242359367244916
33	12	0.3468486340361139
33	13	0.3242390725473854
33	14	0.3298981181839551
33	15	0.2988101784285533
33	16	0.28118857659659113
33	17	0.3156721915144445
33	18	0.28375769981396815
33	19	0.28475064544407047
33	20	0.32777808286567023
33	21	0.3215155618072032
33	22	0.3165418517608529
33	23	0.16194226509036724
33	24	0.7672480156414707
33	25	1.9001672697313836
33	26	1.4443075718481637
33	27	1.3222252031987054
33	28	0.6991027935650962
34	1	0.48573998822832465
34	2	0.5398190305111541
34	3	0.4544568368494737
34	4	0.4762872453975291
34	5	0.5088161913563383
34	6	0.5221470367245402
34	7	0.42177263659675646
34	8	0.5141285442428369
34	9	0.44412307169505993
34	10	0.4926044464850179
34	11	0.4464601054392503
34	12	0.5492462854115274
34	13	0.503735244146668
34	14	0.5645453052022091
34	15	0.4715763745757542
34	16	0.5469942413358737
34	17	0.5001564225779873
34	18	0.4966542688328843
34	19	0.42873770839980097
34	20	0.47547940748803796
34	21	0.38417012807828854
34	22	0.27464576963971155
34	23	0.31376689819403936
34	24	0.7011134720440566
34	25	0.41324776508742644
34	26	0.04130543670894582
34	27	0.4993038038347777
34	28	-1.1553801046336503
35	1	0.3531614639370133
35	2	0.31996180348546943
35	3	0.2572501472153519
35	4	0.25095974061932935
35	5	0.25633503511025424
35	6	0.30836223538295826
35	7	0.37088912031874344
35	8	0.2864201821783894
35	9	0.30808414474653745
35	10	0.3303422795251052
35	11	0.31200294062807643
35	12	0.35327729284244924
35	13	0.3355489136076102
35	14	0.36258837073945216
35	15	0.36294615786516715
35	16	0.3407669114481138
35	17	0.3317641815300689
35	18	0.35436113672520975
35	19	0.3180310918477005
35	20	0.3337781878237749
35	21	0.32624230882161953
35	22	0.3877797071376463
35	23	0.21554104166197874
35	24	0.4333365040951236
35	25	0.19452210844106332
35	26	0.8137994758124307
35	27	0.7974430039992697
35	28	0.7708794882926142
36	1	0.35635060233960303
36	2	0.37029048162307987
36	3	0.3969060190311495
36	4	0.3810716997920238
36	5	0.4180769879587203
36	6	0.3910514131399552
36	7	0.41110277899655046
36	8	0.43180435003623785
36	9	0.41382708173048854
36	10	0.41222334333814814
36	11	0.4245791794801832
36	12	0.44212122535541454
36	13	0.4082668393494089
36	14	0.42923795630722594
36	15	0.42966305874103483
36	16	0.40061236694928226
36	17	0.460109375310644
36	18	0.4775801043893324
36	19	0.43468926093643034
36	20	0.4062085462917082
36	21	0.47319379094872716
36	22	0.5006367760882711
36	23	0.4998089147344871
36	24	1.0371748831416454
36	25	1.0831919610894118
36	26	0.4078857935351081
36	27	-0.43071656998044006
36	28	-0.7545761999537746
37	1	0.21780367085353447
37	2	0.27161455999667794
37	3	0.23253433777831134
37	4	0.25729767992972796
37	5	0.28708690849447294
37	6	0.2778187548110935
37	7	0.21244305233971517
37	8	0.3066697572741006
37	9	0.2747722983368135
37	10	0.3261056991701068
37	11	0.2928709927276074
37	12	0.3463075691427875
37	13	0.33015101795312063
37	14	0.3317576422700128
37	15	0.30670194258372874
37	16	0.3077980749444862
37	17	0.35148622415489683
37	18	0.3057456795576101
37	19	0.3839241635443713
37	20	0.3334399212375416
37	21	0.34718979022107277
37	22	0.3666375995547213
37	23	0.1975987866399791
37	24	0.27785368903784047
37	25	0.8623623916826091
37	26	0.7413811751588355
37	27	0.9614953930866008
37	28	0.9963417927022817
38	1	0.5515098186674479
38	2	0.562090137239089
38	3	0.48392621307037587
38	4	0.5850183414002856
38	5	0.5700711391209268
38	6	0.5558356295030151
38	7	0.46313884438838215
38	8	0.45762703650737535
38	9	0.44846651654189174
38	10	0.5455512683837824
38	11	0.5487374372453715
38	12	0.5657292461840839
38	13	0.5497948552655529
38	14	0.5235621555496763
38	15	0.5690699273227438
38	16	0.5807002065552425
38	17	0.606096383589545
38	18	0.6200406082831549
38	19	0.5243084877331725
38	20	0.568918656897317
38	21	0.5080719020894122
38	22	0.563547757050209
38	23	0.5810128006174224
38	24	1.1036743651769854
38	25	1.1121099448906193
38	26	0.7029859007310719
38	27	0.48465213543511965
38	28	-0.26155294413982233
39	1	0.42758168623797843
39	2	0.48598357948169024
39	3	0.5190759489097232
39	4	0.49288677342624254
39	5	0.5194897104676599
39	6	0.4736176464813653
39	7	0.42084657828392835
39	8	0.4566778566710781
39	9	0.486378986544004
39	10	0.49872687657412484
39	11	0.4301283601291459
39	12	0.45903292004768304
39	13	0.4469602125696781
39	14	0.45608014148350406
39	15	0.4664474580022784
39	16	0.46633907722964807
39	17	0.4606164925372127
39	18	0.5234538523203938
39	19	0.4759539781679436
39	20	0.5522222831757659
39	21	0.515394031972292
39	22	0.5571396523763994
39	23	0.3526831100568444
39	24	0.3142501784544649
39	25	0.8117057312698464
39	26	0.5339371355961049
39	27	0.6702897193277408
39	28	0.5823494948845678
40	1	0.3356768324017523
40	2	0.37997941765799226
40	3	0.3541891532533228
40	4	0.4258063394314675
40	5	0.3947030624674994
40	6	0.4135463409024567
40	7	0.32672241892828424
40	8	0.3880202826364325
40	9	0.39639070391402953
40	10	0.43616059730076273
40	11	0.42829378253392747
40	12	0.4840155545725011
40	13	0.42511536515687
40	14	0.45513338623193533
40	15	0.43792649286325513
40	16	0.36829533463951947
40	17	0.43102545776105927
40	18	0.46060698960500446
40	19	0.47868171495048273
40	20	0.38934657014454643
40	21	0.4321939993545243
40	22	0.46345895160806094
40	23	0.6401694846676094
40	24	0.6570754689274025
40	25	0.4622222859126168
40	26	0.4976460129325062
40	27	0.508861147899168
40	28	1.0004188868460915
41	1	0.4745009672045981
41	2	0.5133004779047994
41	3	0.4607794310465039
41	4	0.5165488094123134
41	5	0.48578740444892077
41	6	0.5123189583155963
41	7	0.4550694781562825
41	8	0.48893418397707933
41	9	0.4968401502573485
41	10	0.49926378068803245
41	11	0.4769889538137235
41	12	0.4426117796372466
41	13	0.4724471887526889
41	14	0.5115221562098924
41	15	0.46629728498748335
41	16	0.43529988085693105
41	17	0.4136787068389154
41	18	0.3944270453069336
41	19	0.42741606926022513
41	20	0.4776585893817824
41	21	0.5016605629066646
41	22	0.41445054551183347
41	23	0.28237553279096517
41	24	0.5415359084577673
41	25	0.8811374189851193
41	26	0.8850686896903355
41	27	1.490783546488231
41	28	-0.013665620196157136
42	1	0.30183227182291006
42	2	0.29686899875445505
42	3	0.3320350468841866
42	4	0.31116028131917517
42	5	0.34622789750454785
42	6	0.3393748063114117
42	7	0.3588274720286364
42	8	0.33559138210424067
42	9	0.3554168234022512
42	10	0.35381856463830275
42	11	0.40634787595776345
42	12	0.44633587138736885
42	13	0.4513727275145456
42	14	0.44608216003459233
42	15	0.41541054528767773
42	16	0.4329580335054857
42	17	0.37442001921336754
42	18	0.3606690070955807
42	19	0.31784026848699654
42	20	0.37743823679861066
42	21	0.33966419861882713
42	22	0.3315818300087017
42	23	0.1446037675981131
42	24	0.5692463112854824
42	25	-0.17277280517497928
42	26	-0.13457127836143457
42	27	-0.21169501349668707
42	28	-0.7373105198973988
43	1	0.4001702190983636
43	2	0.4747035150298302
43	3	0.4636846956494409
43	4	0.49686713494139667
43	5	0.4720620883903095
43	6	0.49566381187525366
43	7	0.48211074083730665
43	8	0.47909230811494297
43	9	0.4638748620640385
43	10	0.5062990464289427
43	11	0.4713477659138192
43	12	0.49857725990123924
43	13	0.4603110016144427
43	14	0.49104411097152934
43	15	0.549811961535049
43	16	0.5084645974142035
43	17	0.4816796124009528
43	18	0.4651257711134775
43	19	0.46747095231058466
43	20	0.49341488316763815
43	21	0.5456620430144739
43	22	0.6239996078278267
43	23	0.86977298152798
43	24	1.3840807952649428
43	25	1.1015408961050142
43	26	1.78713280914576
43	27	1.7980316548116093
43	28	2.9098756272887485
44	1	0.3311527356981685
44	2	0.3270751921444486
44	3	0.37147593161905945
44	4	0.4031086944796556
44	5	0.4012901219986773
44	6	0.412587282939775
44	7	0.3532031400763387
44	8	0.393039836968228
44	9	0.43020862007700345
44	10	0.42352344962054644
44	11	0.43679832625942083
44	12	0.43504674268260146
44	13	0.44635344066948335
44	14	0.5274111782236588
44	15	0.48743678849984207
44	16	0.4173044870685487
44	17	0.41055692089977924
44	18	0.46706048040545056
44	19	0.4725029323766492
44	20	0.3795861586772844
44	21	0.42017810817946355
44	22	0.4395290055398249
44	23	0.33730891473449276
44	24	0.5490182786381865
44	25	0.9080030906269059
44	26	0.4820090325193931
44	27	0.36935221932773743
44	28	1.0977063151194386
45	1	0.3865871250064288
45	2	0.3578214352365734
45	3	0.5079328298357808
45	4	0.5084457536750904
45	5	0.48498669240898096
45	6	0.5926041858775477
45	7	0.49933979306932486
45	8	0.4624453779967652
45	9	0.5279932294639238
45	10	0.5635362200997207
45	11	0.5347348244329666
45	12	0.6333520221508877
45	13	0.5331401505792073
45	14	0.6592582486879266
45	15	0.6594950761141618
45	16	0.5315132797854218
45	17	0.6188466254566904
45	18	0.6679318935624607
45	19	0.728626426893328
45	20	0.6973400937317535
45	21	0.7817116130791248
45	22	0.8434569979743003
45	23	0.9930018971906307
45	24	1.1542223654065182
45	25	0.9136288081929251
45	26	0.8932687958787611
45	27	0.46562806519239786
45	28	-0.08260557571876603
46	1	0.30964641444992935
46	2	0.30998280360069685
46	3	0.3033943051309791
46	4	0.3064486967263207
46	5	0.3435484868556955
46	6	0.3737103778717028
46	7	0.3561370827597088
46	8	0.33825833986117715
46	9	0.4049832855372273
46	10	0.41865936131598147
46	11	0.4369921845078011
46	12	0.4524144510174182
46	13	0.4405996899389635
46	14	0.4609678514265241
46	15	0.4411418272501635
46	16	0.4403096311848529
46	17	0.4796895529623484
46	18	0.4685397500041475
46	19	0.4019072835806412
46	20	0.4295921484433407
46	21	0.40027268722585774
46	22	0.41350779424008977
46	23	0.35321184947419937
46	24	0.17718720750493588
46	25	0.3587289135670062
46	26	-0.07830549347847438
46	27	1.314416703454718
46	28	-0.7994839786225825
47	1	0.3966365674232222
47	2	0.4329915503558297
47	3	0.448491496594869
47	4	0.49556531436547147
47	5	0.43647344978817415
47	6	0.5085304188418718
47	7	0.4923461802445743
47	8	0.4942945573762998
47	9	0.5175700207858753
47	10	0.5149090185918865
47	11	0.47777219142610505
47	12	0.5582984158274655
47	13	0.5338750594791506
47	14	0.5037604344004905
47	15	0.4867323960000931
47	16	0.5766103371843698
47	17	0.6055253352481742
47	18	0.555649490607145
47	19	0.5826558076491892
47	20	0.5946900887090862
47	21	0.5713957524722346
47	22	0.575956997974302
47	23	0.6924951758418061
47	24	1.1834984040350705
47	25	1.0983015980895985
47	26	0.8726028946158451
47	27	0.5784100200796161
47	28	0.8825647029190051
48	1	0.44205548269488304
48	2	0.48253685756724707
48	3	0.46300179465690405
48	4	0.4735557491581872
48	5	0.48375110423973666
48	6	0.46483461619481403
48	7	0.5252479686684453
48	8	0.4981547971327984
48	9	0.48442464693955856
48	10	0.529518558746517
48	11	0.4732211311434753
48	12	0.4638622684610283
48	13	0.45748576703588384
48	14	0.5064937889123584
48	15	0.4929957536499998
48	16	0.5131699747731702
48	17	0.5295676522830775
48	18	0.5275097416616603
48	19	0.5119242401777342
48	20	0.4836628661129083
48	21	0.4068442406559001
48	22	0.5035941516951041
48	23	0.7937121938747467
48	24	1.493497595692979
48	25	1.1769216556962974
48	26	1.4461891257363249
48	27	1.4388168511106798
48	28	1.6427948819471325
49	1	0.6326088197417121
49	2	0.7339657689637562
49	3	0.7209829996601869
49	4	0.7839439271653958
49	5	0.7471141978433735
49	6	0.8133872026970437
49	7	0.7611317807027831
49	8	0.747226423147147
49	9	0.7253475029840573
49	10	0.7594449556878544
49	11	0.7312507815779767
49	12	0.7836960633662216
49	13	0.7705164766012729
49	14	0.7915173513056288
49	15	0.7629769769592443
49	16	0.7659917086619572
49	17	0.7727801270143004
49	18	0.7697917332401403
49	19	0.7789605094641416
49	20	0.7363755987211107
49	21	0.8331994979647916
49	22	0.8278839082733072
49	23	0.7559610717083487
49	24	0.8134565996407517
49	25	0.8972451918093114
49	26	1.4018204581681744
49	27	0.7381844561698401
49	28	0.9098756272887485
50	1	0.5553438558845016
50	2	0.6239363985528641
50	3	0.6020680014211734
50	4	0.5813332523916657
50	5	0.6245672200935815
50	6	0.6571683367022061
50	7	0.6638762069776263
50	8	0.6949425622549015
50	9	0.6663470593891532
50	10	0.6831259709097353
50	11	0.6196371292466765
50	12	0.6186399941419936
50	13	0.6347291232488956
50	14	0.6261547163451979
50	15	0.6025043178780436
50	16	0.6211672281461773
50	17	0.6422659735371994
50	18	0.6607151651722631
50	19	0.6743809196836921
50	20	0.7042519525233146
50	21	0.6667782949636987
50	22	0.5942355936707884
50	23	0.7654511923247824
50	24	1.6413473382457724
50	25	1.7328992284942757
50	26	1.7277012845979556
50	27	1.6179609522044487
50	28	2.0567569150151073
51	1	0.583846357285907
51	2	0.598369762751588
51	3	0.6022871927415707
51	4	0.5736826847158341
51	5	0.5543969630887418
51	6	0.6066043963431014
51	7	0.5493404045835959
51	8	0.5438646771124667
51	9	0.5924439559003645
51	10	0.5990654608481805
51	11	0.5546082534053909
51	12	0.6022270903085669
51	13	0.5659688854451232
51	14	0.5743801659938015
51	15	0.608991780248445
51	16	0.5339186564543397
51	17	0.5745294341162293
51	18	0.5412559673490733
51	19	0.5872072530514245
51	20	0.6455962131733557
51	21	0.6163151812475718
51	22	0.4996981677962822
51	23	0.7704186797590111
51	24	0.7717733722957618
51	25	1.3781773031762015
51	26	1.3411010631140172
51	27	0.7101346805680464
51	28	2.0781730832574397
52	1	0.48061985507757043
52	2	0.47964305320775225
52	3	0.4719972848319287
52	4	0.491058165135847
52	5	0.5337470776102933
52	6	0.5605798110836844
52	7	0.522927287899627
52	8	0.5475964378500748
52	9	0.53239656791024
52	10	0.5478182473538382
52	11	0.5825360672542885
52	12	0.541342672197743
52	13	0.5306039888763223
52	14	0.522377499854052
52	15	0.5784542525225405
52	16	0.5436609551232152
52	17	0.5588748035769626
52	18	0.612804693844069
52	19	0.6372470892697066
52	20	0.5910069528419797
52	21	0.6271197921990819
52	22	0.5936193356366388
52	23	0.4419290246001282
52	24	0.779525929840517
52	25	0.5902466348107538
52	26	0.3606095116547223
52	27	-0.19037143769705267
52	28	-0.04034082292769625
53	1	0.5886422431372722
53	2	0.6509117099241664
53	3	0.6141614639364121
53	4	0.6315432397627134
53	5	0.6354261820879046
53	6	0.7018111543672632
53	7	0.7246063923772397
53	8	0.7658800199396296
53	9	0.7202697022386033
53	10	0.7207660085478693
53	11	0.7401853209856313
53	12	0.752723269212666
53	13	0.7311636903688594
53	14	0.7376760073167361
53	15	0.772484103268809
53	16	0.6871311043769524
53	17	0.7137255498456199
53	18	0.75317984129358
53	19	0.823634519525811
53	20	0.9077786371633607
53	21	0.7755670618584034
53	22	0.8513148316300061
53	23	1.071334581594698
53	24	1.493028633343961
53	25	1.5435711785261716
53	26	1.5992453508720388
53	27	1.5836230526610677
53	28	1.443710213754919
54	1	0.6279864961922428
54	2	0.6957932313202093
54	3	0.6930027183892236
54	4	0.7353067109265368
54	5	0.7336022203257215
54	6	0.7836972300312368
54	7	0.7208863220340902
54	8	0.6705735086892375
54	9	0.725990155861723
54	10	0.7484298043723712
54	11	0.7758089400504247
54	12	0.8095022519425257
54	13	0.8333252766970318
54	14	0.8194583719287252
54	15	0.8318242980652215
54	16	0.7961703116637793
54	17	0.7695891698122566
54	18	0.7368539577433921
54	19	0.7832676350499455
54	20	0.8423479364444759
54	21	0.8018741109105747
54	22	0.7259370036869512
54	23	0.5994408122321033
54	24	0.4281411240227868
54	25	0.587843326069418
54	26	-0.13015667765045436
54	27	0.3155838369747954
54	28	1.6317803891935156
55	1	0.4924318034159114
55	2	0.552268575078962
55	3	0.48869256947068607
55	4	0.5481520244273099
55	5	0.5727528232185364
55	6	0.595244693673429
55	7	0.6080963110026545
55	8	0.5765932391456374
55	9	0.5853316089420986
55	10	0.5787348455862258
55	11	0.5986866533005823
55	12	0.6253655168050258
55	13	0.601257167768317
55	14	0.6270184926584008
55	15	0.6271789342313525
55	16	0.5839435982752903
55	17	0.5383645470489071
55	18	0.5277788527829301
55	19	0.5597303137140557
55	20	0.5309801940812591
55	21	0.5693731236089477
55	22	0.4935813396946074
55	23	0.3714853006501926
55	24	0.5382418989587592
55	25	1.1369854515495703
55	26	1.1995259715389253
55	27	0.46264266050420844
55	28	1.6566288740419992
56	1	0.6625751390142796
56	2	0.7261705231582454
56	3	0.7477197455309295
56	4	0.7004049691498864
56	5	0.7251571593152022
56	6	0.8062201665014541
56	7	0.749844972422018
56	8	0.7247628190119073
56	9	0.7679580424879191
56	10	0.7997010063887089
56	11	0.7545063080220942
56	12	0.7981759135403692
56	13	0.7676012691924967
56	14	0.8128844878113739
56	15	0.7981668840382738
56	16	0.773332069278446
56	17	0.8005069498965298
56	18	0.7709225253796177
56	19	0.8413713604849349
56	20	0.8353894242457258
56	21	0.6924341432583319
56	22	0.7342280260116851
56	23	0.6163116030048528
56	24	0.71686361937725
56	25	0.875167269731385
56	26	0.27686710866267106
56	27	0.2042392991596671
56	28	0.9899622073753278
57	1	0.6510577965682671
57	2	0.701107600047159
57	3	0.6840478750220171
57	4	0.7143260385797419
57	5	0.7118341288484089
57	6	0.7932710721236518
57	7	0.8185940558349785
57	8	0.798183460291412
57	9	0.8239237981491669
57	10	0.7310153239043302
57	11	0.8367971273790928
57	12	0.8570160417958235
57	13	0.8705510315905869
57	14	0.8230667508784961
57	15	0.88954958139621
57	16	0.7839906711005398
57	17	0.8065322931885248
57	18	0.8080814283613051
57	19	0.8730067237753474
57	20	0.889184794459922
57	21	0.8768173175027201
57	22	0.8332513960672685
57	23	0.8001205747134534
57	24	1.32818782809656
57	25	1.4318459700923967
57	26	1.195242340478039
57	27	1.403460451035052
57	28	0.106304198717325
58	1	0.692480584446848
58	2	0.7670572156447406
58	3	0.7157243670359819
58	4	0.7862398842350515
58	5	0.7329918592372167
58	6	0.8080001187510177
58	7	0.7783880279940618
58	8	0.8414291774343496
58	9	0.7904269998445699
58	10	0.8052152785118949
58	11	0.8372728223987451
58	12	0.8238323890823409
58	13	0.858391300135132
58	14	0.885693808193885
58	15	0.8573399512381314
58	16	0.8344822782029055
58	17	0.8422521366629425
58	18	0.8062897827941242
58	19	0.7968837950973295
58	20	0.8930715851248578
58	21	0.8754618081828482
58	22	0.7542160714473027
58	23	0.9634820836708187
58	24	1.552203440006295
58	25	1.5793339363980508
58	26	1.3668907849433438
58	27	1.2877365278383763
58	28	0.5662951571259995
59	1	0.7621888394241338
59	2	0.7813103265969019
59	3	0.7162885116247963
59	4	0.8223690497372331
59	5	0.8277858471770969
59	6	0.9259121736610396
59	7	0.8454909937605635
59	8	0.8285822405439234
59	9	0.8793869210227285
59	10	0.8673551967531878
59	11	0.9081662092273461
59	12	0.9281435458781218
59	13	0.9437710802487231
59	14	0.9619078966505583
59	15	0.9261226180121653
59	16	0.8932068233430925
59	17	0.868623802484862
59	18	0.9029101639093184
59	19	0.94368699035887
59	20	0.9840035441827766
59	21	0.9837882100318609
59	22	1.0359982108091543
59	23	0.9313101197410987
59	24	1.4495216250622107
59	25	1.5362359720214656
59	26	1.2831426311224305
59	27	0.8433331975886063
59	28	0.47637809034294065
60	1	0.824290852397155
60	2	0.9245363492398582
60	3	0.9201905676816651
60	4	0.9928864867271088
60	5	0.9418914025996727
60	6	0.9541087317404546
60	7	0.960729750073547
60	8	0.9939529770383402
60	9	0.9922560658083839
60	10	0.9871192887611286
60	11	0.9803031201155932
60	12	1.0665876445879974
60	13	1.0293011312312785
60	14	1.041845664428628
60	15	0.9804312419619947
60	16	1.0127290713624362
60	17	1.0232331516794346
60	18	0.9769658194963071
60	19	1.0403962409049115
60	20	1.0637077433639348
60	21	1.0258336836414017
60	22	1.0037435352696278
60	23	0.7212560014019047
60	24	0.6212549686093354
60	25	0.15957791611921834
60	26	-0.4614052025501465
60	27	-0.48571028067226507
60	28	-1.3427123644296728
61	1	0.5349878087958757
61	2	0.4840145634089268
61	3	0.502093428419002
61	4	0.5662265053252895
61	5	0.5348399551605922
61	6	0.5082319396386836
61	7	0.6145510297938088
61	8	0.5945485320257475
61	9	0.618638165719446
61	10	0.4343172456111617
61	11	0.3893076106493041
61	12	0.4165415388652036
61	13	0.4252645225858487
61	14	0.5197658559291156
61	15	0.4494911451049006
61	16	0.4475089214077599
61	17	0.389648308965036
61	18	0.44658831593990556
61	19	0.409596298200384
61	20	0.5239280072256349
61	21	0.5420154974512101
61	22	0.540931403273909
61	23	0.7480873919072479
61	24	1.2830759896729873
61	25	1.8704375400016602
61	26	1.709770400007649
61	27	2.0505694396074574
61	28	0.9634470558601791
62	1	0.5204207029964678
62	2	0.5438459888547698
62	3	0.4805556167677594
62	4	0.5348132954570417
62	5	0.4961683023558763
62	6	0.48296845920911124
62	7	0.5464132363360363
62	8	0.5837259617268487
62	9	0.5607296585187029
62	10	0.4856106572734902
62	11	0.46334035451108235
62	12	0.4592650355436376
62	13	0.481784955715689
62	14	0.556577140327029
62	15	0.4520476251037522
62	16	0.43164052063098524
62	17	0.38919809104265113
62	18	0.3806367530860797
62	19	0.3570324734716479
62	20	0.4915933020455583
62	21	0.47041939986002745
62	22	0.5584104416633338
62	23	0.5794235496122795
62	24	0.6336046047887578
62	25	1.1833384759570649
62	26	0.7788143302390438
62	27	0.15329856888526194
62	28	1.8622565796697046
63	1	0.39226552742505305
63	2	0.3934399081764042
63	3	0.32447190934529857
63	4	0.3460788654169491
63	5	0.2774642188544263
63	6	0.28636930333871646
63	7	0.32115379719710546
63	8	0.3352780063668348
63	9	0.30993161724983054
63	10	0.2937322941411793
63	11	0.24024751004035494
63	12	0.27442842546450663
63	13	0.28277163763018365
63	14	0.41508535537550273
63	15	0.31240065526062466
63	16	0.29946717814522117
63	17	0.3175796540291955
63	18	0.2429589078882799
63	19	0.32180621352554795
63	20	0.3586496456832222
63	21	0.27178150813116986
63	22	0.4065572380703415
63	23	0.4759398648469215
63	24	0.5214701977900447
63	25	0.6443980389621586
63	26	1.3939261309649922
63	27	1.1370124084033648
63	28	1.4936194696532823
67	1	3.3485303028387676
67	2	3.3900908144017805
67	3	3.3869226579662595
67	4	3.529491000956746
67	5	3.448859017908802
67	6	3.5038633931732335
67	7	3.407442213272759
67	8	3.5431188259097794
67	9	3.5437771649251673
67	10	3.494086904070258
67	11	3.3235808433736906
67	12	3.3823874483171465
67	13	3.41791742171214
67	14	2.485810335674948
67	15	3.5027079838658253
67	16	3.4610117013918753
67	17	3.5441359976068156
67	18	3.594498948956044
67	19	3.6669838785001687
67	20	3.7880368629026364
67	21	3.8051474333328343
67	22	3.6559569979743003
67	23	4.010335230523964
67	24	-35.568300157116006
67	25	-35.52483273026861
67	26	-35.43508941307646
67	27	-35.66971028067226
67	28	-35.66155294413982
68	1	0.6160607906436439
68	2	0.6751517900115331
68	3	0.576709243332111
68	4	0.6672577692494315
68	5	0.6112065788844134
68	6	0.614000588295184
68	7	0.6145687376630065
68	8	0.6267697405439279
68	9	0.6784951527300436
68	10	0.6086067211434312
68	11	0.5358521848371041
68	12	0.475375253195196
68	13	0.575691811956041
68	14	0.4800938722603121
68	15	0.5432948741097263
68	16	0.5568577379772393
68	17	0.5799591683385259
68	18	0.565700537833898
68	19	0.5722019787855359
68	20	0.625457581718706
68	21	0.6873612460102265
68	22	0.7184750043125305
68	23	0.6365693631050675
68	24	1.2308966300325892
68	25	0.949677073652957
68	26	1.437926459939412
68	27	1.0270110308031448
68	28	1.6111743285874525
69	1	0.5129009388078174
69	2	0.498979283924335
69	3	0.4399515313385933
69	4	0.45419377506507175
69	5	0.4358376931305443
69	6	0.41403512368842854
69	7	0.4085745023839138
69	8	0.4665005960550914
69	9	0.47074451725579536
69	10	0.459174656476371
69	11	0.36396582167148495
69	12	0.36729026016843846
69	13	0.40225408900785453
69	14	0.3533325096700395
69	15	0.33248718748914996
69	16	0.2581432356436224
69	17	0.2621960089297062
69	18	0.3192191531578885
69	19	0.28313319884912147
69	20	0.38740126968230015
69	21	0.41195713482537144
69	22	0.4260456453863668
69	23	0.4056840677332687
69	24	1.0929611041452532
69	25	0.5844387929101913
69	26	0.7322925611724642
69	27	1.1238381064245146
69	28	1.1095313932095792
70	1	0.20838733820370692
70	2	0.21684025006769758
70	3	0.17172325992261506
70	4	0.2747882169085898
70	5	0.22067993589224955
70	6	0.2327949206374953
70	7	0.20296516285891641
70	8	0.2366854173318984
70	9	0.1957711453615829
70	10	0.14909066629749645
70	11	0.24946496677474528
70	12	0.1927711954954745
70	13	0.24861719597850396
70	14	0.22452365395937335
70	15	0.1620383074173688
70	16	0.21458581726847115
70	17	0.20384254388221024
70	18	0.19449894895604558
70	19	0.26260460971752764
70	20	0.24199249287333657
70	21	0.2752586474199532
70	22	0.29707098017355094
70	23	0.37655144674018004
70	24	0.7477712714554201
70	25	1.151426262537143
70	26	1.4139671906971216
70	27	0.9092370877487923
70	28	0.6071037722780872
71	1	0.40860423999218654
71	2	0.4168930325163842
71	3	0.3994919740475922
71	4	0.38882556657596723
71	5	0.3769551362082453
71	6	0.39646967783127707
71	7	0.33553833157220225
71	8	0.3758360162979528
71	9	0.3591191242597347
71	10	0.28817193179668976
71	11	0.30380265483395164
71	12	0.2648273743799905
71	13	0.2877880316936583
71	14	0.3462539585954687
71	15	0.2651848785053801
71	16	0.217388780874316
71	17	0.23396963901161882
71	18	0.2395672050606379
71	19	0.25256767516418677
71	20	0.1858086805217809
71	21	0.20762563434247028
71	22	0.155120877572962
71	23	0.19166856385729858
71	24	0.963416260794439
71	25	0.8145174502367993
71	26	0.9085003305132844
71	27	0.3389104089829118
71	28	0.481304198717325
72	1	0.4335936870019097
72	2	0.4428190892502073
72	3	0.458574320652275
72	4	0.4993605581862184
72	5	0.4762336274990986
72	6	0.46711895077014987
72	7	0.46660076554172747
72	8	0.47220205207182175
72	9	0.4541207254616353
72	10	0.44117490700981676
72	11	0.4915029451557942
72	12	0.4180295574481434
72	13	0.4673386967442923
72	14	0.49885461272804577
72	15	0.4380377652363947
72	16	0.45807214599962975
72	17	0.4689936128925041
72	18	0.45226741811065096
72	19	0.45355133493252
72	20	0.5588064077076993
72	21	0.5152891018734209
72	22	0.5311284657383624
72	23	0.4180275382162719
72	24	0.83095357422728
72	25	0.09439803896215437
72	26	0.10988413189708268
72	27	0.605289719327736
72	28	1.564253507473083
73	1	0.14091090801558437
73	2	0.0998975952986072
73	3	0.11477537397063742
73	4	0.11170026089112639
73	5	0.14335409629013895
73	6	0.09755642999423486
73	7	0.151335760483839
73	8	0.14574368919814873
73	9	0.18978518534076727
73	10	0.07593159965902885
73	11	0.1263515324003066
73	12	0.1988293003040198
73	13	0.15834760763995348
73	14	0.16207719677593246
73	15	0.11590521317680214
73	16	0.07493805939406428
73	17	0.17592600854374751
73	18	0.16151901711204886
73	19	0.17755139317727497
73	20	0.15455270000671106
73	21	0.11420929135611857
73	22	0.06734410375158006
73	23	-0.008406402675497304
73	24	0.3529878571952665
73	25	0.4413326832652231
73	26	0.3174879065111682
73	27	1.2063227771789755
73	28	1.1417257443847717
74	1	0.3051546222580086
74	2	0.3242105966159343
74	3	0.284018846713991
74	4	0.3692369174721719
74	5	0.38987535184709543
74	6	0.34723907375399676
74	7	0.3332135381366399
74	8	0.39157617618201357
74	9	0.3728152774478559
74	10	0.3398219312934856
74	11	0.34935216823757287
74	12	0.39164334668375034
74	13	0.41646551608600646
74	14	0.41158166053882894
74	15	0.3504393813249891
74	16	0.38133838015775723
74	17	0.36428118816942856
74	18	0.3682725338617061
74	19	0.3130393156003848
74	20	0.30639844482354306
74	21	0.3113230452798348
74	22	0.23661983007509235
74	23	0.3123313670339414
74	24	0.2518437277760768
74	25	0.05392184848596315
74	26	0.14630593576075057
74	27	-0.015034021679454668
74	28	1.248703466116588
75	1	0.3712697835907832
75	2	0.43932984752622417
75	3	0.4306111091748548
75	4	0.43763782280097274
75	5	0.4615716410063868
75	6	0.42812480767636885
75	7	0.45130971551089516
75	8	0.4793766593923223
75	9	0.49400097871209425
75	10	0.41011197121439125
75	11	0.4727303509833618
75	12	0.4566936255776639
75	13	0.4659030976297771
75	14	0.5022830303929453
75	15	0.4298342148416552
75	16	0.48625789655749685
75	17	0.48290054550296446
75	18	0.49069723445735036
75	19	0.5071454480327731
75	20	0.48839787373296417
75	21	0.5536504273448131
75	22	0.6254082010021449
75	23	0.3965329743859414
75	24	0.9342124056980623
75	25	0.2927773326244676
75	26	0.1953453695322338
75	27	0.8873366991935114
75	28	1.338447055860179
76	1	0.28116372366116593
76	2	0.2553576560465771
76	3	0.40617025201700585
76	4	0.3977324707730219
76	5	0.37729296366558174
76	6	0.46186864251706794
76	7	0.5423503497557007
76	8	0.4187093770908845
76	9	0.480435082685446
76	10	0.47518926627498104
76	11	0.3827234505477932
76	12	0.4457295305568678
76	13	0.4558876754304251
76	14	0.43419178799340585
76	15	0.5011331807162165
76	16	0.41954188511891033
76	17	0.43040021457969146
76	18	0.4978183757654051
76	19	0.5422402648510882
76	20	0.5581248394422289
76	21	0.6987644546094316
76	22	0.5635512624458912
76	23	0.9679070320905439
76	24	1.5582821213650035
76	25	1.1259025638490314
76	26	1.1117855869235385
76	27	0.5196836587216751
76	28	1.0965115719892111
77	1	0.2073870424294526
77	2	0.27258905011102286
77	3	0.20325999035863873
77	4	0.21103651965822934
77	5	0.19462472009652032
77	6	0.17993961053385732
77	7	0.20878307424664655
77	8	0.2700066170177564
77	9	0.22832197791034758
77	10	0.1463451962368083
77	11	0.11680596687404687
77	12	0.1286824377313991
77	13	0.18732462001842265
77	14	0.21869671535031898
77	15	0.17684348139582085
77	16	0.2002495277856653
77	17	0.2015107329632002
77	18	0.14572920969787617
77	19	0.1328282807772112
77	20	0.17720039859573689
77	21	0.18969508906693022
77	22	0.23756744411140573
77	23	0.28570735501651967
77	24	0.4167744697496687
77	25	-0.11728556045729022
77	26	-0.5132144130764615
77	27	0.3468186449475752
77	28	0.3990531164662414
78	1	0.3204206752913308
78	2	0.36110276099348937
78	3	0.35178562353196696
78	4	0.3613602911886531
78	5	0.3448533959832929
78	6	0.3543553116553113
78	7	0.3682644198785212
78	8	0.41732824263500845
78	9	0.3225895331612847
78	10	0.34211923014193957
78	11	0.30513390029568654
78	12	0.2613403646910015
78	13	0.3385077238906362
78	14	0.35826290067846145
78	15	0.2604381314413686
78	16	0.30851697194704286
78	17	0.29360894209030164
78	18	0.2927053911229578
78	19	0.2799054396975933
78	20	0.2951939205567129
78	21	0.26943314761854964
78	22	0.25059506767939155
78	23	0.1622339647011799
78	24	0.6006893899223229
78	25	0.20620175249000994
78	26	0.22041297926803338
78	27	-0.11157074578854065
78	28	1.3892945134873003
79	1	0.2658275050207166
79	2	0.28116947004140513
79	3	0.2593491932469192
79	4	0.27856719310877764
79	5	0.2818697516761759
79	6	0.228128745979852
79	7	0.2596329575979368
79	8	0.2540109603458163
79	9	0.2363691058014652
79	10	0.20990601369545914
79	11	0.2269769369862189
79	12	0.17914972176426858
79	13	0.18388610022700647
79	14	0.21148339567847074
79	15	0.21113663070727995
79	16	0.2220534047175846
79	17	0.21719600112608362
79	18	0.2453822124781695
79	19	0.23557085541891354
79	20	0.25844062613273877
79	21	0.2743511288893643
79	22	0.25687319306996415
79	23	0.2884378945915387
79	24	0.640628414312566
79	25	0.3977024809989942
79	26	-0.13371955006276437
79	27	-0.2016251742892834
79	28	0.07615197389296924
80	1	0.23676457766115533
80	2	0.23327223876497527
80	3	0.22490567650724103
80	4	0.2716500721749071
80	5	0.2657018527727786
80	6	0.2018360149025682
80	7	0.23762762308042085
80	8	0.23745256356356492
80	9	0.29979865166923503
80	10	0.24248406227507502
80	11	0.21926616654125297
80	12	0.20893397404925196
80	13	0.15210560400290518
80	14	0.2534415954219611
80	15	0.23464352363362906
80	16	0.22292471473445374
80	17	0.23465757099097573
80	18	0.2046806363098881
80	19	0.2357674371004279
80	20	0.25855664567998105
80	21	0.289073708515005
80	22	0.3648511653007702
80	23	0.41708252524070133
80	24	0.8349785314085807
80	25	0.4879468224470429
80	26	0.1060361280490767
80	27	0.6432668185643777
80	28	0.5289232463363689
81	1	0.3056534010407006
81	2	0.2694130827281995
81	3	0.27316055561494323
81	4	0.31804563442839395
81	5	0.2550485061522352
81	6	0.2364014291345029
81	7	0.20602450926169524
81	8	0.27012435841323423
81	9	0.24554065040234718
81	10	0.15816020974107659
81	11	0.16089066356732928
81	12	0.14189643863526413
81	13	0.1226200496512817
81	14	0.17495279763898708
81	15	0.17922942231672323
81	16	0.11367421868094851
81	17	0.12556753287652356
81	18	0.10061405686971625
81	19	0.16234049068442147
81	20	0.10285527424464647
81	21	0.0759581266603746
81	22	0.09194957682402105
81	23	0.001855126153451181
81	24	0.6062452974294459
81	25	0.2511672697313898
81	26	0.13633915835210786
81	27	-0.05764131515502413
81	28	0.07615197389296924
82	1	0.33283332280122835
82	2	0.28174752827313654
82	3	0.38862885144860115
82	4	0.2899414360360808
82	5	0.32481875174261887
82	6	0.321300690562758
82	7	0.288861766250065
82	8	0.29196714530920076
82	9	0.3322091731148973
82	10	0.2765472350717957
82	11	0.23229949206844935
82	12	0.2003366037513743
82	13	0.28995291053657013
82	14	0.2977878139209835
82	15	0.1809198930963305
82	16	0.19194498922671244
82	17	0.21978861661381188
82	18	0.22107113673283862
82	19	0.19334768072604192
82	20	0.18459518030225297
82	21	0.22417275786997237
82	22	0.07816771503357955
82	23	0.2353991691428874
82	24	0.6766322753164289
82	25	0.787269180559413
82	26	0.8137994758124307
82	27	0.4721336909589411
82	28	-0.9148862774731512
83	1	0.07567970083775322
83	2	0.1279236107389039
83	3	0.14357858470867058
83	4	0.13607061771102735
83	5	0.14802808692694924
83	6	0.1318098066037905
83	7	0.12221243541961258
83	8	0.15614239721722356
83	9	0.14357367162348567
83	10	0.08048676840805769
83	11	0.11093034311932115
83	12	0.08833962739124956
83	13	0.11013380292292396
83	14	0.12918832448281847
83	15	0.0996216687903626
83	16	0.05504256454263157
83	17	0.05727827334023772
83	18	0.071987517369692
83	19	-0.0017311043301191376
83	20	-0.0019706502453757935
83	21	0.021459490070419918
83	22	0.05407452532103463
83	23	-0.11245035286027871
83	24	0.35220858692215273
83	25	0.20702846846955936
83	26	-0.2740724639239218
83	27	0.16362305266107313
83	28	-1.1754418330287066
84	1	0.24175064182181671
84	2	0.268226407622123
84	3	0.30387181050863177
84	4	0.2728808314652227
84	5	0.24326579756981914
84	6	0.21572779995289437
84	7	0.2145608573405582
84	8	0.23345780896062962
84	9	0.19937038526415307
84	10	0.20476487017194955
84	11	0.14697067388216567
84	12	0.12340439746969167
84	13	0.06232420137315842
84	14	0.14953914923427192
84	15	0.11965713640820042
84	16	0.15863882003594654
84	17	0.08989870947122114
84	18	0.13412291662429254
84	19	0.1558203279465289
84	20	0.18485624949862256
84	21	0.05331189735633046
84	22	0.09248549538362738
84	23	0.2983958748701454
84	24	0.8704753530880751
84	25	0.3510293386969039
84	26	0.05306224569130791
84	27	-0.17675253419339043
84	28	-0.44416163979199297
85	1	0.2173718474459605
85	2	0.17005086766409505
85	3	0.17037805077584522
85	4	0.21674133384622962
85	5	0.21583638142411843
85	6	0.1891163891785581
85	7	0.21519853817289203
85	8	0.2217140323012572
85	9	0.17110739129001473
85	10	0.19298836878397196
85	11	0.2753118686732918
85	12	0.23857919265802252
85	13	0.24814378655901237
85	14	0.2779208549825398
85	15	0.2495455337992496
85	16	0.24013953095246166
85	17	0.2179043065282542
85	18	0.2606469434235379
85	19	0.25677323944268693
85	20	0.2761586149442081
85	21	0.2964947757308565
85	22	0.19363778965153955
85	23	0.35821631844300583
85	24	0.9587504537042406
85	25	1.2506058662226138
85	26	1.1549105869235419
85	27	0.4720807641038576
85	28	0.7494059599697707
86	1	0.05831471411571698
86	2	0.08544736498220828
86	3	0.0894102201553153
86	4	0.11290725302971794
86	5	0.15101490513931282
86	6	0.08926969499744786
86	7	0.15122330780012305
86	8	0.19187504481525508
86	9	0.13797285315070695
86	10	0.12476683773526531
86	11	0.06951782513156957
86	12	0.1296511299091847
86	13	0.13798375670384644
86	14	0.14949192771474884
86	15	0.07103302532519251
86	16	0.10263690868872288
86	17	0.15607629611427853
86	18	0.10450585026729442
86	19	0.15024002385107593
86	20	0.1806623956059923
86	21	0.25746966925556336
86	22	0.27903972364691754
86	23	0.4851643169130284
86	24	0.7909713660627986
86	25	0.693077717492578
86	26	0.9624515705300993
86	27	0.7020845911226061
86	28	0.8384470558601791
87	1	0.24578831407101376
87	2	0.21731248602385023
87	3	0.18309048089324875
87	4	0.23712231909351544
87	5	0.22388379491574284
87	6	0.20637412987623804
87	7	0.26109269229489485
87	8	0.24265632178028085
87	9	0.2454620013969233
87	10	0.2349194115033626
87	11	0.2066333706283956
87	12	0.1907785946666678
87	13	0.22019690635039524
87	14	0.18303531089794234
87	15	0.18704891548128444
87	16	0.18400476382993247
87	17	0.22467778815851602
87	18	0.23062864530189842
87	19	0.1851817583588229
87	20	0.19620012820875843
87	21	0.21650078586265664
87	22	0.2402097562491221
87	23	0.15293450850230528
87	24	-0.029008939858684357
87	25	0.2424086490417281
87	26	0.7772657992787515
87	27	0.19695638599440457
87	28	-0.00301635877396933
88	1	0.1766348780021687
88	2	0.1327378732253095
88	3	0.07466775600547493
88	4	0.09681126239465243
88	5	0.08480673032710229
88	6	0.06252352389218885
88	7	0.04208273614857916
88	8	0.0870730742757928
88	9	0.05374448518660557
88	10	0.05650520472385523
88	11	0.08403835971355988
88	12	0.007550847009959227
88	13	0.0386690556990672
88	14	0.05182340757037451
88	15	0.08930929105536478
88	16	0.046305819038934715
88	17	0.06603142244341598
88	18	0.09203756718724776
88	19	0.08028679180308274
88	20	0.1195984464803459
88	21	0.012929058918494718
88	22	-0.03342375308265133
88	23	0.022218771819268568
88	24	0.7461652516890283
88	25	0.6490803132096445
88	26	0.5692965518358193
88	27	0.3571353569116269
88	28	0.42416134157446805
89	1	0.06486314765231782
89	2	0.05952575985040198
89	3	0.050821045850966584
89	4	0.113923503806447
89	5	0.06976766470899776
89	6	0.03276748045543343
89	7	0.06043032595798792
89	8	0.07234859304868024
89	9	0.06470209571819652
89	10	0.06272393386996811
89	11	0.018255977716634675
89	12	-0.0027289822316234336
89	13	0.018308237540182404
89	14	0.017971221524156533
89	15	0.0018123642598979472
89	16	-0.03223044158158217
89	17	-0.030688949470210503
89	18	-0.010545913072057544
89	19	-0.024397838178131792
89	20	0.03922256155276216
89	21	0.14248701369543681
89	22	0.05242729377345512
89	23	0.06228328247201631
89	24	0.4377974038596051
89	25	0.41828104218647866
89	26	0.17514680739598276
89	27	-0.059781202658079735
89	28	-0.8807310263316026
90	1	0.13911891862143477
90	2	0.15076351815339706
90	3	0.08711670712538222
90	4	0.1501248948765408
90	5	0.14015914727490753
90	6	0.103637002487595
90	7	0.11782384328569862
90	8	0.08758842487485197
90	9	0.13239294759011244
90	10	0.09757978893442498
90	11	0.07196376704769136
90	12	-0.0011830562106638354
90	13	0.04227059118174026
90	14	0.0708685504226807
90	15	0.017908501330246906
90	16	0.03523550475539139
90	17	0.017130822962570846
90	18	-0.0018390318939509598
90	19	-0.02368601937070025
90	20	-0.01756892371580676
90	21	-0.026310983702117596
90	22	0.01889802930911344
90	23	0.13174285515739825
90	24	-0.01695734510968805
90	25	-0.3216581270940111
90	26	-0.9121536332599476
90	27	-1.0554245663865487
90	28	-0.5629613948440451
91	1	0.04377145009080863
91	2	0.001691519417001075
91	3	-0.02823516930501313
91	4	-0.03836671415301396
91	5	-0.022539796383782118
91	6	0.012435737348845066
91	7	-0.06331567809080241
91	8	-0.07713433864718411
91	9	0.012612287501674757
91	10	-0.046852048020753045
91	11	-0.06834352772068542
91	12	-0.1143278216716368
91	13	-0.10571661129539223
91	14	-0.12210506249842012
91	15	-0.14222071345832177
91	16	-0.11517801179511622
91	17	-0.0913390865143171
91	18	-0.13030211205191478
91	19	-0.0893978244294189
91	20	-0.15119554647902333
91	21	-0.11299155371074932
91	22	-0.0862082441909422
91	23	0.13604304479350304
91	24	0.23669204257198118
91	25	0.18634739395498912
91	26	0.1255800429904852
91	27	1.0086113976494175
91	28	0.5051137225268434
92	1	0.09001612574388673
92	2	0.1309430241277454
92	3	0.08057068584523819
92	4	0.09134748757166733
92	5	0.09102597498151255
92	6	0.051621986551978694
92	7	0.09855578843512092
92	8	0.12287488483580233
92	9	0.10896012073065009
92	10	0.06576439496206632
92	11	0.08534228801173782
92	12	0.06874892463585525
92	13	0.08843856855199306
92	14	0.07111050991857581
92	15	0.09751235579675921
92	16	0.10824756389781243
92	17	0.1069429039904719
92	18	0.09235018862546696
92	19	0.05069490252470388
92	20	0.06498456834553679
92	21	0.053291239507117893
92	22	-0.05681646709274446
92	23	0.02769010784293613
92	24	-0.17088497133248381
92	25	-0.6076141872222536
92	26	-0.5218474039440437
92	27	-0.11173926617951224
92	28	1.2767186607984513
93	1	0.1126214997988697
93	2	0.07390968710602408
93	3	0.05158383592699067
93	4	0.07065629544693053
93	5	0.044489163570609946
93	6	0.07922754770141438
93	7	0.02444664645832262
93	8	0.05151021286354762
93	9	0.004036822936569706
93	10	0.02036936132168421
93	11	-0.011124666442647424
93	12	-0.009949473785447083
93	13	-0.065141476324591
93	14	-0.08052911967654097
93	15	-0.02721601866742418
93	16	-0.04785466972908381
93	17	-0.04991086749767959
93	18	-0.12384346478012986
93	19	-0.03983043155093924
93	20	0.007401998564986911
93	21	0.08302319269007796
93	22	0.10937610686160326
93	23	0.06051025969549073
93	24	0.41605039061482074
93	25	0.3023277635585444
93	26	0.38618718266821617
93	27	-0.14453042455715348
93	28	-0.8882196108064875
94	1	-0.018377302440931942
94	2	-0.06826870791122985
94	3	0.00225892446531617
94	4	-0.054889891563682625
94	5	-0.06496876336083801
94	6	-0.09497381612909095
94	7	-0.08532962833628943
94	8	-0.12454302198462841
94	9	-0.05411724110877714
94	10	-0.11496400730623435
94	11	-0.13462154506125756
94	12	-0.12326937129316207
94	13	-0.11209514899810813
94	14	-0.09401367438162112
94	15	-0.1116854793648443
94	16	-0.12054078132339896
94	17	-0.15228134997332177
94	18	-0.12283568773342779
94	19	-0.08415038464887914
94	20	-0.07131073443163416
94	21	-0.08425975811517361
94	22	-0.090414641330959
94	23	-0.0038050409692473863
94	24	0.6662677441185636
94	25	0.6817540960786914
94	26	0.904991558583454
94	27	1.0967567851959998
94	28	1.3162248336379534
95	1	-0.27087949332794636
95	2	-0.2737363836511548
95	3	-0.1825936182734722
95	4	-0.21328356551724426
95	5	-0.15001533560504043
95	6	-0.05470064698496202
95	7	-0.02197670975736088
95	8	-0.19235424984318428
95	9	-0.06133387857954631
95	10	-0.08744640898115819
95	11	-0.08925761114410591
95	12	0.00103667253375761
95	13	-0.02808196983030342
95	14	-0.029096874547136053
95	15	0.05214516062274299
95	16	-0.1083524604578372
95	17	-0.0593017876076658
95	18	0.0044309432625411205
95	19	-0.00244566806248514
95	20	-3.103428048518708E-4
95	21	0.14263092701327196
95	22	0.09388962372418774
95	23	0.171757141945875
95	24	0.5313782994756338
95	25	0.3505472089411157
95	26	0.7130587350716837
95	27	0.1423197945157071
95	28	0.7051137225268462
96	1	-0.04183076953066944
96	2	-0.009878192261787433
96	3	-0.0489986189592031
96	4	-0.03660228898591811
96	5	-0.0828316685935988
96	6	-0.015274992073941007
96	7	-0.01592676239746993
96	8	-0.04157046589248381
96	9	-0.10134913292079517
96	10	-0.043647483036515666
96	11	-0.09575899856029224
96	12	-0.1025033001719251
96	13	-0.07301702738130444
96	14	-0.05502338507508853
96	15	-0.0669495397665969
96	16	-0.10446172182213331
96	17	-0.11183796799058143
96	18	-0.10632402990469814
96	19	-0.15596911934072466
96	20	-0.1085803272941206
96	21	-0.18873869582268554
96	22	-0.13727608473246988
96	23	-0.46198310857638347
96	24	-0.30030628269027915
96	25	-0.5892499081827225
96	26	-0.5068193708823685
96	27	-0.17315855653433232
96	28	0.3506421778114017
97	1	0.0137774511277442
97	2	0.028721993109002142
97	3	0.03178957811834948
97	4	-0.02625044391017184
97	5	-0.01806113418245303
97	6	-0.04670694903209238
97	7	-0.058717482544729194
97	8	-0.06691919690391046
97	9	-0.027933861690804918
97	10	-0.06743400847727088
97	11	-0.06911877639817021
97	12	-0.07130076461061208
97	13	-0.08276698893424594
97	14	-0.03662312440109616
97	15	-0.1236038032064215
97	16	-0.033132785300139744
97	17	-0.07746096056808938
97	18	-0.051535561096194726
97	19	-0.1202501640530258
97	20	-0.09988830716539354
97	21	-0.15735256666716424
97	22	-0.005453020578578105
97	23	-0.15188699169825526
97	24	0.42596918385820715
97	25	0.5407840676316482
97	26	0.5649105869235385
97	27	0.8444140131130453
97	28	0.3905303891935148
98	1	-0.08805282674558157
98	2	-0.18646786530482018
98	3	-0.16151866232713985
98	4	-0.15418870564472087
98	5	-0.17476567646772878
98	6	-0.15826985866051047
98	7	-0.17477050066366928
98	8	-0.20932616186528463
98	9	-0.1490712458327792
98	10	-0.2143483037537024
98	11	-0.1594570539368263
98	12	-0.21755142698847862
98	13	-0.1279260990702582
98	14	-0.21208086236906354
98	15	-0.23399739510728068
98	16	-0.21090150154211074
98	17	-0.21946424689195965
98	18	-0.22909584304141362
98	19	-0.27096635070742536
98	20	-0.2668140112831736
98	21	-0.3181739209323453
98	22	-0.3398695728580705
98	23	-0.3986251370808631
98	24	0.13230774561955627
98	25	-0.041966686654909324
98	26	0.10404102170614493
98	27	0.3757442647822842
98	28	0.7280574454705686
99	1	-0.3566676421597208
99	2	-0.41982154582789377
99	3	-0.34849589748856147
99	4	-0.38422915619042897
99	5	-0.3862875520519111
99	6	-0.3938398404320864
99	7	-0.41380287587804077
99	8	-0.3721123617602089
99	9	-0.3800668967248768
99	10	-0.42597958127274893
99	11	-0.42317044100225587
99	12	-0.44701720565686287
99	13	-0.460897930357973
99	14	-0.4596414624513727
99	15	-0.42128718083650085
99	16	-0.3893962768492827
99	17	-0.4560151054454664
99	18	-0.46883595596301575
99	19	-0.350870365940672
99	20	-0.4650422665051579
99	21	-0.3555535360929696
99	22	-0.4099820652362496
99	23	-0.36719806420678225
99	24	-0.3210049484606756
99	25	-0.16927717471305925
99	26	-0.2663130417684414
99	27	-0.5545587655207456
99	28	-0.03060056318744131
100	1	-0.3858187694194939
100	2	-0.35587388615637394
100	3	-0.4106335345212955
100	4	-0.3774331203285186
100	5	-0.42261480921444416
100	6	-0.4682289284439065
100	7	-0.47459127594130024
100	8	-0.4301803142320182
100	9	-0.46693334948123066
100	10	-0.47076450639889345
100	11	-0.48106540794626795
100	12	-0.45514460779991595
100	13	-0.48855414262637
100	14	-0.4766274377448738
100	15	-0.4419292163151951
100	16	-0.43897321337656336
100	17	-0.4404770662037123
100	18	-0.3896951042520911
100	19	-0.47790156841819
100	20	-0.4621311478500516
100	21	-0.6263670432818671
100	22	-0.5066813575712175
100	23	-0.70279716990661
100	24	-0.0027730915889421226
100	25	0.3229362986027766
100	26	0.6049105869235376
100	27	0.9389853715016514
100	28	0.4828915003046248
101	1	-0.1253021656564144
101	2	-0.20516493059451335
101	3	-0.19780677124055757
101	4	-0.1403385023790591
101	5	-0.16107426600520824
101	6	-0.239798578657755
101	7	-0.2038253923610469
101	8	-0.255991626277023
101	9	-0.2451034874098923
101	10	-0.25165067932484675
101	11	-0.3192657096285316
101	12	-0.2723197421943411
101	13	-0.35850956123819344
101	14	-0.28157291117457106
101	15	-0.3457723719533021
101	16	-0.3241625017215455
101	17	-0.3248039579157904
101	18	-0.3474989028162412
101	19	-0.4044446929284007
101	20	-0.4088448753624192
101	21	-0.33124120094764464
101	22	-0.3488856170378085
101	23	-0.12477057522752943
101	24	-0.15968202932997144
101	25	0.09909889366301172
101	26	0.1147113837362852
101	27	0.4958526332350246
101	28	0.4293561467692726
102	1	-0.2051177658307637
102	2	-0.24317838790693713
102	3	-0.1982482758801254
102	4	-0.21314626410170945
102	5	-0.256187600412936
102	6	-0.32061492560728766
102	7	-0.299084351770901
102	8	-0.31969011296842353
102	9	-0.33027936903960864
102	10	-0.32624756388889864
102	11	-0.34742700034393437
102	12	-0.3809690708481668
102	13	-0.3393713158933096
102	14	-0.372558763037496
102	15	-0.33582982877292267
102	16	-0.334607656311249
102	17	-0.3075733408569974
102	18	-0.3320685813214368
102	19	-0.3704289306310926
102	20	-0.32991100908680693
102	21	-0.33036829453841676
102	22	-0.49387577794543347
102	23	-0.5666304394649586
102	24	0.11965339876207537
102	25	0.32406836863248856
102	26	0.19837672238170256
102	27	0.7859859218593854
102	28	0.3741613415744638
103	1	-0.18386074545333742
103	2	-0.23314240114592621
103	3	-0.2592787554613025
103	4	-0.2683594112929626
103	5	-0.2092681905717626
103	6	-0.3300588683108643
103	7	-0.33917144986033776
103	8	-0.3566161564223762
103	9	-0.30707678089344626
103	10	-0.29905208297332564
103	11	-0.37901044048967947
103	12	-0.35318381198909776
103	13	-0.3543146159792627
103	14	-0.36872441108594955
103	15	-0.4037996722001367
103	16	-0.3549482514938731
103	17	-0.31908543937787215
103	18	-0.3964851586234204
103	19	-0.3741206084781794
103	20	-0.40701718229880157
103	21	-0.42205951312158163
103	22	-0.34250250906795543
103	23	-0.1620040455430285
103	24	-0.18346050697023486
103	25	0.11413575110674401
103	26	-0.2543201823072323
103	27	-0.12032756462288319
103	28	-1.0194476809819264
104	1	-0.4236418402260753
104	2	-0.4322412588753366
104	3	-0.43773567294388727
104	4	-0.4684735236143496
104	5	-0.4412253089303988
104	6	-0.5401901107523273
104	7	-0.4854045445056627
104	8	-0.4869771322175822
104	9	-0.5091451962263278
104	10	-0.5048953582152933
104	11	-0.5659219190572458
104	12	-0.5251438107697979
104	13	-0.5428269807304318
104	14	-0.5604240347815832
104	15	-0.5222992856892787
104	16	-0.5302648324842494
104	17	-0.5115487944839074
104	18	-0.5242576528245522
104	19	-0.5029477135396334
104	20	-0.5604847076257187
104	21	-0.5588145942509044
104	22	-0.5309976268075474
104	23	-0.46461146457198765
104	24	-0.2507714214838188
104	25	0.3228684191566771
104	26	0.33599492427293853
104	27	0.11093488061806056
104	28	1.2615239789370989
105	1	-0.5329821809251243
105	2	-0.5687777091946984
105	3	-0.5458237700897399
105	4	-0.5696575053212172
105	5	-0.603240852202326
105	6	-0.6085626423297228
105	7	-0.5820223559291477
105	8	-0.5830177017276839
105	9	-0.5884208434454479
105	10	-0.6372451784813364
105	11	-0.666172367767885
105	12	-0.6773614331953368
105	13	-0.6835402200832164
105	14	-0.6566344615540913
105	15	-0.648396071553428
105	16	-0.6491051985936949
105	17	-0.6683044699931244
105	18	-0.6747203151779644
105	19	-0.652843574896842
105	20	-0.6897088943820293
105	21	-0.7087464035036461
105	22	-0.6186802123354269
105	23	-0.707056073823864
105	24	-0.0752125995123194
105	25	-0.3388571205125146
105	26	-0.5565469029550059
105	27	-0.7727405837025643
105	28	-1.0115529441398223
106	1	-0.606274373522794
106	2	-0.7186916207279594
106	3	-0.6681101335934798
106	4	-0.6731038094224928
106	5	-0.7025524448799061
106	6	-0.7526236327748705
106	7	-0.7428286735250751
106	8	-0.7404568798216147
106	9	-0.8086608162553262
106	10	-0.7263294061664141
106	11	-0.7258916402305289
106	12	-0.7720180264476113
106	13	-0.7996474485473399
106	14	-0.784506174162523
106	15	-0.8279164814891757
106	16	-0.7892021566064145
106	17	-0.8191374554869952
106	18	-0.7870858230669739
106	19	-0.756902637668226
106	20	-0.7559707767599448
106	21	-0.8234542990341467
106	22	-0.836868018089099
106	23	-0.8157041567845695
106	24	-0.5567059542174562
106	25	-0.05892363935952005
106	26	0.23157725359020276
106	27	-0.020284993315939914
106	28	-0.4316678866685564
107	1	-0.3026291589419401
107	2	-0.42954846415533154
107	3	-0.31061527504261477
107	4	-0.3458310717601165
107	5	-0.34029071011867984
107	6	-0.3886358911096153
107	7	-0.3957355708669468
107	8	-0.3173163301165616
107	9	-0.33855893584780716
107	10	-0.3423001557636951
107	11	-0.3915637314903222
107	12	-0.4667393767615806
107	13	-0.4463826069165435
107	14	-0.38521743415041954
107	15	-0.42987146073766525
107	16	-0.39670372946984855
107	17	-0.3414924020496386
107	18	-0.40135413161267763
107	19	-0.5001175485368137
107	20	-0.5481866438410989
107	21	-0.5007683598808796
107	22	-0.46888045326107175
107	23	-0.8046380315081194
107	24	-0.03258587140172153
107	25	-0.684496595814835
107	26	-1.2507756875862626
107	27	0.22269478261887343
107	28	0.23985550656440324
108	1	-0.5627474670777488
108	2	-0.5858537165165743
108	3	-0.5810977184310815
108	4	-0.5929088858410481
108	5	-0.6049120306266431
108	6	-0.6513651337830453
108	7	-0.6259524379229404
108	8	-0.627391999051305
108	9	-0.6558832284525025
108	10	-0.6263319440972808
108	11	-0.6099128597535213
108	12	-0.6793077547393125
108	13	-0.5694888327098226
108	14	-0.6146566234307542
108	15	-0.6438888747729195
108	16	-0.6329461307858537
108	17	-0.6243937887240207
108	18	-0.6717741137745818
108	19	-0.682589812121023
108	20	-0.7643940236559885
108	21	-0.8959959263857229
108	22	-0.749362150961872
108	23	-1.2421900220012887
108	24	-0.6524516297667802
108	25	-0.6791027027204066
108	26	-0.4762879149491184
108	27	-1.5341170603332799
108	28	-2.200014482601361
109	1	-0.6191844641460733
109	2	-0.630684031190583
109	3	-0.6390458990241967
109	4	-0.6893467306547052
109	5	-0.6548748394746937
109	6	-0.6421220082866199
109	7	-0.6324230309720491
109	8	-0.667577412158721
109	9	-0.7253132337272774
109	10	-0.7093100639252512
109	11	-0.7290581234988522
109	12	-0.7029578633055351
109	13	-0.702520534492237
109	14	-0.6989173454030961
109	15	-0.7276401351684285
109	16	-0.6643392250539435
109	17	-0.7474136935779114
109	18	-0.7440540450993396
109	19	-0.7208385570127263
109	20	-0.768696304179656
109	21	-0.7960954460042942
109	22	-0.7753206277886946
109	23	-0.6608265952021739
109	24	-0.014412026147383017
109	25	-0.7774643092159792
109	26	-1.305264851672952
109	27	-0.6252658362278183
109	28	-0.9236888664699165
110	1	-0.5878181058714489
110	2	-0.5979047188198834
110	3	-0.6721225681643972
110	4	-0.650017653426282
110	5	-0.5998567833195594
110	6	-0.6840204705900277
110	7	-0.6751931859455524
110	8	-0.6439275169154612
110	9	-0.6730011711998998
110	10	-0.6739756308264475
110	11	-0.7390936401550618
110	12	-0.7398906086342762
110	13	-0.6663930193822196
110	14	-0.7008172466812752
110	15	-0.7798157458940835
110	16	-0.7291055515394476
110	17	-0.7540214563295322
110	18	-0.7812806014427949
110	19	-0.7381949869391349
110	20	-0.7831688772315104
110	21	-0.822293382288386
110	22	-0.7098607246104152
110	23	-0.7764904956171179
110	24	-0.6556787978927048
110	25	-0.32201582886015956
110	26	0.18184607079450643
110	27	0.797822186860202
110	28	0.5942610093485499
111	1	-0.6419274485095912
111	2	-0.6874918159398078
111	3	-0.6643842152186394
111	4	-0.7051929984900838
111	5	-0.7134975026277743
111	6	-0.6875347536944219
111	7	-0.6698638301513853
111	8	-0.6645979490867617
111	9	-0.7430434684588718
111	10	-0.7242784672476787
111	11	-0.7195667157467653
111	12	-0.6960249427767522
111	13	-0.7781827027519697
111	14	-0.6840140316324792
111	15	-0.7316994286635605
111	16	-0.7343969557786423
111	17	-0.7060368692165824
111	18	-0.7105663401815647
111	19	-0.7234979423688799
111	20	-0.7387323678665965
111	21	-0.7853499175473573
111	22	-0.8034285239112222
111	23	-0.6898169764775588
111	24	-0.090627626669459
111	25	-0.07496823162362887
111	26	-0.33289963205456274
111	27	-0.9730810671891135
111	28	0.23318389796543926
112	1	-0.682870330682789
112	2	-0.7572718078265623
112	3	-0.6709206143102833
112	4	-0.6839782181590763
112	5	-0.7075932613915725
112	6	-0.7423836802326349
112	7	-0.7558961698700557
112	8	-0.8013240882893697
112	9	-0.8093422401154626
112	10	-0.792375015775491
112	11	-0.8250212775462913
112	12	-0.8532550251713502
112	13	-0.8320481477686457
112	14	-0.8269565008489437
112	15	-0.7884364865927864
112	16	-0.8025883536969545
112	17	-0.8805988873952515
112	18	-0.7787828379855384
112	19	-0.7547918638546847
112	20	-0.8395737022079288
112	21	-0.8191043197029089
112	22	-0.7699573175951855
112	23	-0.3163480612466074
112	24	-0.0695888169098211
112	25	-0.1480211360657151
112	26	-0.8006066544557697
112	27	0.28431270783348594
112	28	-0.4676753931194142
113	1	-0.6317975660136881
113	2	-0.7088162894233534
113	3	-0.6286511125255458
113	4	-0.6985144635241269
113	5	-0.6460863372824548
113	6	-0.7111639292311409
113	7	-0.6674211747053818
113	8	-0.6593401904836611
113	9	-0.7176982449108991
113	10	-0.7009950631428552
113	11	-0.7373481183749462
113	12	-0.7524486172566256
113	13	-0.7774377695446901
113	14	-0.7278508665108419
113	15	-0.7625925625822632
113	16	-0.7172669871327173
113	17	-0.7060006144150393
113	18	-0.6530580543012832
113	19	-0.6811210777680543
113	20	-0.7015922059845678
113	21	-0.8131230915662258
113	22	-0.6670600137084222
113	23	-0.49435612750072977
113	24	-0.06899945781530903
113	25	0.4149953499606127
113	26	0.3418030172024231
113	27	0.2098077916168961
113	28	-0.009379031096344193
114	1	-0.6607915020788226
114	2	-0.7729732223450441
114	3	-0.6903537538143425
114	4	-0.762051825306429
114	5	-0.6996143676626616
114	6	-0.7048639778075838
114	7	-0.7196855900236443
114	8	-0.773011949556313
114	9	-0.7433074068121996
114	10	-0.7673289294882366
114	11	-0.7695021071802159
114	12	-0.808912200426434
114	13	-0.7899993575367148
114	14	-0.8227549169594752
114	15	-0.8174757502600869
114	16	-0.752309022736739
114	17	-0.8131998575674615
114	18	-0.827439611851922
114	19	-0.7914941307590908
114	20	-0.8966981514413135
114	21	-0.9133574890766454
114	22	-0.8365983340176513
114	23	-1.1606721404834062
114	24	-0.5315064646061529
114	25	-0.08793952638512081
114	26	0.22729000814540257
114	27	0.34033997058401866
114	28	0.7784470558601768
115	1	-0.9379078889201367
115	2	-0.9359526580612112
115	3	-0.9565898103628498
115	4	-0.9144348558241546
115	5	-0.9214570242301505
115	6	-0.8907225516194046
115	7	-0.8999321033027812
115	8	-0.9585480630087417
115	9	-0.9076163542107167
115	10	-0.8898309516438374
115	11	-0.9591235172077219
115	12	-0.9783273136511141
115	13	-0.993204061152241
115	14	-0.9738509524968109
115	15	-0.9686882022923271
115	16	-0.9586442527353398
115	17	-1.023539692485194
115	18	-0.9965549216989871
115	19	-1.0161167199609338
115	20	-1.0239162736834544
115	21	-0.9479553301952137
115	22	-1.0619195353054067
115	23	-0.9237252553461417
115	24	-0.9098302117608128
115	25	-0.6365645738440335
115	26	-0.638935566922612
115	27	-0.7634602806722626
115	28	-0.47006358243769597
116	1	-1.0852714246331914
116	2	-1.1179664242214002
116	3	-0.9880934565109882
116	4	-1.1078688030912076
116	5	-1.0535259247236581
116	6	-1.0120577103461699
116	7	-0.901955749857315
116	8	-1.1146096773775724
116	9	-0.9738198442278545
116	10	-0.9551847215582043
116	11	-0.927933917487465
116	12	-0.8827923892489196
116	13	-0.8810383601622931
116	14	-0.9102190571315489
116	15	-0.7734296982277655
116	16	-0.7697476127759728
116	17	-0.7847282540368639
116	18	-0.7580229071300337
116	19	-0.7474616400746115
116	20	-0.7655780261453202
116	21	-0.8156627334662119
116	22	-0.8639804531593995
116	23	-1.077998902937388
116	24	-0.8509381113555747
116	25	-1.8792283346642193
116	26	-1.2746416518824333
116	27	-1.0378421488041312
116	28	-1.1956438532307274
117	1	-1.1060032743757588
117	2	-1.206198707416874
117	3	-1.150051473206986
117	4	-1.168444718928285
117	5	-1.2243837309806693
117	6	-1.2614880570488722
117	7	-1.2020430232049009
117	8	-1.1443648427601971
117	9	-1.2548901985449135
117	10	-1.163216466716257
117	11	-1.206338153229396
117	12	-1.2844534192031034
117	13	-1.2567624842194007
117	14	-1.2359038007243228
117	15	-1.2440910754495675
117	16	-1.2030855026844236
117	17	-1.2325820583116567
117	18	-1.204472216605076
117	19	-1.2943297869604464
117	20	-1.2866441115753204
117	21	-1.2034746327696695
117	22	-1.2845677833668105
117	23	-1.314533001387872
117	24	-1.006370561288108
117	25	-0.6556019610378456
117	26	-0.34906790770011753
117	27	-1.1167691042016727
117	28	-0.9582562408431201
118	1	-1.0800597245014245
118	2	-1.160228154482482
118	3	-1.061326267954847
118	4	-1.1605233200952014
118	5	-1.133096456638782
118	6	-1.2000814056810825
118	7	-1.146652305670088
118	8	-1.1823075508640812
118	9	-1.1743584944941787
118	10	-1.1343468936123386
118	11	-1.207339609692319
118	12	-1.2184457765233674
118	13	-1.1982783861253807
118	14	-1.742154773034855
118	15	-1.2154276755535207
118	16	-1.127974107747562
118	17	-1.162022054730123
118	18	-1.0954997049677644
118	19	-1.169651842713634
118	20	-1.2224879352519196
118	21	-1.1315755504095932
118	22	-1.1959235758915412
118	23	-1.3860526021756527
118	24	-0.8459317360633776
118	25	-1.068647163258305
118	26	-0.3974181801997503
118	27	-0.15884071545487188
118	28	0.14332510464066672
119	1	-0.9415196395354144
119	2	-1.1270048444533884
119	3	-1.0500090874556918
119	4	-1.1883986135905715
119	5	-1.1044768765719226
119	6	-1.1667730519541806
119	7	-1.1702245814512793
119	8	-1.1369938645755582
119	9	-1.202669243065614
119	10	-1.2263638578710925
119	11	-1.1924903565238623
119	12	-1.2139757223833243
119	13	-1.2094356324561275
119	14	-1.2909856689351145
119	15	-1.1939241073110196
119	16	-1.176970114461625
119	17	-1.1818212312317016
119	18	-1.176154237155437
119	19	-1.1812267344163274
119	20	-1.2784494696713935
119	21	-1.3024624611054847
119	22	-1.2163874996333561
119	23	-1.0595316896281304
119	24	-0.9869336974886735
119	25	-1.5495852055161379
119	26	-1.0862522037741371
119	27	-1.4666645953930768
119	28	-0.9393307219175995
120	1	-1.2701170032368907
120	2	-1.3946499829488772
120	3	-1.2914622611523257
120	4	-1.3464483698240457
120	5	-1.3599551458919876
120	6	-1.4514289262765203
120	7	-1.4036646520947116
120	8	-1.4231275121363325
120	9	-1.4837352538749826
120	10	-1.4314002950126579
120	11	-1.441926735278713
120	12	-1.5094734611211393
120	13	-1.4864259740336223
120	14	-1.4850214055045186
120	15	-1.517926330234289
120	16	-1.4539035960224638
120	17	-1.5170027108379713
120	18	-1.4855588925057646
120	19	-1.5274154721491797
120	20	-1.654354901305517
120	21	-1.5890188433790655
120	22	-1.5828006239769223
120	23	-1.7423269185563868
120	24	-1.6380988148341302
120	25	-1.4743008153749955
120	26	-1.33327123125828
120	27	-1.5425426506144575
120	28	-0.14576347045561278
>>END_MODULE
>>Per sequence quality scores	pass
#Quality	Count
2	233836.0
3	5192.0
4	2303.0
5	2944.0
6	3837.0
7	6111.0
8	5673.0
9	4024.0
10	4059.0
11	5032.0
12	6276.0
13	7486.0
14	8588.0
15	9454.0
16	9986.0
17	11249.0
18	13579.0
19	17685.0
20	22756.0
21	27971.0
22	31696.0
23	35499.0
24	39989.0
25	42161.0
26	40482.0
27	41124.0
28	45192.0
29	50974.0
30	57086.0
31	65976.0
32	78188.0
33	96367.0
34	125427.0
35	186678.0
36	309132.0
37	552761.0
38	1134529.0
39	3242531.0
40	757544.0
>>END_MODULE
>>Per base sequence content	fail
#Base	G	A	T	C
1	7.391977386475995	30.433593837120842	50.963156377441656	11.21127239896151
2	22.204107920158194	35.06313102393705	24.622012776172667	18.110748279732086
3	16.05638204579733	21.500927289672543	16.503017829601312	45.939672834928814
4	23.29232180430931	44.62362024876081	14.68996708879623	17.394090858133655
5	22.843126023905324	30.789646138592257	33.23192638111351	13.135301456388904
6	30.008593755640124	15.03228890165973	38.319909194147094	16.63920814855306
7	18.92266260130763	23.035623970816374	23.040078176069695	35.0016352518063
8	20.14706505332719	41.49823663871233	20.77336445192775	17.581333856032728
9	16.4957609451197	40.99778556529653	30.501648396479297	12.004805093104467
10	24.93257055181882	20.132599102320995	25.57659142147311	29.358238924387077
11	37.62772297349667	7.496223119995063	18.82063814458786	36.055415761920415
12	17.076496684477586	13.28624044235843	28.52572480612288	41.1115380670411
13	19.165382734056568	24.45336889796015	39.48898142678138	16.892266941201903
14	39.97922441069085	28.146006134056766	20.299761295943448	11.57500815930894
15	43.08612595979861	18.774002628215417	26.9823667616577	11.157504650328281
16	15.408773505130375	19.191211565788212	27.958709647891624	37.44130528118979
17	31.092259667362132	20.11385602455779	35.47808537826078	13.315798929819298
18	36.38398406244849	20.718590579384614	21.357663190467466	21.539762167699433
19	32.092944453710984	14.348870627231175	37.28931564605539	16.268869273002444
20	58.41375508258202	13.283774433712752	18.960090898729693	9.342379584975538
21	17.121153985156024	26.30952131651637	24.52471778271211	32.04460691561549
22	36.08274866259918	10.439638326928259	40.89879269236443	12.57882031810813
23	14.425478882805365	25.06172200239196	39.323463510495124	21.189335604307544
24	20.278216848507302	20.746328594975168	36.275415209169694	22.70003934734784
25	21.274040048047098	18.647025435921805	21.352446574004407	38.72648794202669
26	15.373914297041122	15.753414783580208	25.891447724078283	42.981223195300394
27	15.627726830037211	17.443830819723814	24.924985785298905	42.00345656494007
28	15.260876721347453	26.04158665715697	18.602073846491468	40.095462775004115
>>END_MODULE
>>Per sequence GC content	warn
#GC Content	Count
0	7.0
1	7.0
2	10.0
3	14.5
4	16.0
5	16.0
6	15.0
7	16.5
8	22.5
9	30.5
10	37.0
11	50.0
12	77.0
13	127.0
14	198.5
15	303.5
16	474.5
17	729.0
18	1120.0
19	1580.5
20	3557.0
21	6403.5
22	7590.0
23	8872.0
24	11215.5
25	22744.0
26	40117.0
27	47425.0
28	56307.0
29	67554.5
30	131443.5
31	245371.0
32	302865.0
33	386618.0
34	562479.5
35	660608.5
36	711165.5
37	721034.0
38	703249.5
39	933371.0
40	1147189.5
41	1165748.5
42	1180067.5
43	1279036.0
44	1397218.0
45	1535620.5
46	1893407.0
47	2136572.5
48	2013169.0
49	1886322.0
50	1563944.0
51	1241566.0
52	980571.0
53	698591.5
54	636952.0
55	558985.0
56	507080.5
57	502844.5
58	511052.0
59	477040.0
60	442173.5
61	403711.5
62	393891.5
63	394207.5
64	347359.5
65	322671.5
66	288960.5
67	250239.0
68	211738.0
69	168045.5
70	149787.5
71	124513.5
72	102619.5
73	99832.5
74	82401.5
75	62868.5
76	54318.5
77	49488.0
78	50177.5
79	52264.5
80	51537.0
81	49771.0
82	49139.5
83	44424.0
84	39546.0
85	32062.0
86	22699.0
87	18012.0
88	15925.5
89	14509.5
90	13114.5
91	11582.5
92	10541.0
93	9256.0
94	7807.0
95	7314.5
96	7250.0
97	5807.5
98	2965.5
99	1566.0
100	1566.0
>>END_MODULE
>>Per base N content	pass
#Base	N-Count
1	1.0591882149629421
2	0.08817146973926009
3	0.015909821822254873
4	0.0014711136616468545
5	0.0
6	0.0
7	0.0
8	0.0
9	0.0
10	0.0
11	0.0
12	0.0
13	0.0
14	9.398781727188237E-4
15	0.014098172590782356
16	1.3621422793026431E-5
17	0.0
18	0.0
19	0.0
20	0.0
21	0.0
22	1.2362340190998157E-4
23	0.012566533511677577
24	0.02392719643552364
25	0.0031678400874323867
26	0.0014415765080692247
27	0.0
28	0.0
>>END_MODULE
>>Sequence Length Distribution	warn
#Length	Count
17	273792.0
18	214976.0
19	280900.0
20	650385.0
21	1067874.0
22	2864039.0
23	1249667.0
24	360937.0
25	101333.0
26	99841.0
27	86498.0
28	91135.0
>>END_MODULE
>>Sequence Duplication Levels	fail
#Total Deduplicated Percentage	6.622823698998458
#Duplication Level	Percentage of deduplicated	Percentage of total
1	81.74383525850016	5.413750093970205
2	6.885661659158242	0.9120504643911648
3	2.7429395958445024	0.5449801608084066
4	1.5470811607119073	0.4098418310174744
5	1.023074688703585	0.3387821647095786
6	0.7300570821696635	0.29010236072489465
7	0.5400349153717433	0.2503589225067425
8	0.43198002191065754	0.22887420212830203
9	0.35052159293090357	0.20892984414061308
>10	2.829927638148887	3.8695305162325977
>50	0.4676886530986869	2.179970025415764
>100	0.4936654155463496	6.975252988767627
>500	0.08934749578353907	4.144286911991245
>1k	0.09016719757971832	13.165903563237617
>5k	0.01741866316880922	8.325407828151826
>10k+	0.016598961372629964	52.741978121805936
>>END_MODULE
>>Overrepresented sequences	fail
#Sequence	Count	Percentage	Possible Source
TTCAAGTAATCCAGGATAGGCT	487303	6.637760191310159	No Hit
AACATTCAACGCTGTCGGTGAGT	402354	5.480633946465357	No Hit
AACATTCAACGCTGTCGGTGAG	390233	5.3155286807910835	No Hit
AAGCTGCCAGTTGAAGAACTGT	236287	3.2185651274958365	No Hit
TTCACAGTGGCTAAGTTCTG	224436	3.05713764597568	No Hit
TGAGGTAGTAGGTTGTATAGTT	127874	1.7418258182354616	No Hit
AACATTCAACGCTGTCGGTGA	102926	1.4019985623950384	No Hit
TCTTTGGTTATCTAGCTGTATGA	92901	1.2654437988949485	No Hit
TCGGATCCGTCTGAGCTTGGCT	82315	1.1212474172079707	No Hit
TGAGGTAGTAGATTGTATAGTT	80934	1.1024362323308012	No Hit
TTCACAGTGGCTAAGTTCTGC	66108	0.9004850180013914	No Hit
TTCAAGTAATCCAGGATAGGCC	64107	0.8732285509925454	No Hit
CCTGTCTGAGCGTCGCT	59120	0.8052985155237227	No Hit
TCACAGTGAACCGGTCTCTTT	49899	0.6796953759492259	No Hit
AGCTGGTGTTGTGAATCAGGCCG	45594	0.6210551508252471	No Hit
TGAGATGAAGCACTGTAGCT	44384	0.6045732292456851	No Hit
TCTTTGGTTATCTAGCTGTATG	40917	0.5573477564222624	No Hit
CAACGGAATCCCAAAAGCAGCTG	37597	0.5121246327494148	No Hit
TGAGGTAGTAGTTTGTACAGTT	36434	0.49628291804112495	No Hit
TGAGATGAAGCACTGTAGCTC	36009	0.49049381335408876	No Hit
TTCAAGTAATCCAGGATAGGCA	35733	0.48673430066321344	No Hit
TGAGGTAGTAGGTTGTATAGT	35498	0.4835332663068522	No Hit
TGTAAACATCCTCGACTGGAAGCT	35248	0.4801279106085956	No Hit
TGAGATGAAGCACTGTAGCTCT	34508	0.47004805774175606	No Hit
TGAGGTAGTAGGTTGTATGGTT	34133	0.46494002419437114	No Hit
TCTTTGGTTATCTAGCTGTAT	33846	0.4610306758527726	No Hit
TATTGCACTCGTCCCGGCCTCC	33469	0.4558953994598016	No Hit
AGCAGCATTGTACAGGGCTATGA	30878	0.4206022930030701	No Hit
AACATTCATTGCTGTCGGTGGG	30040	0.409187540702514	No Hit
TATTGCACTTGTCCCGGCCTGT	28226	0.38447827975596405	No Hit
AACATTCAACGCTGTCGGTGAGA	27595	0.37588316197356436	No Hit
CATTATTACTTTTGGTACGCG	27144	0.36973990029390946	No Hit
TGAGACCTCTGGGTTCTGAGCT	26888	0.36625281605889465	No Hit
TGTAAACATCCTTGACTGGAAGCT	26741	0.36425046690831975	No Hit
TTCAAGTAATCCAGGATAGGC	26655	0.3630790245481195	No Hit
TCGAGGAGCTCACAGTCTAGT	26501	0.36098132543799344	No Hit
TGAGGTAGTAGATTGTATAGT	23303	0.3174200153458949	No Hit
TGTAAACATCCTCGACTGGA	23142	0.31522696627621766	No Hit
CGCCTGTCTGAGCGTCGCT	21192	0.2886651918298161	No Hit
TGTAAACATCCCCGACTGGAAGCT	21001	0.28606350007634807	No Hit
TCCAGCATCAGTGATTTTGTT	20733	0.28241295876781697	No Hit
TCCCTGAGACCCTAACTTGTGA	20115	0.27399491948172666	No Hit
TGAGGTAGTAAGTTGTATTGTT	19818	0.2699493569121978	No Hit
TGAGGTAGTAGGTTGTGTGGTT	19543	0.26620346564411557	No Hit
TGAGGTAGTAGTTTGTGCTGTT	19495	0.26554963735005027	No Hit
CCTGTCTGAGCGTCGCC	19196	0.26147683193493537	No Hit
AACATTCAACGCTGTCGGTGAGC	19145	0.260782139372491	No Hit
TGAGATGAAGCACTGTAGCTCA	18839	0.2566139839978249	No Hit
AATATAACACAGATGGCCTGT	17858	0.243251368237866	No Hit
TTCAAGTAATCCAGGATAGGCG	17712	0.24126264051008414	No Hit
GTACAGTACTGTGATAACTGA	17262	0.23513300025322226	No Hit
TAGCAGCACGTAAATATTGGCG	16844	0.2294392455257372	No Hit
TAGCACCATCTGAAATCGGTT	16628	0.22649701820244347	No Hit
AACATTCAACGCTGTCGGTG	16157	0.22008132806692807	No Hit
AACATTCAACGCTGTCGGTGAGTT	15597	0.21245333130283325	No Hit
TATTGCACTTGTCCCGGCCTGTAA	15582	0.21224900996093785	No Hit
AACATTCATTGCTGTCGGTGGGT	15370	0.20936126832881624	No Hit
TCGGATCCGTCTGAGCTTGGCC	15319	0.20866657576637188	No Hit
TTATAAAGCAATGAGACTGATT	14600	0.1988727727781859	No Hit
CGCGACCTCAGATCAGA	14040	0.1912447760140911	No Hit
TCCAGCATCAGTGATTTTGTTG	13674	0.1862593352718434	No Hit
TGTAAACATCCTACACTCTCAGCT	13623	0.18556464270939907	No Hit
TCGGATCCGTCTGAGCTTGGCTT	13391	0.18240447262141696	No Hit
TTCAAGTAATCCAGGATAGGCTT	13037	0.17758248895268558	No Hit
AACATTCAACCTGTCGGTGAGTT	12689	0.17284223382071237	No Hit
TCACAGTGAACCGGTCTCTT	12553	0.1709897203208608	No Hit
TACAGTACTGTGATAACTGACT	12457	0.16968206373273023	No Hit
TACCTGGTTGATCCTGCC	12341	0.1681019786887392	No Hit
AACATTCAACCTGTCGGTGAGT	12091	0.16469662299048257	No Hit
TAAGGCACGCGGTGAATGCC	11878	0.16179525993556795	No Hit
TTCACAGTGGCTAAGTTCTGCT	11649	0.15867595411596488	No Hit
TTCAAGTAATTCAGGATAGGTT	11486	0.1564556622007016	No Hit
TCGGATCCGTCTGAGCTTGGC	11477	0.15633306939556435	No Hit
TATTGCACTTGTCCCGGCCTGTA	11283	0.15369051337371722	No Hit
GGGCCAGTGGCGCAATGGA	10841	0.14766984449919954	No Hit
AACATTCAACGCTGTCGGTGAGG	10612	0.14455053867959647	No Hit
ATAGGCGATAGAAATTGAAACCT	10563	0.1438830889627382	No Hit
TCGGATCCGTCTGAGCTTGG	10415	0.14186711838937027	No Hit
TAGTAGACCGTATAGCGTACG	10404	0.14171728273864698	No Hit
CATCATCGTCTCAAATGAGTCT	10178	0.138638841187423	No Hit
TAAGGCACGCGGTGAATGCCA	10162	0.13842089842273458	No Hit
TCGTACGACTCTTAGCGG	9948	0.13550591394502692	No Hit
TAGCACCATCTGAAATCGGTTA	9877	0.13453879292672208	No Hit
AGCTACATCTGGCTACTGGGTCTC	9824	0.13381685751869166	No Hit
AACATTCAACGCTGTCGGTGG	9786	0.13329924345255664	No Hit
TGTAAACATCCTCGACTGGAA	9649	0.13143310852991202	No Hit
ATAGTAGACCGTATAGCGTACG	9648	0.131419487107119	No Hit
TGTAAACATCCTACACTCAGCT	9480	0.12913108807789056	No Hit
TACAGTACTGTGATAACTGAAG	9321	0.12696528185379938	No Hit
ACTTAACTTGACCGCTCTGACC	9305	0.12674733908911096	No Hit
AACATTCATTGCTGTCGGTGGA	9238	0.12583470376197817	No Hit
TGAGGTAGGAGGTTGTATAGTT	9017	0.12282436932471934	No Hit
TAGCTTATCAGACTGATGTTGA	9003	0.12263366940561694	No Hit
GTACAGTACTGTGATAACT	8864	0.12074029163738628	No Hit
CTAGACTGAAGCTCCTTGAGGA	8828	0.12024992041683732	No Hit
GTACAGTACTGTGATAACTGAA	8727	0.11887415671474166	No Hit
AGCTACATTGTCTGCTGGGTTT	8716	0.11872432106401837	No Hit
GCTAAATTTGACTGGCTT	8597	0.11710337175164824	No Hit
AACATTCAACGCTGTCGGT	8582	0.11689905040975282	No Hit
TCGACACAAGGGTTTGT	8482	0.11553690813045019	No Hit
GCGTTCGCGCTTTCCCCTG	8415	0.11462427280331741	No Hit
AACATTCAACGCTGTCGGTGT	8364	0.11392958024087306	No Hit
TCACAGTGAACCGGTCTCTTTT	8121	0.11061957450216764	No Hit
TACGCCTGTCTGAGCGTCGCT	8106	0.11041525316027226	No Hit
TCTGGCTCCGTGTCTTCACTCCC	8092	0.11022455324116989	No Hit
AGCTGGTGTTGTGAATCAGGCCA	8066	0.1098703962485512	No Hit
TACAGTACTGTGATAACTGAA	7954	0.10834479689573223	No Hit
AACCCGTAGATCCGAACTTGTG	7919	0.1078680470979763	No Hit
AAGCTGCCAGTTGAAGAACTGC	7918	0.10785442567518327	No Hit
TATACAAGGGCAAGCTCTCTGT	7718	0.105130141116578	No Hit
TATTGCACTTGTCCCGGCCTGTAT	7696	0.10483046981513142	No Hit
GTCAGGATGGCCGAGCGGTCTAAGGC	7646	0.10414939867548008	No Hit
TCGGATCCGTCTGAGCTTGGCA	7625	0.10386334879682654	No Hit
AGCAGCATTGTACAGGGCTATG	7601	0.10353643464979391	No Hit
TCCGGCCGTGTCGGCGG	7520	0.10243309940355876	No Hit
TGAGATGAAGCACTGTAGCTCC	7407	0.10089387862794677	No Hit
TAACAGTCTACAGCCATGGTCG	7398	0.10077128582280953	No Hit
AACATTCAACGCTGTCGGTGAA	7348	0.10009021468315822	No Hit
>>END_MODULE
>>Adapter Content	pass
#Position	Illumina Universal Adapter	Illumina Small RNA 3' Adapter	Illumina Small RNA 5' Adapter	Nextera Transposase Sequence	SOLID Small RNA Adapter
1	0.0	0.0	0.0	0.0	0.0
2	0.0	0.0	0.0	0.0	0.0
3	0.0	0.0	0.0	0.0	0.0
4	0.0	0.0	0.0	0.0	0.0
5	0.0	0.0	0.0	0.0	0.0
6	0.0	0.0	0.0	0.0	0.0
7	0.0	0.0	0.0	0.0	0.0
8	0.0	0.0	0.0	0.0	0.0
9	0.0	0.0	0.0	0.0	0.0
10	0.0	0.0	0.0	0.0	0.0
11	0.0	0.0	0.0	0.0	0.0
12	0.0	0.0	0.0	0.0	0.0
13	0.0	0.0	0.0	0.0	0.0
14	0.0	0.0	0.0	0.0	0.0
15	0.0	0.0	0.0	0.0	0.0
16	0.0	0.0	0.0	0.0	0.0
>>END_MODULE
>>Kmer Content	fail
#Sequence	Count	PValue	Obs/Exp Max	Max Obs/Exp Position
GCGACCA	50	0.0	972.88965	22
GCACCCA	160	0.0	874.0805	22
TAGTCTC	45	0.0	810.74133	22
TCTGATA	255	0.0	739.2054	22
TAGTCTT	220	0.0	690.9728	22
CCTGACC	295	0.0	680.1983	22
GGATTCA	65	0.0	654.8296	22
GCGACCC	680	0.0	652.766	22
GGAATAA	200	0.0	638.45886	22
TCCGATT	10	8.506887E-5	634.9434	21
GCACCTA	20	9.677712E-5	608.05597	22
GGCGACC	565	0.0	573.13477	21
TTAACCC	75	0.0	567.519	22
TACGCCA	100	0.0	547.2504	22
ATGGCCA	235	0.0	543.3692	22
CACGGAG	45	2.9958755E-9	540.4942	22
TAGTCTA	90	0.0	540.4942	22
ATCATTA	605	0.0	492.47513	22
ACTTTCG	75	0.0	486.44482	22
GCCCATT	90	0.0	472.93243	22
>>END_MODULE
