##FastQC	0.11.5
>>Basic Statistics	pass
#Measure	Value
Filename	cc5
File type	Conventional base calls
Encoding	Illumina 1.5
Total Sequences	7672543
Sequences flagged as poor quality	0
Sequence length	17-28
%GC	46
>>END_MODULE
>>Per base sequence quality	pass
#Base	Mean	Median	Lower Quartile	Upper Quartile	10th Percentile	90th Percentile
1	36.606657531929116	39.0	38.0	40.0	31.0	40.0
2	36.531051047872914	39.0	38.0	40.0	30.0	40.0
3	36.6040495309052	39.0	38.0	40.0	31.0	40.0
4	36.3921173201636	39.0	38.0	40.0	30.0	40.0
5	36.53888013400511	39.0	38.0	40.0	31.0	40.0
6	36.379017491332405	39.0	38.0	40.0	30.0	40.0
7	36.502304646581976	39.0	38.0	40.0	30.0	40.0
8	36.3300342533108	39.0	38.0	40.0	30.0	40.0
9	36.32243651159726	39.0	38.0	40.0	30.0	40.0
10	36.15137275867988	39.0	38.0	40.0	28.0	40.0
11	36.52162366506124	39.0	38.0	40.0	31.0	40.0
12	36.513180571291684	39.0	38.0	40.0	31.0	40.0
13	36.46821568807108	39.0	38.0	40.0	31.0	40.0
14	36.44876490102434	39.0	38.0	40.0	31.0	40.0
15	36.46947928476908	39.0	38.0	40.0	31.0	40.0
16	36.57210445089718	39.0	38.0	40.0	31.0	40.0
17	36.48899641227165	39.0	38.0	40.0	31.0	40.0
18	36.394031620802245	39.0	38.0	40.0	31.0	40.0
19	36.309546310890646	39.0	38.0	40.0	31.0	40.0
20	36.13777512606781	39.0	37.0	40.0	30.0	40.0
21	35.99178492657854	39.0	37.0	40.0	30.0	40.0
22	36.205158456560696	39.0	38.0	40.0	30.0	40.0
23	35.93136156393666	39.0	37.0	40.0	29.0	40.0
24	35.71783374565805	39.0	36.0	40.0	29.0	40.0
25	35.80988351358435	39.0	36.0	40.0	29.0	40.0
26	35.327585802012514	38.0	35.0	40.0	29.0	40.0
27	36.00482839976955	39.0	36.0	40.0	30.0	40.0
28	35.727510156703424	39.0	36.0	40.0	29.0	40.0
>>END_MODULE
>>Per tile sequence quality	fail
#Tile	Base	Mean
1	1	-0.8628303291771573
1	2	-0.9539314093902149
1	3	-0.8435188166826819
1	4	-0.8563490446260644
1	5	-0.8616590139948954
1	6	-0.821916302342494
1	7	-0.8348868502820253
1	8	-0.8569377203830868
1	9	-0.8581038675621429
1	10	-0.6054209492961533
1	11	-0.8033820596429493
1	12	-0.813940167147571
1	13	-0.8103330943335649
1	14	-0.8275090947313473
1	15	-0.8666119804380088
1	16	-0.8768211397738526
1	17	-0.950019976204743
1	18	-0.9148635483830674
1	19	-0.9315824123456338
1	20	-1.0465087652270242
1	21	-1.0276117279509123
1	22	-0.9863097084413681
1	23	-1.0691330126348646
1	24	-1.0801125809406358
1	25	-1.4941445534107345
1	26	-1.2949441567864426
1	27	-0.7975092107480961
1	28	-1.183752227319367
2	1	-1.0211079194341934
2	2	-1.0875979869755312
2	3	-1.0615515332032714
2	4	-1.0612585905757328
2	5	-1.0814807551747094
2	6	-1.063091213632191
2	7	-1.0494143189328895
2	8	-1.0563057921007442
2	9	-1.067331070067155
2	10	-0.8256877451636555
2	11	-0.9859699128007549
2	12	-1.0324919868841107
2	13	-1.0133124284060813
2	14	-0.9350681005855108
2	15	-1.012226101633594
2	16	-0.947691040479981
2	17	-0.9520627051959991
2	18	-0.9636828115029488
2	19	-0.9354146334361175
2	20	-1.025625778324887
2	21	-0.9687580515676046
2	22	-0.9510952510489474
2	23	-0.8117412888587268
2	24	-0.370292907322316
2	25	-0.9350331076276035
2	26	-0.19496106962893123
2	27	-0.7155949418109202
2	28	-0.584405022097009
3	1	-0.8771609552132205
3	2	-0.9681398212900092
3	3	-0.8972699622381128
3	4	-0.916623468327046
3	5	-0.9176047239637697
3	6	-0.8678495975332225
3	7	-0.8607772599386578
3	8	-0.8401315370126028
3	9	-0.9406037254489235
3	10	-0.5946357748836206
3	11	-0.780947429622671
3	12	-0.7969191486830738
3	13	-0.7790126727057896
3	14	-0.8278953452077289
3	15	-0.7974042323799466
3	16	-0.8105529333565187
3	17	-0.7813837140715236
3	18	-0.8223215652493536
3	19	-0.8367388176287491
3	20	-0.891029329120947
3	21	-0.9744304221628113
3	22	-1.0402105517386104
3	23	-0.6836588506901151
3	24	-0.244390081295073
3	25	-0.49252769637219274
3	26	0.17134087283480426
3	27	-0.5565358983462119
3	28	-0.5292671774854796
4	1	-0.9157579089385095
4	2	-0.9203133338684566
4	3	-1.0189968917797856
4	4	-0.9412399160767677
4	5	-0.9314070355595234
4	6	-0.887530670977668
4	7	-0.8806840525345478
4	8	-0.9212756303868872
4	9	-0.9099745946181415
4	10	-0.6306491385215551
4	11	-0.8347445171213934
4	12	-0.9023828380175232
4	13	-0.8618297401586545
4	14	-0.8923470511649612
4	15	-0.8408353166575395
4	16	-0.9089228551878747
4	17	-0.8547660327200788
4	18	-0.9205014922297892
4	19	-0.8811947869244037
4	20	-0.9699976445629233
4	21	-0.9821785452827356
4	22	-0.9214041554912953
4	23	-1.0108921583640154
4	24	-1.0402231793697112
4	25	-1.161475415319913
4	26	-1.3289025249989592
4	27	-0.6854450159500871
4	28	-1.2189993203426255
5	1	-1.1910707157509322
5	2	-1.2284104552123196
5	3	-0.9799234150690666
5	4	-1.0954552550511352
5	5	-1.0613786531222118
5	6	-0.9915153567979118
5	7	-0.8988143351440883
5	8	-1.0695308084860358
5	9	-1.0267219355738533
5	10	-0.6516960319269103
5	11	-0.7974232024372157
5	12	-0.7956420892706717
5	13	-0.8713519476341176
5	14	-0.8099813330240409
5	15	-0.7782662339979254
5	16	-0.868320982360693
5	17	-0.8290057801614878
5	18	-0.8416415902742287
5	19	-0.7464809211987955
5	20	-0.8058356204388701
5	21	-0.7041187214524882
5	22	-0.718552888453381
5	23	-0.7488351547573942
5	24	-0.4522026163998021
5	25	-1.5176827215272155
5	26	-1.0443543404507736
5	27	-1.4769963902352714
5	28	-2.301156578407145
6	1	-0.8400536611788141
6	2	-0.8926556537786752
6	3	-0.8591915365232268
6	4	-0.9083948135854882
6	5	-0.8354431696081974
6	6	-0.8060020160023953
6	7	-0.7733822197441853
6	8	-0.8328278639379789
6	9	-0.8741131140665033
6	10	-0.48403326334044294
6	11	-0.7315783907090889
6	12	-0.7476575592196397
6	13	-0.7841529916568746
6	14	-0.7383327817024394
6	15	-0.7692089682877281
6	16	-0.7742470314178647
6	17	-0.7197625483048427
6	18	-0.7489258424988492
6	19	-0.7292537156095591
6	20	-0.7987648676094352
6	21	-0.7664398197332929
6	22	-0.674089805817566
6	23	-0.61297434949946
6	24	-0.3760436836771248
6	25	-0.0845949157456829
6	26	0.2293008681558959
6	27	0.045936076359168965
6	28	0.45902322064097945
7	1	-0.8061592998545208
7	2	-0.7891828502780172
7	3	-0.7943032600492614
7	4	-0.8171304555287193
7	5	-0.7937792201917588
7	6	-0.7748119047302495
7	7	-0.7847506832229385
7	8	-0.7630103889884694
7	9	-0.7576101686524979
7	10	-0.49714230141340465
7	11	-0.6359409434120238
7	12	-0.7046739852210493
7	13	-0.6805817277949515
7	14	-0.6492773029971133
7	15	-0.6422367880710027
7	16	-0.6535563238851196
7	17	-0.6481602555338597
7	18	-0.6563082315728366
7	19	-0.6704469567595126
7	20	-0.6846479410411135
7	21	-0.6696900836533715
7	22	-0.5482337225607452
7	23	-0.6982186557664463
7	24	-0.9557022331084539
7	25	-1.8611474487128774
7	26	-2.0358103125519023
7	27	-1.463434194854898
7	28	-2.3452012434195453
8	1	-0.7787720999621897
8	2	-0.8475373234391981
8	3	-0.7758013855335832
8	4	-0.7777123571511098
8	5	-0.7827706465924251
8	6	-0.7205615615504826
8	7	-0.7344701928902282
8	8	-0.7793006063671086
8	9	-0.85480007897511
8	10	-0.5166654394490919
8	11	-0.7138416464895059
8	12	-0.7426421142950872
8	13	-0.76688431840563
8	14	-0.7435778023152864
8	15	-0.7108521168686863
8	16	-0.7598787431064196
8	17	-0.7736099232947637
8	18	-0.7746786894787121
8	19	-0.7369077561633617
8	20	-0.788762150456428
8	21	-0.775027290180013
8	22	-0.8025475620482041
8	23	-0.7949939026391846
8	24	-0.47662326028330426
8	25	-0.8769973933418882
8	26	-0.13614674635360302
8	27	0.11882703033041508
8	28	-1.4921243203426258
9	1	-0.6212484102192164
9	2	-0.7257506548534352
9	3	-0.6547672353768448
9	4	-0.7089353517557484
9	5	-0.6576882894409763
9	6	-0.6423517860776471
9	7	-0.6766333027243192
9	8	-0.6738835401683687
9	9	-0.7348118489366158
9	10	-0.44957652738570886
9	11	-0.6474259381227512
9	12	-0.6818379999452446
9	13	-0.6940199818944777
9	14	-0.7493443442142791
9	15	-0.6212754255415547
9	16	-0.6547366999022302
9	17	-0.6754912295939448
9	18	-0.6572186131159938
9	19	-0.7473476101789274
9	20	-0.7439496609810945
9	21	-0.7432135358033918
9	22	-0.655879742362913
9	23	-0.4150340894001445
9	24	-0.20830426887243902
9	25	-1.3221098008546974
9	26	-2.648535317007436
9	27	-0.8543505994478906
9	28	-3.163352390518064
10	1	-0.41824405190856595
10	2	-0.4460656783510544
10	3	-0.43133695345112244
10	4	-0.4649032224613663
10	5	-0.44821664741389355
10	6	-0.44908771712404416
10	7	-0.4147355283402945
10	8	-0.42182772993403006
10	9	-0.478510472029555
10	10	-0.17618912696855205
10	11	-0.40578196816666434
10	12	-0.38630432284386274
10	13	-0.36423310367354134
10	14	-0.37964509204975627
10	15	-0.3874040351371164
10	16	-0.39903210070409756
10	17	-0.39652495667144905
10	18	-0.4149871470828046
10	19	-0.4806868673672895
10	20	-0.45732138563356983
10	21	-0.48327313445324194
10	22	-0.45494322271875376
10	23	-0.37543596622216313
10	24	-0.06910522915755735
10	25	0.9935552954142182
10	26	1.0883131096079808
10	27	1.0942769691736771
10	28	1.4885899653716592
11	1	-0.5278447479370669
11	2	-0.5775858793091473
11	3	-0.5351418984345742
11	4	-0.5753000563978219
11	5	-0.5340663434901813
11	6	-0.6354547594455369
11	7	-0.6102781636139767
11	8	-0.613577500301048
11	9	-0.6426092637806065
11	10	-0.8715592861805064
11	11	-0.6001288867584904
11	12	-0.6163678146409666
11	13	-0.5811015128828103
11	14	-0.6182550750488787
11	15	-0.6247964507942143
11	16	-0.4810426661356004
11	17	-0.5100724130201613
11	18	-0.45636837160309085
11	19	-0.5694107937480695
11	20	-0.6229653770717007
11	21	-0.6254533155775093
11	22	-0.6564462134862765
11	23	-0.7860746304231441
11	24	-0.964678479809379
11	25	-0.29422135463955357
11	26	-0.13721643331286515
11	27	-0.0667399799788626
11	28	-0.41757886579716796
12	1	-0.5835161823672337
12	2	-0.6225895872693172
12	3	-0.6003223064232301
12	4	-0.6620578162689412
12	5	-0.5655864468265364
12	6	-0.8437188296063383
12	7	-0.866767662149833
12	8	-0.8761741830895957
12	9	-0.8223162968399365
12	10	-1.7620461015439943
12	11	-0.9407999083740108
12	12	-0.9183008653191251
12	13	-0.9065566748228733
12	14	-0.9263117273481214
12	15	-0.9403001995444029
12	16	-0.5972523248681227
12	17	-0.6159540880549272
12	18	-0.6032787992421049
12	19	-0.6257981003052748
12	20	-0.689061161964382
12	21	-0.689351301256238
12	22	-0.5948044152867951
12	23	-0.4716293819706152
12	24	-0.9263616991134356
12	25	-1.1837831076276046
12	26	-0.5356249213765238
12	27	-0.24217857647008856
12	28	-0.8202724684907707
13	1	-0.2982690503241514
13	2	-0.327436570888068
13	3	-0.343286909534001
13	4	-0.33441799071656675
13	5	-0.326648721294859
13	6	-0.3036263422866625
13	7	-0.2765833621093705
13	8	-0.3564796676226081
13	9	-0.3006156826971704
13	10	-0.06624132078171385
13	11	-0.25149592216725836
13	12	-0.2508903009118413
13	13	-0.2550547303685775
13	14	-0.281291999259885
13	15	-0.26197134949597967
13	16	-0.29997400762079707
13	17	-0.3501989660700957
13	18	-0.29696262866966094
13	19	-0.37682510196870567
13	20	-0.44729565556220763
13	21	-0.4102488290487898
13	22	-0.46419265804120613
13	23	-0.5750678679570953
13	24	-1.3622940889659318
13	25	-1.8135870291962277
13	26	-1.2508640759927658
13	27	-1.6650305782694588
13	28	-3.886410034628341
14	1	-0.41347106851331006
14	2	-0.44255246763104594
14	3	-0.4147213145294657
14	4	-0.4479044902678808
14	5	-0.4330319130369702
14	6	-0.4300617050798792
14	7	-0.39559979380489096
14	8	-0.4382019133433772
14	9	-0.5066988073291583
14	10	-0.15381333238842387
14	11	-0.30975332806524136
14	12	-0.2922613626917254
14	13	-0.30896741456787424
14	14	-0.36541693529957087
14	15	-0.41590613053955394
14	16	-0.3628980741858072
14	17	-0.41135334057030803
14	18	-0.3480736563404676
14	19	-0.40460768362082433
14	20	-0.42656464171409425
14	21	-0.5284438784616157
14	22	-0.5733576546285306
14	23	-0.9006940335575919
14	24	-0.5322012300621637
14	25	-0.725344445917564
14	26	-0.9812068179282463
14	27	-0.6975092107480947
14	28	-1.5416895377339301
15	1	-0.4220298136039915
15	2	-0.42512655009711153
15	3	-0.44790795442278863
15	4	-0.5351978302685083
15	5	-0.45145922653510695
15	6	-0.44511786919943575
15	7	-0.4112157109221215
15	8	-0.44525042570391093
15	9	-0.44780689298302434
15	10	-0.15977476366844456
15	11	-0.32633626292371787
15	12	-0.3528664584819552
15	13	-0.38095951538982575
15	14	-0.3603699126620299
15	15	-0.32179926114555
15	16	-0.35817458448364903
15	17	-0.35948005297042585
15	18	-0.327655163487492
15	19	-0.3824374437451894
15	20	-0.37060796089888726
15	21	-0.3637821300853048
15	22	-0.33513345882725076
15	23	-0.4322364591915502
15	24	-0.2901977816412895
15	25	-0.12913522030365954
15	26	0.20509125899482683
15	27	-0.8508308890697691
15	28	-2.356334846658413
16	1	-0.2325226574233099
16	2	-0.24293755524875849
16	3	-0.2060014240713457
16	4	-0.2621498040756336
16	5	-0.2014125184387936
16	6	-0.19593379611387007
16	7	-0.23766531100996957
16	8	-0.2611308624572004
16	9	-0.32282514501925164
16	10	0.027919170388287284
16	11	-0.13929851343368682
16	12	-0.187848531657842
16	13	-0.20454352933155207
16	14	-0.223194586597387
16	15	-0.18633936315682575
16	16	-0.16380274221758384
16	17	-0.20522743715245184
16	18	-0.2133535652443399
16	19	-0.27145794797512224
16	20	-0.2919870867301313
16	21	-0.353898130258429
16	22	-0.3879376008828004
16	23	-0.3369978674562475
16	24	-0.8080329484084174
16	25	-0.8643094234170761
16	26	-0.17843559151315702
16	27	0.7253392279419302
16	28	0.397643121517838
17	1	-0.3243591742436891
17	2	-0.3280701723701043
17	3	-0.3567664174202889
17	4	-0.4360863893453555
17	5	-0.3065591577888327
17	6	-0.3633194175752621
17	7	-0.31752200079780124
17	8	-0.37509005692568564
17	9	-0.30072798186504457
17	10	-0.06319322159518492
17	11	-0.2940754930889966
17	12	-0.30005585397515944
17	13	-0.3297739361222227
17	14	-0.3546753729581127
17	15	-0.2569134100620616
17	16	-0.40080375383369216
17	17	-0.3551508214916055
17	18	-0.3582292657699213
17	19	-0.39849025750245204
17	20	-0.41160485120810364
17	21	-0.4371510645411192
17	22	-0.48217153113717615
17	23	-0.32523525372004514
17	24	0.6104203344198638
17	25	0.9369248569741657
17	26	0.23195141315559908
17	27	0.4332600200211374
17	28	-0.3084879567062586
18	1	-0.40213510248347006
18	2	-0.4176676508736392
18	3	-0.3854444737918641
18	4	-0.456542319177629
18	5	-0.3957324073491222
18	6	-0.33025318953238525
18	7	-0.3608733677203162
18	8	-0.38446699405309914
18	9	-0.41153831546396447
18	10	-0.11589467313533675
18	11	-0.29605684530166343
18	12	-0.2791164262993391
18	13	-0.3458085145553724
18	14	-0.29635677669944016
18	15	-0.3308553495077362
18	16	-0.3554298314475588
18	17	-0.39010980373161885
18	18	-0.3071801988001397
18	19	-0.4011327927824837
18	20	-0.3916973335451672
18	21	-0.4593012768725444
18	22	-0.47380059989767886
18	23	-0.23691684479097574
18	24	-0.12442094861154374
18	25	-0.34875918418262586
18	26	0.02697770588127213
18	27	0.24807483483595405
18	28	0.5201833719650679
19	1	-0.10199738741369657
19	2	-0.1440376075005787
19	3	-0.10588523270337191
19	4	-0.1547064053467082
19	5	-0.10090739261268311
19	6	-0.07260860140554826
19	7	-0.10180647078848182
19	8	-0.11107720485018291
19	9	-0.1331996643860407
19	10	0.199196105984079
19	11	-0.13605355589728418
19	12	-0.1427080935167595
19	13	-0.13018071426373723
19	14	-0.09863749445530345
19	15	-0.14316953985272818
19	16	-0.17466621746207522
19	17	-0.21622116842814876
19	18	-0.17802869761603546
19	19	-0.27370349040069897
19	20	-0.23087754190182608
19	21	-0.2549865978853134
19	22	-0.14441877010737159
19	23	-0.17316710619514453
19	24	-0.8783062238941142
19	25	0.24892625197831109
19	26	-0.08781821248607002
19	27	0.1756842624453796
19	28	1.1740295258112212
20	1	-0.12005439245061922
20	2	-0.11044320127256668
20	3	-0.10999957776846259
20	4	-0.164666056772937
20	5	-0.10260406510221287
20	6	-0.05803014383659644
20	7	-0.07296054473509628
20	8	-0.08866396280404132
20	9	-0.12760331554128612
20	10	0.15347821682794205
20	11	0.012903773449401967
20	12	0.02454460002485348
20	13	-0.01657607958084384
20	14	-0.01753033590843245
20	15	-0.03152373117097085
20	16	-0.04136567669642943
20	17	-0.07440183344812112
20	18	-0.0460136746052342
20	19	-0.07852979313022246
20	20	-0.09647553922195584
20	21	-0.11789258476539288
20	22	-0.12167741590515391
20	23	-0.10578834175595375
20	24	0.12345425109943875
20	25	0.360046679606441
20	26	0.5668128707164399
20	27	0.3071730634993983
20	28	1.236966588748281
21	1	-0.18117970699262287
21	2	-0.17761231692961843
21	3	-0.14930269492851522
21	4	-0.2020802435037865
21	5	-0.20287745492198894
21	6	-0.1878272634563416
21	7	-0.19051470554310868
21	8	-0.25988443403905137
21	9	-0.2370701225219065
21	10	0.07035090667243082
21	11	-0.1823697988959978
21	12	-0.18184415354331662
21	13	-0.21982308458707678
21	14	-0.16667569637975532
21	15	-0.22235311922338497
21	16	-0.17589010512897119
21	17	-0.23141614639438757
21	18	-0.15045879858360678
21	19	-0.18424382471715006
21	20	-0.1634566102214876
21	21	-0.2808387889337851
21	22	-0.20346114902399393
21	23	-0.1339604019257763
21	24	-0.14445170200657032
21	25	-0.04071256820851943
21	26	0.13942944333301455
21	27	0.7260528128139327
21	28	0.8463941981758936
22	1	0.12423067210196592
22	2	0.12547319405063462
22	3	0.1707132540348013
22	4	0.11534911076767429
22	5	0.07396996666227551
22	6	0.14580051227670054
22	7	0.14166335031915622
22	8	0.19068400337148717
22	9	0.11095057023563015
22	10	0.43792339266596514
22	11	0.26103387345504814
22	12	0.24540199212388814
22	13	0.23185769077790752
22	14	0.22391646000187393
22	15	0.20140879138062928
22	16	0.14869787998533468
22	17	0.14417989499112593
22	18	0.1963626746599232
22	19	0.18611900713376173
22	20	0.09276451542017838
22	21	0.18812653368784282
22	22	0.20846832605165844
22	23	0.03361887307156053
22	24	0.2925018145835381
22	25	0.21007827851101268
22	26	-0.2284984845949154
22	27	0.17088378239737523
22	28	0.8176715980247238
23	1	-0.06352207503269369
23	2	-0.0401127483787036
23	3	-0.0055713734178652885
23	4	-0.060232373646634585
23	5	-0.1200619690365059
23	6	-0.047122760821082466
23	7	-0.016655972503400562
23	8	-0.06942712188330802
23	9	-0.05120060661972303
23	10	0.22855731799504042
23	11	0.017069469244781033
23	12	0.04643284610653353
23	13	0.06236985553820773
23	14	-0.032410422159401264
23	15	0.04903752965216768
23	16	-0.0020861851182161217
23	17	0.013452268688503466
23	18	0.00943169735497662
23	19	-0.01057976541184047
23	20	-0.058819985991256374
23	21	-0.08638282435175171
23	22	-0.02242849535696223
23	23	-0.3374070166231604
23	24	-0.8459758275576874
23	25	-0.8656475144072644
23	26	-1.3667673612063354
23	27	-0.10213821006735913
23	28	-0.06428118308772213
24	1	-0.12277586433463483
24	2	-0.14574477804250563
24	3	-0.16262222431601003
24	4	-0.15917548827447803
24	5	-0.13941994746551956
24	6	-0.07625342079619202
24	7	-0.13736281541076067
24	8	-0.10520355811213733
24	9	-0.13020435851036893
24	10	0.14455311003149518
24	11	-0.06271207507443677
24	12	-0.002824912592053863
24	13	-0.07093314196738021
24	14	-0.0016512500416325793
24	15	-0.061135573355940664
24	16	-0.09060646701176012
24	17	-0.0847170105186521
24	18	-0.10085681318104633
24	19	-0.06993682631966891
24	20	-0.11430489534036781
24	21	-0.15468657678458442
24	22	-0.17761567863477978
24	23	-0.08861593392501987
24	24	0.0726714166709499
24	25	0.6305306178625898
24	26	0.7560149729620207
24	27	0.15024115209661204
24	28	-0.9824691479288319
25	1	-0.07212499505729397
25	2	-0.03492969607260221
25	3	-0.024209016820542217
25	4	-0.021434004490615166
25	5	-0.042753119217110225
25	6	0.049874360907352866
25	7	0.014191588950588141
25	8	-0.01597119700932126
25	9	-0.08113448594308892
25	10	0.19126307281519672
25	11	0.09356550663783736
25	12	0.05854802804531545
25	13	0.08232499444817165
25	14	0.05297575463178816
25	15	0.07794470147698718
25	16	0.09469642817883539
25	17	0.03626666503127751
25	18	0.05623491425843952
25	19	0.06107189758681386
25	20	0.10637471824205846
25	21	0.07402945211677547
25	22	0.0889047065545654
25	23	0.037947477560464904
25	24	-0.4731805178528603
25	25	-0.0033091739783159824
25	26	0.4388745838377588
25	27	0.2978433533544731
25	28	-1.1512909870092898
26	1	-0.1291885339892005
26	2	-0.093452982299155
26	3	0.08246001223464816
26	4	0.03787483290303584
26	5	0.006733461076059655
26	6	0.12789286690910018
26	7	0.13490363182165055
26	8	-0.043243329223230376
26	9	0.13420386380794724
26	10	0.3939601992210129
26	11	0.2142090600936868
26	12	0.2532855116644228
26	13	0.20017002187123012
26	14	0.20604022307865932
26	15	0.3163999383410854
26	16	0.21323774627509806
26	17	0.21931372602750088
26	18	0.2653630537950207
26	19	0.3134008859605544
26	20	0.21676049224200966
26	21	0.3737832264514722
26	22	0.41981262415734477
26	23	0.5969190996101403
26	24	0.3906521608812028
26	25	-0.054017849411643226
26	26	-0.20671794629263474
26	27	-1.157649070887956
26	28	-0.763033411251719
27	1	-0.042122251824771695
27	2	-0.062325138340128206
27	3	8.995846062447299E-4
27	4	-0.01938114079505482
27	5	0.05354751363392296
27	6	0.08755249692021039
27	7	0.10451842421402091
27	8	0.09960098497781189
27	9	0.09036582229209245
27	10	0.3706671305284459
27	11	0.15681472931292717
27	12	0.13129202207681345
27	13	0.1136634171439681
27	14	0.1626541878281742
27	15	0.1469739771576286
27	16	0.10828670793102901
27	17	0.09387625126642973
27	18	0.0541887729618864
27	19	-0.008877317723033684
27	20	-0.005225154296802259
27	21	0.07032414084365257
27	22	0.03849354510173697
27	23	0.2017689878078457
27	24	0.14528388707347517
27	25	0.2404029388840243
27	26	0.7193314930337209
27	27	-0.31975202817163506
27	28	1.9642393160210077
28	1	0.14630574756176173
28	2	0.18344668798191321
28	3	0.13256039498996586
28	4	0.15734028196192895
28	5	0.1308610041130862
28	6	0.1796375659755043
28	7	0.16538816760762387
28	8	0.18788196672223023
28	9	0.20791105299693413
28	10	0.4584726062099165
28	11	0.28367895523732756
28	12	0.19257242450559886
28	13	0.1907241555634016
28	14	0.15652480485210418
28	15	0.16607920770103135
28	16	0.14337675022169094
28	17	0.11127333891694491
28	18	0.16827724224079788
28	19	0.15684057724014622
28	20	0.019518918281484332
28	21	0.10719516242360072
28	22	0.14788187208813497
28	23	0.0010283575265006561
28	24	0.11220421092072286
28	25	0.20784479934913946
28	26	0.12078421582702248
28	27	0.44811150516964915
28	28	-0.07597047418877878
29	1	0.04802820457337731
29	2	0.01686517208428029
29	3	0.07069942246869942
29	4	0.0022376600738809316
29	5	0.03158980112807086
29	6	0.05560156381771009
29	7	0.0730408280076773
29	8	0.10202442462247063
29	9	0.09060441249459927
29	10	0.32045625261014976
29	11	0.06115904152852636
29	12	0.11874708228840802
29	13	0.03149136326960189
29	14	0.05849626823329146
29	15	0.05469054893189451
29	16	-0.027449090284214606
29	17	-0.014440657082154473
29	18	0.030813959602255636
29	19	-0.013832525907183424
29	20	0.03472306066068853
29	21	-0.04072068979363763
29	22	-0.22161575144171053
29	23	-0.10081932160824181
29	24	-0.5171131004878688
29	25	0.2384187272347802
29	26	0.20509125899482683
29	27	0.34447497329216503
29	28	0.5604338191922551
30	1	0.02124963510014055
30	2	0.07809731194451075
30	3	0.021887427713515706
30	4	-0.00807702037995739
30	5	0.05158392175519566
30	6	0.07764548081527778
30	7	0.10770882659396364
30	8	0.09033821815521748
30	9	0.12959812737518916
30	10	0.38149859873911396
30	11	0.23926821130000775
30	12	0.19558922995342698
30	13	0.16948286052648598
30	14	0.0869499012897279
30	15	0.15542524184981232
30	16	0.12103267822344321
30	17	0.06833478646164082
30	18	0.1033851277250335
30	19	0.0864892696443178
30	20	0.08973471677011702
30	21	0.141330082436518
30	22	0.22595987681208385
30	23	0.13167085313646254
30	24	0.6129499786886399
30	25	0.0620705509089845
30	26	0.43372373762730376
30	27	0.9023321849695876
30	28	0.03620901299071022
31	1	0.11531438943236338
31	2	0.11233885729744486
31	3	0.029750370090717126
31	4	0.07973144278075495
31	5	0.10805353413076091
31	6	0.1537448499429246
31	7	0.08686108520843305
31	8	0.1278269496719986
31	9	0.14816316957693232
31	10	0.4013790464472109
31	11	0.18328143222768745
31	12	0.18704649733495415
31	13	0.09045789580748931
31	14	0.19986366238055098
31	15	0.1435954191525468
31	16	0.10730829411657794
31	17	0.10404610567693595
31	18	0.13922478987767306
31	19	0.0724463449754893
31	20	0.06138541204848735
31	21	0.05382156321201137
31	22	0.08260821368761384
31	23	-0.136788813137386
31	24	-0.06408816521058469
31	25	0.3616197359742941
31	26	-1.1303243869303685
31	27	0.23113236044667218
31	28	-1.0971243203426226
32	1	0.33006708587888767
32	2	0.2980460978821142
32	3	0.29573232344746714
32	4	0.31569059994211557
32	5	0.3557853747477111
32	6	0.38800728338507184
32	7	0.3403296649351262
32	8	0.36809467050755273
32	9	0.38389606105297247
32	10	0.6188334437133207
32	11	0.40215808867537106
32	12	0.3941357831231187
32	13	0.38500737099852245
32	14	0.3226831090660056
32	15	0.3877222338496793
32	16	0.32016241087777786
32	17	0.34307914981715726
32	18	0.31469258514005105
32	19	0.2641387200238796
32	20	0.31181143838465886
32	21	0.32844815744814326
32	22	0.321341995913464
32	23	0.25175668000120766
32	24	0.048861892861424394
32	25	0.6791045929071586
32	26	1.021397348738418
32	27	0.44389831789347767
32	28	-0.06101320923151121
33	1	0.26042336519069664
33	2	0.25002691523872755
33	3	0.2845578202013499
33	4	0.2564351860492948
33	5	0.2955088891399811
33	6	0.380027299504583
33	7	0.313154514369991
33	8	0.25404778430242914
33	9	0.2956217797145939
33	10	0.5412339607223657
33	11	0.3345506093906394
33	12	0.3420396964416028
33	13	0.33168099740237267
33	14	0.3050850434075443
33	15	0.3245986445714806
33	16	0.25489930531189486
33	17	0.2997038676727968
33	18	0.2804075069498282
33	19	0.3067803359339294
33	20	0.2693876747569135
33	21	0.19395486240349413
33	22	0.25731932061124496
33	23	0.29281870179420366
33	24	-0.11235440088498905
33	25	0.4689441650996713
33	26	1.0260848487384209
33	27	1.3171885914497068
33	28	1.5165549249403938
34	1	0.17759195298777541
34	2	0.19703550710570994
34	3	0.24874484175796852
34	4	0.16222024963838066
34	5	0.21569270811941976
34	6	0.3282417218521658
34	7	0.18366022637207635
34	8	0.24496253420701208
34	9	0.2800657053760247
34	10	0.5215777277431428
34	11	0.3713389080052991
34	12	0.28746879662225666
34	13	0.29171316404874403
34	14	0.26089075822068253
34	15	0.275264606550337
34	16	0.1748699011814736
34	17	0.2317127968012258
34	18	0.17593085788597307
34	19	0.1286548519554458
34	20	0.17610171971458044
34	21	0.21534476059991903
34	22	0.16144940719673428
34	23	0.33667779239772955
34	24	0.6521456425105967
34	25	0.2613112319950375
34	26	0.544834848738418
34	27	0.8540520992290581
34	28	0.3278756796573745
35	1	0.30670890904887216
35	2	0.34397045800145065
35	3	0.35898943436296804
35	4	0.3311391428496151
35	5	0.3333206857090474
35	6	0.36960397063328543
35	7	0.3519963208933916
35	8	0.3065487410930672
35	9	0.3772551159720976
35	10	0.6145891678905357
35	11	0.39784307313748
35	12	0.40533940770362165
35	13	0.3640561006605907
35	14	0.40451463160826506
35	15	0.318695349331243
35	16	0.28196795483256665
35	17	0.3478477305039078
35	18	0.36606783040087265
35	19	0.3403571020345595
35	20	0.3385828394747534
35	21	0.4731203475087469
35	22	0.3461516649130303
35	23	0.2845063896233171
35	24	0.08151495408591813
35	25	0.06591386206936534
35	26	0.09483484873841519
35	27	0.0038482553152547894
35	28	0.986966588748281
36	1	0.31599103926967587
36	2	0.3753831754457835
36	3	0.3352855980351137
36	4	0.24972629924168643
36	5	0.32416728624185254
36	6	0.4109920159631031
36	7	0.32111175718521423
36	8	0.3219867333848043
36	9	0.30481307470650876
36	10	0.5885874865137453
36	11	0.3721700314790226
36	12	0.42213391100795405
36	13	0.3662084297119321
36	14	0.32730981575720364
36	15	0.3186773353635104
36	16	0.26292442630658996
36	17	0.2541769194178798
36	18	0.2943516639449584
36	19	0.2621826026432714
36	20	0.23702615236942393
36	21	0.08325536745682882
36	22	0.1741096905597388
36	23	0.04061252922335257
36	24	-0.47711213311259826
36	25	-0.2883984922429903
36	26	-0.7103375650546866
36	27	-1.167863575484482
36	28	-1.1080217562400634
37	1	0.24171702346989576
37	2	0.2732449398486949
37	3	0.2671646096966853
37	4	0.1859447432054111
37	5	0.24995680876754278
37	6	0.30210495344955746
37	7	0.23829643214960328
37	8	0.18098810716243463
37	9	0.20747400294327178
37	10	0.5210420284161827
37	11	0.30854261471378663
37	12	0.2762732042451006
37	13	0.24718249755008515
37	14	0.2772205024506533
37	15	0.2877977313879896
37	16	0.29885736961850284
37	17	0.2070640503094907
37	18	0.24628504266264173
37	19	0.22008602607881755
37	20	0.28628883264814675
37	21	0.2105582825832073
37	22	0.23679558664186828
37	23	0.1570783184944986
37	24	0.4229836727209104
37	25	0.4148443433527902
37	26	0.7510848487384152
37	27	-0.14440988289148748
37	28	-0.902893551111859
38	1	0.43135311605067983
38	2	0.49380364192081316
38	3	0.4681289268309996
38	4	0.47217709939476293
38	5	0.4639235596426232
38	6	0.533215385021883
38	7	0.5025572225376038
38	8	0.4975045803585303
38	9	0.48726698919107037
38	10	0.736111134991063
38	11	0.5205585213209218
38	12	0.542359930152827
38	13	0.4705487667165542
38	14	0.4366772735847064
38	15	0.5493054897691181
38	16	0.48234112140214336
38	17	0.43968576074581733
38	18	0.4767933210667792
38	19	0.436364888281048
38	20	0.4842392877243
38	21	0.33716654824341674
38	22	0.37853734592682287
38	23	0.4005440960252926
38	24	0.2631476071471397
38	25	0.21929381544931914
38	26	-0.016808986878018572
38	27	-0.97978345823973
38	28	-0.9274434692787992
39	1	0.24140354605823688
39	2	0.2922785771067993
39	3	0.3151143272050092
39	4	0.28760637052755555
39	5	0.26897133769636383
39	6	0.36821234940860137
39	7	0.35036430896769133
39	8	0.3628616893885521
39	9	0.3428580281233806
39	10	0.6633832267439601
39	11	0.39388385006682114
39	12	0.46131620302656273
39	13	0.4297333944409871
39	14	0.42314760559494147
39	15	0.4008942503544475
39	16	0.3073222220233873
39	17	0.31058633401237046
39	18	0.25744191586851173
39	19	0.38351275394466455
39	20	0.3679057369969314
39	21	0.3568911148164773
39	22	0.3140142569571225
39	23	0.42971302996860317
39	24	0.3694382795983344
39	25	0.7990470810516399
39	26	0.6536783861533806
39	27	0.08543393306461411
39	28	-0.9221243203426255
40	1	0.42338000688317123
40	2	0.49034452613278035
40	3	0.4737482450641224
40	4	0.4395709836938977
40	5	0.45817565847908526
40	6	0.4760170813030129
40	7	0.45271790743359475
40	8	0.3960126129447872
40	9	0.4585480308427279
40	10	0.7334486713107893
40	11	0.46433608418465866
40	12	0.5554421721821114
40	13	0.4922353767139782
40	14	0.5692660851835782
40	15	0.5633968613246765
40	16	0.49171578911823843
40	17	0.47515304244830503
40	18	0.4584386940097005
40	19	0.4741217544378813
40	20	0.5740630940137947
40	21	0.4984152835948592
40	22	0.5088509191350568
40	23	0.3716120748844105
40	24	0.9245471556798677
40	25	1.0514407729694142
40	26	1.4984772328443796
40	27	1.18578527254639
40	28	1.9127813400347335
41	1	0.33586918482941286
41	2	0.3795886301873921
41	3	0.3799259409244371
41	4	0.3707091620896108
41	5	0.4077624219384006
41	6	0.4818357263064641
41	7	0.4569116418038348
41	8	0.39261705217386833
41	9	0.41652867331826826
41	10	0.6879618259507723
41	11	0.4877924143696646
41	12	0.48653877805422496
41	13	0.4358425783948263
41	14	0.483149215298603
41	15	0.4644202241402482
41	16	0.42534963869244535
41	17	0.40545260594623045
41	18	0.46514816650824997
41	19	0.4228803803798513
41	20	0.46967538623690785
41	21	0.42351014452689384
41	22	0.40084134396863647
41	23	0.4592452461231389
41	24	0.2631476071471397
41	25	-0.06883165131692692
41	26	-0.04727041441947932
41	27	1.575365283179032
41	28	1.6999687029131891
42	1	0.45757888112558476
42	2	0.4747224444356064
42	3	0.4797760792435497
42	4	0.4875081848442022
42	5	0.4934534020138486
42	6	0.5461252561595416
42	7	0.5510729177832445
42	8	0.5391861285151265
42	9	0.5978849867209206
42	10	0.8053015711629072
42	11	0.5481217112545522
42	12	0.5771349911323824
42	13	0.6116555578812637
42	14	0.5510232453967205
42	15	0.581959519690642
42	16	0.4842059635993152
42	17	0.44972632132714807
42	18	0.4956367590456736
42	19	0.4974994849203327
42	20	0.5875139455359317
42	21	0.6448038838875902
42	22	0.6140596550773196
42	23	0.3023278064943469
42	24	0.7479960919956241
42	25	0.9462168923723979
42	26	0.9928867967903656
42	27	1.2450879770103853
42	28	1.6205586064866395
43	1	0.3068723196256471
43	2	0.41897790470597585
43	3	0.40558648727463975
43	4	0.4332595427434427
43	5	0.32359874079195805
43	6	0.49803590543768195
43	7	0.4596182024845348
43	8	0.4665422648921833
43	9	0.4906554086519037
43	10	0.7506493539400267
43	11	0.5545859656459768
43	12	0.545033516074831
43	13	0.5765361520625376
43	14	0.5275597616488028
43	15	0.5654138425907647
43	16	0.48770409458138175
43	17	0.4853339315172107
43	18	0.4784966746889836
43	19	0.5716340362675396
43	20	0.47343618345603744
43	21	0.49561149716549124
43	22	0.5109952426890274
43	23	0.3108123804252827
43	24	0.09157897969615902
43	25	0.02725137513101572
43	26	-0.656715538858478
43	27	0.4197465065076216
43	28	2.3923918086896307
44	1	0.440918523710188
44	2	0.5143580903381917
44	3	0.4900414228459624
44	4	0.4563057408871174
44	5	0.4986715658909233
44	6	0.5752291241387297
44	7	0.5358428622215143
44	8	0.598355595004243
44	9	0.5526575394420163
44	10	0.7959508231158452
44	11	0.6604232612059704
44	12	0.6430075822204131
44	13	0.5811070533115057
44	14	0.5901694448620987
44	15	0.5956034353840991
44	16	0.5654027818483272
44	17	0.5219400541723047
44	18	0.584547025249428
44	19	0.5716172222362061
44	20	0.4964268230000428
44	21	0.5176586986754472
44	22	0.6158646315761303
44	23	0.3916034599710443
44	24	0.5753838940669738
44	25	1.0910886872441878
44	26	1.1948348487384166
44	27	-0.1693040825429648
44	28	0.4945423463240388
45	1	0.16586079512219953
45	2	0.23498115052826307
45	3	0.39056099472931294
45	4	0.34847662762430076
45	5	0.3455485898448103
45	6	0.4888935864608186
45	7	0.47369973228826723
45	8	0.37622431526325073
45	9	0.5127074499381479
45	10	0.7281260795019833
45	11	0.5204568973861967
45	12	0.5453787588018955
45	13	0.4721722009642022
45	14	0.47482943811890976
45	15	0.5601965356578162
45	16	0.42905815856907026
45	17	0.3951158570563891
45	18	0.5114483370277227
45	19	0.5238899022939805
45	20	0.4689163961031113
45	21	0.5542000555061222
45	22	0.6470134338281142
45	23	0.7116890924086903
45	24	1.205331761322725
45	25	0.8424097857734125
45	26	0.6470246297603168
45	27	0.7748441784369788
45	28	0.5278756796573774
46	1	0.3324362638852989
46	2	0.4377277551450902
46	3	0.43044440442987053
46	4	0.43554373635100774
46	5	0.40844164203391387
46	6	0.5641686397298002
46	7	0.541560719255294
46	8	0.517575531222235
46	9	0.5510448053830999
46	10	0.7396432678089013
46	11	0.49889417673821157
46	12	0.574819763651945
46	13	0.5871077139568186
46	14	0.5165496872273039
46	15	0.549506446705081
46	16	0.4695044288001142
46	17	0.43834190012139373
46	18	0.4407993973598181
46	19	0.4763815849590287
46	20	0.48702658468414484
46	21	0.5338075566551268
46	22	0.3814994872237989
46	23	0.462921266525818
46	24	0.12891941922767813
46	25	-0.006055834900330126
46	26	-0.07456813633621096
46	27	0.16921507620091347
46	28	0.5604338191922551
47	1	0.4138340783516412
47	2	0.4833825769294151
47	3	0.5148959005736273
47	4	0.4838441781917524
47	5	0.5359072711638433
47	6	0.5987170350983604
47	7	0.5499870068068233
47	8	0.5901180386684359
47	9	0.5566960273488988
47	10	0.8242106485217704
47	11	0.5646204524547187
47	12	0.5514998433410767
47	13	0.5644818682460269
47	14	0.492943753937368
47	15	0.5023155379728124
47	16	0.4732558835213041
47	17	0.4509498946772794
47	18	0.4905767630271498
47	19	0.4171775175058272
47	20	0.44075101700210695
47	21	0.41182628235052476
47	22	0.4044749526761606
47	23	0.3370689815204173
47	24	-0.01795838363626956
47	25	0.20004202898442003
47	26	-0.6130598881036846
47	27	-0.7485581617970425
47	28	0.5619182328488606
48	1	0.6513135753102262
48	2	0.7577794706323644
48	3	0.7380632706499171
48	4	0.7075549494574958
48	5	0.7210776581834537
48	6	0.7930680628544877
48	7	0.7804484083803018
48	8	0.7856100677385172
48	9	0.8103773978493649
48	10	1.0032204755495115
48	11	0.8150779667644983
48	12	0.7962425466427732
48	13	0.8193570271563644
48	14	0.8180096711370837
48	15	0.7994425708642723
48	16	0.7240802406952653
48	17	0.7319489402740373
48	18	0.7460283573495943
48	19	0.7768491963569701
48	20	0.7518745298673082
48	21	0.7228315096876727
48	22	0.767142445065943
48	23	0.7068513865539501
48	24	0.7474525398825662
48	25	0.44567925796379626
48	26	0.28167695400157555
48	27	-0.2406530234571207
48	28	0.02018337196506792
49	1	0.4892439192631386
49	2	0.5248307624218853
49	3	0.47684887417683797
49	4	0.49928117432317265
49	5	0.46984218520503873
49	6	0.5942169510630819
49	7	0.5763953051008244
49	8	0.623102308868468
49	9	0.6565626424542188
49	10	0.8400007036852273
49	11	0.6710273033571283
49	12	0.6957459022341794
49	13	0.634205260205583
49	14	0.7136775170752685
49	15	0.661446319674063
49	16	0.5968923160673683
49	17	0.5479741430788181
49	18	0.6117615015566997
49	19	0.6110210708130168
49	20	0.6052685559797055
49	21	0.5858863821506546
49	22	0.5543438412705441
49	23	0.6952788825279228
49	24	0.7409701877922998
49	25	-0.020062177395047343
49	26	0.23764530625475544
49	27	-0.7646566466455269
49	28	0.6278756796573717
50	1	0.594199673050646
50	2	0.645982674148442
50	3	0.6102824741147046
50	4	0.6241050066001748
50	5	0.6533689591931093
50	6	0.7341057193156217
50	7	0.6961468553498165
50	8	0.7465664742096649
50	9	0.7349320776981187
50	10	0.9467427563837134
50	11	0.6991533534192342
50	12	0.745167494989964
50	13	0.7238881286395085
50	14	0.6685878299728785
50	15	0.6891327662072655
50	16	0.5798252032439706
50	17	0.578117175358841
50	18	0.6884379467631732
50	19	0.6809030812575259
50	20	0.6461309650118778
50	21	0.6568354602214228
50	22	0.7048878515107404
50	23	0.6031067579474438
50	24	0.8264960234367322
50	25	0.7198728063508923
50	26	0.012460748018995105
50	27	-0.05550402492268347
50	28	-0.1503851899078441
51	1	0.5740868174379088
51	2	0.6920078010674615
51	3	0.6270948908445035
51	4	0.6621562226716478
51	5	0.5978034620101482
51	6	0.7138754146228834
51	7	0.7147813111436818
51	8	0.6874459381455011
51	9	0.6764816218345899
51	10	0.9698812047932037
51	11	0.7639469304022626
51	12	0.8260962244064416
51	13	0.7595079637100852
51	14	0.7938047678935831
51	15	0.7511641672365457
51	16	0.6703950979643167
51	17	0.6938102882057464
51	18	0.7103331701838229
51	19	0.7124489879341809
51	20	0.7272918654309208
51	21	0.7150555084351709
51	22	0.704671167795901
51	23	0.7374604303556325
51	24	0.5168421884279297
51	25	0.5632827606358717
51	26	0.7217579256614925
51	27	1.3975457343068527
51	28	0.8733302251119213
52	1	0.6242231646759464
52	2	0.7163217321829265
52	3	0.6604062364909424
52	4	0.6646413323507119
52	5	0.6977441306244643
52	6	0.8248498641054312
52	7	0.7881400157918677
52	8	0.8214088679664684
52	9	0.8400262432808958
52	10	1.0656828239829679
52	11	0.8367388478936206
52	12	0.855708421736793
52	13	0.7828744495236037
52	14	0.8597311333112572
52	15	0.8411697024746161
52	16	0.7517480657715154
52	17	0.7584204871913656
52	18	0.7719051885681765
52	19	0.7755757225970754
52	20	0.7502009177577449
52	21	0.7445027103295843
52	22	0.8176554421625823
52	23	0.6929656208476089
52	24	0.842824281512037
52	25	1.1745301453844448
52	26	0.8752696313471162
52	27	1.3159760694038525
52	28	1.7226125217626347
53	1	0.6509114706363164
53	2	0.6824554762045381
53	3	0.6742449976123126
53	4	0.7188890779232011
53	5	0.6692227873155545
53	6	0.7506277299185626
53	7	0.7750065156989336
53	8	0.7680627752582723
53	9	0.7447393266788467
53	10	1.0119983477477916
53	11	0.8435402161444543
53	12	0.8274472933911525
53	13	0.7728698297305527
53	14	0.7791511298818534
53	15	0.7819094645586517
53	16	0.7401730426275392
53	17	0.7315923835477776
53	18	0.807334399963409
53	19	0.805625258448643
53	20	0.7919027625855719
53	21	0.7485933580054223
53	22	0.820681129625477
53	23	0.7023176068506842
53	24	0.996480940480474
53	25	1.3136081967202244
53	26	0.952527156430726
53	27	1.027854614615734
53	28	1.9112090129907102
54	1	0.4662572986605369
54	2	0.6104058721934322
54	3	0.6345898666860208
54	4	0.5936756277844282
54	5	0.5897817607786138
54	6	0.681503245327761
54	7	0.6671862493655567
54	8	0.6605462691357218
54	9	0.6603429393949725
54	10	0.9284897478767604
54	11	0.6950879850503355
54	12	0.792239186891976
54	13	0.6905216240501204
54	14	0.7113758110610604
54	15	0.7245382533208584
54	16	0.612962868155499
54	17	0.6856701443961981
54	18	0.6448436291037254
54	19	0.6760097106145366
54	20	0.6954044722984989
54	21	0.668957215441587
54	22	0.6643549270823783
54	23	0.7279332698388714
54	24	0.8574458527611739
54	25	0.6762168923723948
54	26	0.06965754377387867
54	27	0.3991691109302309
54	28	0.3500979018796002
55	1	0.4786657400878269
55	2	0.5622001260952061
55	3	0.5397408794701022
55	4	0.562481744854793
55	5	0.5300144167009364
55	6	0.6355138563712117
55	7	0.5549671480384646
55	8	0.6285457927428197
55	9	0.5738189182099802
55	10	0.880541033717428
55	11	0.685525933280573
55	12	0.6587789603387506
55	13	0.711002578041402
55	14	0.6886170672662715
55	15	0.6698880761079167
55	16	0.6297712501206121
55	17	0.6432869106446333
55	18	0.657595021632865
55	19	0.7274517982830986
55	20	0.6889914012789049
55	21	0.6177275175860615
55	22	0.6132997416559434
55	23	0.8219023357074349
55	24	0.8533915095861673
55	25	1.036336652851439
55	26	0.9528348487384193
55	27	0.019679773107554865
55	28	1.4667645685462603
56	1	0.5972588641568422
56	2	0.6872884782296182
56	3	0.693028396067227
56	4	0.7121490493437577
56	5	0.6793590159127731
56	6	0.7472634805043512
56	7	0.7635967371909018
56	8	0.7766764457398807
56	9	0.778833402735799
56	10	1.0235627166985566
56	11	0.8275487096129837
56	12	0.8520517533799179
56	13	0.8509713879649254
56	14	0.8313116087577299
56	15	0.7949848045120689
56	16	0.7275409384258964
56	17	0.7101200578613387
56	18	0.7271454321914348
56	19	0.8044158503549852
56	20	0.8307318613117616
56	21	0.9458401219256984
56	22	0.8786088762671227
56	23	0.6917172687004154
56	24	0.893284593448513
56	25	0.37664017279567474
56	26	0.3536583781501861
56	27	0.39378633581060996
56	28	-1.5158743203426255
57	1	0.5759309878980048
57	2	0.621360251850632
57	3	0.5926092583735425
57	4	0.6154970947495926
57	5	0.6512263239500768
57	6	0.7601704741064879
57	7	0.7104834018908903
57	8	0.7160477641239993
57	9	0.7280701653867041
57	10	0.9990140116440145
57	11	0.7407349898739568
57	12	0.7582341767883918
57	13	0.7606369424580208
57	14	0.7404320255074026
57	15	0.7517481889166078
57	16	0.7031673290508564
57	17	0.6708561053824411
57	18	0.6792308079790956
57	19	0.6722028755223803
57	20	0.7259519015742626
57	21	0.7272116622334721
57	22	0.8259730008228914
57	23	0.71333120619299
57	24	0.5171891775859407
57	25	1.1180748158696616
57	26	0.568272348738418
57	27	0.3097306082564302
57	28	0.6937293381939611
58	1	0.4925888250093209
58	2	0.5054663877371866
58	3	0.4946888451865945
58	4	0.5340094405218281
58	5	0.5129447950375621
58	6	0.6047898920807242
58	7	0.5597209692829495
58	8	0.5845294531162537
58	9	0.5777801190239913
58	10	0.6788044582060735
58	11	0.6269117118637766
58	12	0.6289473773260212
58	13	0.7196450521579436
58	14	0.6621613699355677
58	15	0.6037802048641723
58	16	0.614742121022708
58	17	0.6462675556142585
58	18	0.6852871536667422
58	19	0.681938043127083
58	20	0.6280031726741484
58	21	0.6332933999455079
58	22	0.6105610792956497
58	23	0.7903330890037594
58	24	0.42898919130555413
58	25	0.9019311780866843
58	26	0.591709848738418
58	27	0.052307639068757794
58	28	1.8278756796573745
59	1	0.58475193863827
59	2	0.7220112424683833
59	3	0.6599592628296804
59	4	0.6809765493274398
59	5	0.6508563217441221
59	6	0.7299733987052264
59	7	0.7121601050264346
59	8	0.7100134625505703
59	9	0.6191569837052029
59	10	0.904405532080439
59	11	0.7440252346418958
59	12	0.7518026090508201
59	13	0.7711335360687883
59	14	0.7449801081331913
59	15	0.7013078063172387
59	16	0.6318232758926854
59	17	0.6347579885767374
59	18	0.6804085869391017
59	19	0.6538370677508993
59	20	0.7048453173340334
59	21	0.682034943170386
59	22	0.7579130426938221
59	23	0.7384800949782431
59	24	0.36659588300921087
59	25	0.15271406751364225
59	26	1.1498768655451386
59	27	1.8582600200211346
59	28	1.2421613939430856
60	1	0.6372389249376695
60	2	0.7512112499114778
60	3	0.7189383266904201
60	4	0.7500347808438548
60	5	0.763169765813231
60	6	0.7911563463210811
60	7	0.7148456723260566
60	8	0.7410827168139775
60	9	0.7364434170367389
60	10	1.01348570561359
60	11	0.5375777249110243
60	12	0.7097908480451309
60	13	0.7552580089059404
60	14	0.7460346683254002
60	15	0.6910524247819652
60	16	0.6937595802029151
60	17	0.6924668843973905
60	18	0.6724305216512505
60	19	0.7578405366738394
60	20	0.7550445210914276
60	21	0.8456764233506746
60	22	0.8157530521467393
60	23	0.8279086423507138
60	24	0.7508323362111824
60	25	0.11386395119592407
60	26	0.14646086499858058
60	27	-0.26673997997886545
60	28	-1.8842455324638365
75	1	0.663339474016496
75	2	0.6968479343578267
75	3	0.6011477924377999
75	4	0.703657647313257
75	5	0.6326591901211174
75	6	0.6227515432384934
75	7	0.6828955574330919
75	8	0.7413321201355529
75	9	0.6970360262072646
75	10	0.9118163943702129
75	11	0.720277209041555
75	12	0.618970497989153
75	13	0.7410464900655356
75	14	0.7382212804317376
75	15	0.6751510054571526
75	16	0.6295035438969947
75	17	0.5788490382041616
75	18	0.6026889157041211
75	19	0.5942591985527983
75	20	0.7113437439450294
75	21	0.7085591735597703
75	22	0.5730520497603422
75	23	0.8657069359455392
75	24	0.8174462496810762
75	25	0.565729087494347
75	26	-0.2702912016817507
75	27	0.1104752098945525
75	28	1.0551484069301011
76	1	0.24206847685912436
76	2	0.2616653924435681
76	3	0.37958817468010153
76	4	0.39978584382506455
76	5	0.3739879491865352
76	6	0.4797021185269017
76	7	0.4924176208018878
76	8	0.368241938851952
76	9	0.5342754970532582
76	10	0.6542702407675023
76	11	0.4856973456038247
76	12	0.41308712357341193
76	13	0.570622857245155
76	14	0.5384658730652774
76	15	0.5781310424908597
76	16	0.4041303733168107
76	17	0.4566072653990574
76	18	0.4904071320963439
76	19	0.5249089886767351
76	20	0.5758676632842565
76	21	0.6861282990655297
76	22	0.5389188371757783
76	23	0.6392246737888598
76	24	0.9605160281997698
76	25	0.5910085590390608
76	26	0.4242674728518949
76	27	-0.46917900436911
76	28	-1.8596243203426255
77	1	0.4960348706747837
77	2	0.552969614027198
77	3	0.4692038387476387
77	4	0.5738529433120405
77	5	0.5179401412760569
77	6	0.5013374142763709
77	7	0.58483154892496
77	8	0.6381694850043971
77	9	0.7036523347731887
77	10	0.7473620919420938
77	11	0.5243198051842981
77	12	0.4787254276520585
77	13	0.5320128832870452
77	14	0.5789576469263622
77	15	0.5165051014661728
77	16	0.46762825717419076
77	17	0.45931662111441796
77	18	0.45902859240865723
77	19	0.4488030449084093
77	20	0.4726529721478059
77	21	0.49081035234854653
77	22	0.490656023765915
77	23	0.5484010997268314
77	24	0.45656324500722434
77	25	0.5888998192016643
77	26	1.0746361732417284
77	27	0.45957580949482235
77	28	1.3945423463240445
78	1	0.29997046752139767
78	2	0.2924453498690269
78	3	0.29102607442143835
78	4	0.32692949662280313
78	5	0.23748710452797894
78	6	0.22757873421879538
78	7	0.2792372541512691
78	8	0.3078500078926254
78	9	0.28026663920476125
78	10	0.4715294075593519
78	11	0.22097996805825915
78	12	0.2059123142124193
78	13	0.22141534980482191
78	14	0.2562314961627763
78	15	0.19386840807439398
78	16	0.18680881885658351
78	17	0.20629248938392664
78	18	0.19361056694436485
78	19	0.2457443489797413
78	20	0.252392127108493
78	21	0.18297184224945795
78	22	0.23233684152580736
78	23	0.3755756792928935
78	24	0.32684187466306014
78	25	-0.025476229320723576
78	26	-0.45516515126158197
78	27	-0.377084807565069
78	28	-0.4368302026955675
79	1	0.5360753726106324
79	2	0.6189227943828257
79	3	0.4984823809942114
79	4	0.544488527356485
79	5	0.48567971440441227
79	6	0.48679501035621797
79	7	0.5049977217506907
79	8	0.5823065508644802
79	9	0.5787280019806715
79	10	0.7308747058601952
79	11	0.4983119799639226
79	12	0.4567899294227544
79	13	0.46919808317903033
79	14	0.48609854242686623
79	15	0.45927238527661274
79	16	0.3434554840546795
79	17	0.33605158605310237
79	18	0.40095994376240895
79	19	0.380521916900868
79	20	0.5074343340075558
79	21	0.5856239046170018
79	22	0.6274993017790536
79	23	0.7076781180224145
79	24	0.2631476071471397
79	25	0.1014252257057322
79	26	-0.10822637575137861
79	27	0.7059872927484108
79	28	1.2348524238434209
80	1	0.47227915536377196
80	2	0.4790435206487942
80	3	0.4207314866834011
80	4	0.5498948373153425
80	5	0.46118685414657534
80	6	0.4919845903435984
80	7	0.452140422373958
80	8	0.5393103213426471
80	9	0.5590679323921321
80	10	0.6463780432380375
80	11	0.4228288387506822
80	12	0.39201274533485986
80	13	0.42321167531288495
80	14	0.4762186045976833
80	15	0.38681986748090225
80	16	0.3623845215314603
80	17	0.3463204391032306
80	18	0.3906482216826248
80	19	0.4013950148325591
80	20	0.4165637810888114
80	21	0.4303646046207916
80	22	0.4465919531720388
80	23	0.44135600373650163
80	24	0.5267459335069731
80	25	0.40637732017988526
80	26	-0.11458544111665248
80	27	-0.22723380713935626
80	28	0.43313883755211435
81	1	0.37834521562459855
81	2	0.4188441247803496
81	3	0.34344401153325776
81	4	0.42649730153053866
81	5	0.3756074655487467
81	6	0.43555928135130983
81	7	0.4336722527580008
81	8	0.41672563045457167
81	9	0.46617054698280924
81	10	0.5941412391155083
81	11	0.31712235296575386
81	12	0.3109486484245849
81	13	0.3487696666471294
81	14	0.3637528388572093
81	15	0.33825357534926326
81	16	0.25453494533681464
81	17	0.2320705888568284
81	18	0.24495464626870955
81	19	0.2118785716157845
81	20	0.2523093636958649
81	21	0.2053953453337911
81	22	0.14581130795058073
81	23	0.07553718203532611
81	24	0.20575246365928024
81	25	0.30833810449360755
81	26	0.2361100165236536
81	27	0.5753652831790319
81	28	1.2253115770932723
82	1	0.30978485857148286
82	2	0.3405937714137721
82	3	0.28398556524761887
82	4	0.2331276708803287
82	5	0.30364197276448834
82	6	0.2603108684346509
82	7	0.2865615489930988
82	8	0.3267750671513383
82	9	0.351577220473267
82	10	0.43702566339295146
82	11	0.23094527403006282
82	12	0.19452479914142629
82	13	0.2374024892288844
82	14	0.2648188832841569
82	15	0.23663146344540564
82	16	0.24755371522560665
82	17	0.18832705218176216
82	18	0.2128234003803584
82	19	0.18124515933703833
82	20	0.2076585049634332
82	21	0.31017435388922365
82	22	0.25984146029438904
82	23	0.6169282768162532
82	24	0.7031476071471374
82	25	0.5886026791744285
82	26	0.6270266295603335
82	27	0.7574358441969622
82	28	0.7088280606097541
83	1	0.28828878642882216
83	2	0.2862203683946305
83	3	0.21104355037272882
83	4	0.3048230182419118
83	5	0.21604515010893977
83	6	0.1939305670432887
83	7	0.19180827891434404
83	8	0.2648932083720297
83	9	0.22127365515560626
83	10	0.4824061505167805
83	11	0.18257039868820613
83	12	0.1365353375946441
83	13	0.18013051254100532
83	14	0.2467513246198294
83	15	0.22305918110773604
83	16	0.06824942843081772
83	17	0.10897250634238276
83	18	0.11751427166079509
83	19	0.11256951624996958
83	20	0.07427905496496834
83	21	0.085612717989207
83	22	0.11123686887132322
83	23	-0.004655719109159406
83	24	0.22887341359875535
83	25	0.46718463430787693
83	26	0.601977705881275
83	27	0.9218963836575043
83	28	0.7618379438083167
84	1	0.3543090660124122
84	2	0.3863672182208262
84	3	0.35644556233364
84	4	0.4184751627169092
84	5	0.4060377766366514
84	6	0.44721099613543913
84	7	0.39819157667588456
84	8	0.447249531279418
84	9	0.49055784252179535
84	10	0.626166125686936
84	11	0.4062909660569076
84	12	0.35896398699870957
84	13	0.4464419907672905
84	14	0.44548069903506615
84	15	0.3593359775396294
84	16	0.34827998130604954
84	17	0.32310846100426005
84	18	0.3191969467527187
84	19	0.40361729715083783
84	20	0.42503431037945916
84	21	0.43664800648281954
84	22	0.3523700981005149
84	23	0.5038434061979018
84	24	0.7818852797309646
84	25	1.4280141273954357
84	26	1.1650880132953816
84	27	1.083260020021136
84	28	2.985770416499477
85	1	0.3725208471446422
85	2	0.36969724963621786
85	3	0.3416830923214391
85	4	0.35660736485199607
85	5	0.30376229457050385
85	6	0.3964944022497008
85	7	0.3152958112885287
85	8	0.3756494773388397
85	9	0.43719849340473615
85	10	0.6024568898062483
85	11	0.392433277055396
85	12	0.3076212162844527
85	13	0.39132369053915284
85	14	0.31595734615104476
85	15	0.2987100559854312
85	16	0.23161490732921663
85	17	0.2661795554596438
85	18	0.27492428682973014
85	19	0.24708264258740087
85	20	0.3131729632925584
85	21	0.22959306089573062
85	22	0.3672669109282083
85	23	0.45402707052521407
85	24	0.46435485060790427
85	25	0.566487162642666
85	26	1.188191492095065
85	27	1.0006757503582193
85	28	0.11358996537165922
86	1	0.4134579294620977
86	2	0.4256682538338765
86	3	0.3691014087017166
86	4	0.40991047852210727
86	5	0.4256424950542055
86	6	0.3706747265254364
86	7	0.41198125009338327
86	8	0.357690733529914
86	9	0.4316653630372471
86	10	0.5617956908794
86	11	0.371167487420216
86	12	0.35628879110544176
86	13	0.3147414927513097
86	14	0.37765411929241566
86	15	0.2938677245426575
86	16	0.19464812504159568
86	17	0.25795485003004615
86	18	0.22467556365941732
86	19	0.20310260113942746
86	20	0.2593007461622605
86	21	0.3673596942355246
86	22	0.29553731182167553
86	23	0.13896217512133546
86	24	0.8736508894228479
86	25	-0.0942592981037933
86	26	0.37560407950764585
86	27	0.6573979510556214
86	28	0.986966588748281
87	1	0.41472539842212797
87	2	0.3965680020636242
87	3	0.31797485964760597
87	4	0.3544631278262216
87	5	0.3854138193952963
87	6	0.3325211127603538
87	7	0.3761906284524912
87	8	0.43717939883983803
87	9	0.3410799723824596
87	10	0.5427718796639809
87	11	0.31203880753626834
87	12	0.261709405422792
87	13	0.32025104351181
87	14	0.30780299327633287
87	15	0.2953522909192614
87	16	0.2691703269810546
87	17	0.2819876543909743
87	18	0.28425568372897203
87	19	0.18546819097981881
87	20	0.29444598156363355
87	21	0.269696792552061
87	22	0.254218166545634
87	23	0.40584224814825376
87	24	0.38435972835926435
87	25	-0.2551344589789579
87	26	-0.23997527784386108
87	27	0.017470546336923576
87	28	-0.41286506108336596
88	1	0.1619212649248638
88	2	0.16244205053097716
88	3	0.16529501229786092
88	4	0.18333100771148025
88	5	0.14957333973584497
88	6	0.09913071410937135
88	7	0.17235578476267932
88	8	0.19761804054687104
88	9	0.1837967315377398
88	10	0.3465991406845461
88	11	0.08367462322577524
88	12	0.09508697806941058
88	13	0.11051651378101468
88	14	0.17484286228041412
88	15	0.16047560418399343
88	16	0.05403857980117266
88	17	-0.02123715379318014
88	18	0.10422460053933946
88	19	0.032583604217741424
88	20	0.06357503769489625
88	21	0.034587715604466496
88	22	0.046103065242050434
88	23	0.3994994947632051
88	24	0.8786854557527164
88	25	0.7999205960760989
88	26	1.066847427354773
88	27	0.7332600200211346
88	28	-0.3900730382913409
89	1	0.3057580027966651
89	2	0.319917241518219
89	3	0.21904987259368625
89	4	0.33733502525421244
89	5	0.2493368168484409
89	6	0.29117990499505453
89	7	0.3484068639593758
89	8	0.3136205709236819
89	9	0.373789876521478
89	10	0.5849333145699731
89	11	0.2765532673236706
89	12	0.3123005126395526
89	13	0.24640929379950194
89	14	0.3298663491291407
89	15	0.2871740920789776
89	16	0.2194865606840679
89	17	0.20341492252485693
89	18	0.2899487975760735
89	19	0.28688854689654875
89	20	0.35301168714087794
89	21	0.4090788814424542
89	22	0.39575691049911654
89	23	0.3086143327738995
89	24	0.32717773897388014
89	25	-0.14231521771935007
89	26	-1.045526597044713
89	27	-1.38046547017494
89	28	-1.1297514389866947
90	1	0.2917871186177905
90	2	0.2335377188713963
90	3	0.17577275103743517
90	4	0.23487692235421065
90	5	0.16735874379621407
90	6	0.23852341721775616
90	7	0.21723112578484916
90	8	0.26187601429088403
90	9	0.3201334015954842
90	10	0.46116790968056165
90	11	0.21828679557120978
90	12	0.1983808454179865
90	13	0.21286214583586371
90	14	0.2484640064096908
90	15	0.19422446191419596
90	16	0.13235947264352887
90	17	0.15484316512838348
90	18	0.12532463411894668
90	19	0.057006501832006506
90	20	0.08763612477152805
90	21	0.19502697895938326
90	22	0.20940858764731018
90	23	0.28293782642114707
90	24	0.06812686025917003
90	25	0.5157290874943499
90	26	-0.008498484594916533
90	27	-0.07797593503504174
90	28	0.21249106427276132
91	1	0.21080342026409227
91	2	0.17709775556959784
91	3	0.17679544225167376
91	4	0.23093066136014073
91	5	0.1525646066916977
91	6	0.11993314777356545
91	7	0.11630837528051075
91	8	0.12161620504899417
91	9	0.10286602780210075
91	10	0.34200542039430815
91	11	0.09312038023741565
91	12	0.0283016696650904
91	13	0.07786438395789474
91	14	0.12087937810672855
91	15	0.03812643143718475
91	16	0.06409359871320675
91	17	0.07289735493105098
91	18	0.03487424452778498
91	19	0.09534251201073829
91	20	0.06492155971778857
91	21	0.1413224825258581
91	22	0.0814115744457169
91	23	0.0975848954511207
91	24	0.1790354576144324
91	25	0.013648085032947677
91	26	-0.6061085474879988
91	27	-0.8857875990264787
91	28	-2.5657413416192227
92	1	0.23561375698777454
92	2	0.26710218712144496
92	3	0.18868954853861908
92	4	0.23521330772402393
92	5	0.21144914779945623
92	6	0.20821625297435276
92	7	0.2072987112761524
92	8	0.2281777771024096
92	9	0.26743534079582076
92	10	0.36438505062591275
92	11	0.298076425803103
92	12	0.22154189488205844
92	13	0.26793868312024216
92	14	0.26715494722100175
92	15	0.25977830457974704
92	16	0.22527843311357287
92	17	0.2642501692457131
92	18	0.24369477868757627
92	19	0.20499259146731674
92	20	0.18519406315360243
92	21	0.19115943689831028
92	22	0.05982514454251486
92	23	-0.0314925907669803
92	24	-0.20528416474695632
92	25	-0.507469743572301
92	26	0.3385848487384209
92	27	0.8611879479490625
92	28	-0.08388902622498051
93	1	0.2733871268602286
93	2	0.254560761391339
93	3	0.14401178185569563
93	4	0.21517399779448
93	5	0.15122409393757152
93	6	0.1590092404282757
93	7	0.24815483165189534
93	8	0.25028392088024987
93	9	0.30825151490499536
93	10	0.44995155546314436
93	11	0.16940781924962067
93	12	0.20157056368684323
93	13	0.20009965059599466
93	14	0.16079293661307759
93	15	0.21741317644103475
93	16	0.1309282548501045
93	17	0.14814815757375044
93	18	0.18733057580673318
93	19	0.08602913243226595
93	20	0.14008962465916852
93	21	0.10371457382842664
93	22	0.2402240815617276
93	23	0.08205572910505765
93	24	0.2651801274723411
93	25	0.017008971580317223
93	26	-0.3440540401504677
93	27	0.341027010312402
93	28	1.2326375844192796
94	1	0.027348791286570417
94	2	-0.06441245123667727
94	3	-0.037689331376093094
94	4	-0.007425944278850238
94	5	-0.05816299732664021
94	6	-0.08337414501430374
94	7	-0.060389352287565146
94	8	-0.03487534033190087
94	9	-0.05005873440248365
94	10	0.1509463346362807
94	11	-0.09081995139047194
94	12	-0.10746042708202452
94	13	-0.09763304009786822
94	14	-0.040068908277127946
94	15	-0.053534741540744335
94	16	-0.0659373924061768
94	17	-0.05508496757013859
94	18	-0.04092755144832694
94	19	-0.010845321542163333
94	20	-0.08083120425798285
94	21	-0.04410149282087161
94	22	-0.07883523536371229
94	23	-0.32160207615600456
94	24	-0.6830062390067084
94	25	-0.6820636506140261
94	26	-0.1353977094011185
94	27	-0.909877234880824
94	28	0.5115491490451305
95	1	-0.024362185153748328
95	2	0.02712662423178358
95	3	0.2092977046648059
95	4	0.1257558378116741
95	5	0.14370273621231178
95	6	0.23082304345012972
95	7	0.29485816774064944
95	8	0.1818039260937283
95	9	0.31735279050012366
95	10	0.5110051919126946
95	11	0.3122340922561406
95	12	0.30339447029145106
95	13	0.3155712836324369
95	14	0.3194277686296445
95	15	0.42262045692223893
95	16	0.25809592090919864
95	17	0.3406297164797252
95	18	0.38658833333305864
95	19	0.3985305515626649
95	20	0.3549586465064891
95	21	0.49898775887956504
95	22	0.35347318387761817
95	23	0.2718793014543692
95	24	0.5275796369422991
95	25	-0.06395626780076213
95	26	0.07146206767333041
95	27	0.32373621049733003
95	28	0.16787567965737793
96	1	0.015598510137827759
96	2	0.007759337418846712
96	3	-0.06909335022898944
96	4	-0.01815472150791919
96	5	-0.04073700326978269
96	6	-0.11433086356294808
96	7	-0.1350899341233145
96	8	-0.07860951080859024
96	9	-0.07343800300743197
96	10	0.10318819773181787
96	11	-0.14121747109950178
96	12	-0.1274242393177829
96	13	-0.14842840388163125
96	14	-0.19656927328394147
96	15	-0.07657392224640347
96	16	-0.21974105728068594
96	17	-0.17721825210868758
96	18	-0.13509299037148992
96	19	-0.16627462647962687
96	20	-0.05136373320591048
96	21	-0.1096159980690885
96	22	-0.17911334065343
96	23	0.18873097261187155
96	24	0.023381525275794957
96	25	-0.17846121921558478
96	26	0.37513787904144635
96	27	-7.022441298047966E-4
96	28	-0.3993970476153521
97	1	0.1351566069132204
97	2	0.031572154633060734
97	3	0.002176771840346703
97	4	-0.022869600954578573
97	5	0.018854142774813454
97	6	0.015992275359863584
97	7	0.04126858452314508
97	8	0.04198337184548251
97	9	-0.02096650357807306
97	10	0.24609219888824185
97	11	-0.043474718133317936
97	12	-0.004829942432571954
97	13	-0.056070020424272116
97	14	-0.05995152784520741
97	15	0.01081682468258549
97	16	-0.07310038355254989
97	17	-0.03582338093626447
97	18	-0.013470153703750043
97	19	-0.03438025357058905
97	20	-0.0709941253916071
97	21	-0.03995920951242482
97	22	-0.0529014520725255
97	23	-0.08082440380047728
97	24	-0.5253496099215056
97	25	-1.2686479724924666
97	26	-0.4181281142245439
97	27	-0.12989787471570224
97	28	1.5096938614755544
98	1	-0.016989462894578367
98	2	-0.021395584358678832
98	3	-0.09856578297377894
98	4	-0.04609084510178718
98	5	-0.029045072964365204
98	6	-0.008569582277800691
98	7	-0.03996030767791581
98	8	-0.023448167157148703
98	9	-0.07357999005366622
98	10	0.11593900690900938
98	11	-0.14231597599545864
98	12	-0.13703280533204065
98	13	-0.12254896032486329
98	14	-0.1516286320626179
98	15	-0.12088479272624397
98	16	-0.1364901509191796
98	17	-0.12831217803879014
98	18	-0.11468169251018878
98	19	-0.185254926870698
98	20	-0.0844066794693461
98	21	-0.09808405837165424
98	22	-0.04692511954505818
98	23	-0.14322934555472955
98	24	-0.33725399927856614
98	25	-0.36755122356963454
98	26	-0.5809929658311219
98	27	-1.0469379997808446
98	28	-0.2554576536759612
99	1	0.16467172293803856
99	2	0.12930255120052436
99	3	0.16751460558965192
99	4	0.16865415035574927
99	5	0.11256128132232135
99	6	0.1439605862400839
99	7	0.10853548691683557
99	8	0.15738744901100432
99	9	0.14965794137890498
99	10	0.40486123185787193
99	11	0.05363022277999363
99	12	0.13725219165705482
99	13	0.12149264499242918
99	14	0.0926910396500702
99	15	0.13190196265480125
99	16	0.012138603575422735
99	17	0.07483118688874413
99	18	0.06840023776614856
99	19	0.039461780343444275
99	20	-0.011709422205541387
99	21	-0.06528907447733445
99	22	-0.015367513751513684
99	23	0.020803589858466864
99	24	0.4130527304867968
99	25	0.8043713988101615
99	26	0.7057543889683018
99	27	-0.3293662426051256
99	28	0.2626582883530233
100	1	0.11010751333726176
100	2	0.0652534890134504
100	3	0.10530111644849427
100	4	0.05636615949619994
100	5	0.10794417795653288
100	6	0.0639689782240822
100	7	0.07285542951006363
100	8	0.10411553592044953
100	9	0.06415240920202336
100	10	0.3574664650458672
100	11	0.10919788751849069
100	12	0.0883806085814669
100	13	0.10613536052544958
100	14	0.09648415522020315
100	15	0.09075423555674433
100	16	0.05376835561730786
100	17	0.0830160576067911
100	18	0.057653979145847245
100	19	0.04181075340882501
100	20	0.04945782513130581
100	21	0.03852216568412814
100	22	-0.038807431048923036
100	23	-0.3025228934823758
100	24	-0.603997814755914
100	25	-0.1850331076276035
100	26	-0.1133929993628513
100	27	0.24326002002113967
100	28	0.804066155847849
101	1	-0.10402851920458289
101	2	-0.1013883956754924
101	3	-0.1610093625052258
101	4	-0.16248098920717524
101	5	-0.20418629441704894
101	6	-0.1941168975570804
101	7	-0.18841256083483415
101	8	-0.1477002104167937
101	9	-0.1618525525546275
101	10	0.05821263471483462
101	11	-0.23987824753507425
101	12	-0.24208674027374144
101	13	-0.21855655236273464
101	14	-0.22278259818075696
101	15	-0.19805629941703984
101	16	-0.25219379577652035
101	17	-0.22654047043479864
101	18	-0.3335504110237082
101	19	-0.2802195118946287
101	20	-0.2199368531870931
101	21	-0.32622732564016843
101	22	-0.352430987116513
101	23	-0.3362326782746763
101	24	-0.1814952499957201
101	25	0.7656729593180032
101	26	0.1676919915955608
101	27	0.6157997025608211
101	28	0.4171613939430898
102	1	-0.03840442865846683
102	2	-0.1508297221625554
102	3	-0.13356554562245293
102	4	-0.12730131774314657
102	5	-0.18023222074942424
102	6	-0.11750313215483743
102	7	-0.19510759417526913
102	8	-0.10571287969141707
102	9	-0.14118095720102275
102	10	0.12070884816115068
102	11	-0.1717936299788576
102	12	-0.19762376659004133
102	13	-0.23706125751293428
102	14	-0.2494244223457187
102	15	-0.194171483426814
102	16	-0.32028668040739916
102	17	-0.292810274856393
102	18	-1.2510131078179612
102	19	-0.34735643000105654
102	20	-0.29097650867250735
102	21	-0.21840861633923936
102	22	-0.1946340251045413
102	23	-0.2994074935422617
102	24	-0.23072279565496245
102	25	-0.17237814894991743
102	26	0.3194013227268542
102	27	0.32373621049733003
102	28	1.1915120432937414
103	1	-0.02577789089082927
103	2	-0.10992621818554227
103	3	-0.12235277691527813
103	4	-0.09312140171032013
103	5	-0.08190732907608833
103	6	-0.11536939805164081
103	7	-0.013474102841271929
103	8	-0.017026800385266938
103	9	-0.010476777908252188
103	10	0.1967312870602882
103	11	-0.043131851282410594
103	12	-0.09935300352611165
103	13	-0.06594470274983877
103	14	-0.05062747500159048
103	15	-0.037988510934120256
103	16	-0.0735878225568527
103	17	-0.0734900119120141
103	18	-0.2514697123883991
103	19	-0.1293344299434338
103	20	-0.1011409159537493
103	21	-0.1739586834032849
103	22	-0.1427049767379458
103	23	-0.15063473136392247
103	24	-0.16088066140410007
103	25	0.5017468462894499
103	26	0.6466312559240492
103	27	1.5204159833238862
103	28	1.4350185368002286
104	1	-0.14824865916121865
104	2	-0.25021617874655533
104	3	-0.27966657904303815
104	4	-0.29707990800779527
104	5	-0.27829370221866156
104	6	-0.2817675864615623
104	7	-0.2789372550029654
104	8	-0.2579655518084678
104	9	-0.26165480429104804
104	10	0.01009980082602624
104	11	-0.24511080115156147
104	12	-0.2521861529961953
104	13	-0.2833351082472859
104	14	-0.2911426964778272
104	15	-0.25886845139022796
104	16	-0.3508422324316314
104	17	-0.3171431662092985
104	18	-0.5231415853491725
104	19	-0.35418618711768346
104	20	-0.3553222124979385
104	21	-0.4354584443151168
104	22	-0.38613956181723097
104	23	-0.3266742654165782
104	24	-0.030072731835907973
104	25	0.005699650993086891
104	26	-0.17267927555536744
104	27	0.007640185310393122
104	28	-1.6721243203426255
105	1	-0.19426599896453922
105	2	-0.2829028720057636
105	3	-0.27230776376688937
105	4	-0.18718967836658607
105	5	-0.24590749546021584
105	6	-0.26873478969338294
105	7	-0.28110337450750933
105	8	-0.25189496017664936
105	9	-0.2612239334167228
105	10	0.001393468973347467
105	11	-0.29584143676495245
105	12	-0.29680007098153993
105	13	-0.2673211102423565
105	14	-0.3232123794408679
105	15	-0.31951001827229675
105	16	-0.2650477125637849
105	17	-0.30204034019934056
105	18	-0.32034337659610657
105	19	-0.38712113559102335
105	20	-0.32285225126089045
105	21	-0.36633033091883505
105	22	-0.3088383474529337
105	23	-0.31577347237576703
105	24	-0.8967102969381173
105	25	0.06231858728764905
105	26	0.029864788858176894
105	27	-0.6492642518235243
105	28	0.547387874779325
106	1	-0.11637661534742705
106	2	-0.15825824994396953
106	3	-0.17670914812444494
106	4	-0.16025142904339162
106	5	-0.16418118043623764
106	6	-0.14888234872195483
106	7	-0.20812072525439618
106	8	-0.16452517341663508
106	9	-0.16762567807745654
106	10	0.045527981060033085
106	11	-0.25416855569475416
106	12	-0.24713511988691295
106	13	-0.21669831462020284
106	14	-0.20561120531526456
106	15	-0.23575045288387741
106	16	-0.19441952892155
106	17	-0.25779041540023684
106	18	-0.2908931344082504
106	19	-0.30943104096591867
106	20	-0.26120443463121745
106	21	-0.21486823385148313
106	22	-0.2781676819269947
106	23	-0.31415338927503456
106	24	-1.1739153299158005
106	25	-0.5500713172345897
106	26	0.025281776112720422
106	27	0.1013272469118931
106	28	-0.8067397049580123
107	1	-0.3528996660392707
107	2	-0.43823693707099665
107	3	-0.47575105251161176
107	4	-0.4324509175344389
107	5	-0.419474642302589
107	6	-1.0090771155919143
107	7	-1.0350923299497836
107	8	-0.9996035392111153
107	9	-1.0786444334056782
107	10	-4.159512677343798
107	11	-1.2980806155019522
107	12	-1.2364439270218028
107	13	-1.2062373007832292
107	14	-1.2483143333892386
107	15	-1.264741534266264
107	16	-0.4567514851153973
107	17	-0.437517610626152
107	18	-0.5382100764322857
107	19	-0.4789190191735315
107	20	-0.4624965321258401
107	21	-0.5375846318259363
107	22	-0.5608010062483615
107	23	-0.5301309136711723
107	24	-0.19967767166326666
107	25	0.2997567153812426
107	26	-0.13614674635360302
107	27	0.03147430573542209
107	28	0.7516044932166963
108	1	-0.46996250893332103
108	2	-0.5310009926867139
108	3	-0.5544961659114591
108	4	-0.6031643419563082
108	5	-0.575541386796445
108	6	-3.5517779366175404
108	7	-3.38309724023091
108	8	-3.3064675003589628
108	9	-3.275108160559938
108	10	-23.890409494877446
108	11	-4.815901057427254
108	12	-4.397334165085958
108	13	-4.3586491115709975
108	14	-4.255787535491599
108	15	-4.5107527628861845
108	16	-0.5804286149306392
108	17	-0.5436362612460854
108	18	-0.5626743617832517
108	19	-0.593074419724033
108	20	-0.5500662672430465
108	21	-0.5908768747038735
108	22	-0.6210276887059223
108	23	-0.5190298265188176
108	24	-0.8329738093789985
108	25	-0.1291929436931767
108	26	-0.09840839450482264
108	27	0.47636346829700216
108	28	0.34915227540205507
109	1	-0.24961887119265924
109	2	-0.3015976347776572
109	3	-0.3027761223421592
109	4	-0.2603340633241018
109	5	-0.2387388430482389
109	6	-0.20541305727719816
109	7	-0.20958345475393259
109	8	-0.1933626432795208
109	9	-0.19716847679203653
109	10	0.054209861551726135
109	11	-0.18339956570140004
109	12	-0.20428950216837194
109	13	-0.22708044198743238
109	14	-0.19177930540098487
109	15	-0.15429194498803156
109	16	-0.2473650204735307
109	17	-0.17905163154313897
109	18	-0.254320963483309
109	19	-0.32057238645390385
109	20	-0.2885152700280855
109	21	-0.37273239107255307
109	22	-0.45800939036302424
109	23	-0.4710786340904676
109	24	-0.32276304577382575
109	25	-0.3097981452215919
109	26	-0.6176016994849292
109	27	-0.8093870388023916
109	28	0.3993042510859439
110	1	-0.20098535852724098
110	2	-0.2031743899034879
110	3	-0.19491195659369964
110	4	-0.17528674940527367
110	5	-0.22601176980803217
110	6	-0.17589627667032204
110	7	-0.16574204267370618
110	8	-0.18435507004539176
110	9	-0.17965215802127688
110	10	0.03699267182017252
110	11	-0.2927082184115122
110	12	-0.26225607981267984
110	13	-0.23334486631694773
110	14	-0.25318492048347707
110	15	-0.22469616470912968
110	16	-0.25656636502426977
110	17	-0.3009837065969947
110	18	-0.2528058536422293
110	19	-0.24492258623566698
110	20	-0.2501532297095608
110	21	-0.269778325639102
110	22	-0.171833362166943
110	23	0.012750480127287744
110	24	0.2342667407211465
110	25	-0.4184274590920367
110	26	-0.8147157130593357
110	27	-0.6738828371217167
110	28	-0.6909922448709267
111	1	-0.45925930726257036
111	2	-0.5507761107318885
111	3	-0.6141268314821104
111	4	-0.5606433457610933
111	5	-0.54595783815288
111	6	-0.5762486872211738
111	7	-0.48065625055782846
111	8	-0.4890455621929988
111	9	-0.5264795258014843
111	10	-0.26284649096722745
111	11	-0.5371642220002784
111	12	-0.5110305773586106
111	13	-0.5203182056497724
111	14	-0.5594846802787572
111	15	-0.4908897277751407
111	16	-0.5524054601162973
111	17	-0.5425138283416544
111	18	-0.5976198043269036
111	19	-0.6152802126052421
111	20	-0.6798035094563559
111	21	-0.7636413885793161
111	22	-0.7045282718601698
111	23	-0.7785647651668128
111	24	-0.6622520376130723
111	25	-0.34395404779854033
111	26	-0.7540157259742273
111	27	-1.5539194671583516
111	28	-1.6276798758981812
112	1	-0.4629225742618033
112	2	-0.4694229672928998
112	3	-0.5374495139963855
112	4	-0.4599882711486529
112	5	-0.48718987739230357
112	6	-0.5060644599830084
112	7	-0.48225890189257115
112	8	-0.5464673686483081
112	9	-0.5398235338279491
112	10	-0.1606764723812688
112	11	-0.4747342327077959
112	12	-0.4388329006636411
112	13	-0.43287465290180194
112	14	-0.40421556878805376
112	15	-0.48727204532652024
112	16	-0.4614873051998529
112	17	-0.453638368616609
112	18	-0.45842380573927954
112	19	-0.45259734460206147
112	20	-0.4320878006602129
112	21	-0.4761500780858796
112	22	-0.5647742328202412
112	23	-0.4905189388988447
112	24	-0.3433564578935133
112	25	-1.3520589696965715
112	26	-1.4816201777166071
112	27	-1.8667399799788598
112	28	-2.5471243203426255
113	1	-0.529788615792711
113	2	-0.573050821096885
113	3	-0.5405404591192848
113	4	-0.5706180474707949
113	5	-0.5297761932381988
113	6	-0.49412929666065253
113	7	-0.5069848760577642
113	8	-0.5219896433413069
113	9	-0.4759348917774133
113	10	-0.26106651224213095
113	11	-0.5051635833395594
113	12	-0.5684464858003011
113	13	-0.5173970418457046
113	14	-0.5417286864834026
113	15	-0.4844808324898011
113	16	-0.5040581054921134
113	17	-0.5495752682704733
113	18	-0.5475796209715824
113	19	-0.594900360058034
113	20	-0.6377918910469944
113	21	-0.7119894210682389
113	22	-0.744983001480982
113	23	-0.7205841820851475
113	24	-0.9753261607383905
113	25	-0.6085801555980836
113	26	-0.21516515126157998
113	27	0.27172155848267465
113	28	-1.2658743203426255
114	1	-0.40116013231228465
114	2	-0.4550891741664813
114	3	-0.42488076625663496
114	4	-0.3910338923094301
114	5	-0.4074822901893853
114	6	-0.4204620699205961
114	7	-0.3882076247762498
114	8	-0.399996565799988
114	9	-0.48992389015884896
114	10	-0.16074157286392676
114	11	-0.4537265994906434
114	12	-0.45948413311634795
114	13	-0.48917037169147193
114	14	-0.4791201142775279
114	15	-0.4535294303671904
114	16	-0.5103728047302809
114	17	-0.4488157807488591
114	18	-0.47336064737204
114	19	-0.4663809461700552
114	20	-0.5536754020146688
114	21	-0.4816268318464978
114	22	-0.4341043567355669
114	23	-0.44720900775324424
114	24	-0.15914969015015856
114	25	-0.10631475319722483
114	26	-0.3492827983204023
114	27	-0.3857054972202434
114	28	0.5778756796573745
115	1	-0.4857626088918323
115	2	-0.5859362320278905
115	3	-0.5606274740229651
115	4	-0.512505082980212
115	5	-0.5193325966767617
115	6	-0.6134897545174809
115	7	-0.44805399330647333
115	8	-0.4051544121646842
115	9	-0.5228236978794385
115	10	-0.23633126530416604
115	11	-0.48054961687779496
115	12	-0.5163129387676975
115	13	-0.4329718430719467
115	14	-0.47507082160656466
115	15	-0.49804309423592485
115	16	-0.5581050183496146
115	17	-0.5425570349193336
115	18	-0.5160979283284988
115	19	-0.574476417030219
115	20	-0.47929882487363784
115	21	-0.41504813333742874
115	22	-0.4377675453918286
115	23	-0.43670058020243374
115	24	-0.5937518817796033
115	25	-0.36778310762760213
115	26	-1.152967349063779
115	27	-1.0331265346007115
115	28	-1.219294131663382
116	1	-0.7182127151436077
116	2	-0.6511348043530134
116	3	-0.5134159088770147
116	4	-0.5517153138375903
116	5	-0.6089843007388467
116	6	-0.4065749180870455
116	7	-0.353088350515705
116	8	-0.509659338869433
116	9	-0.39035973711665406
116	10	-0.15359260939007413
116	11	-0.40687159197132416
116	12	-0.372865782994829
116	13	-0.3908256213385073
116	14	-0.457064274300933
116	15	-0.2752036294461391
116	16	-0.4057597006370486
116	17	-0.36693279737853857
116	18	-0.281132075433554
116	19	-0.23232849571319036
116	20	-0.3260564331503275
116	21	-0.06468380807457663
116	22	-0.09257088233916733
116	23	0.0010687811662464242
116	24	-0.47853226606997623
116	25	-0.7434777641161503
116	26	-0.5577292538256842
116	27	-0.7919308196735173
116	28	-0.3705370187553214
117	1	-0.6332800372328151
117	2	-0.6760049445273495
117	3	-0.688269173535808
117	4	-0.7256998412802176
117	5	-0.6900082876859344
117	6	-0.6462726727169041
117	7	-0.6483533943727195
117	8	-0.6105954185528333
117	9	-0.6833918368150051
117	10	-0.37251380751857255
117	11	-0.6659091002496496
117	12	-0.6786618898096322
117	13	-0.7154613297447412
117	14	-0.6578210101666926
117	15	-0.622694005047272
117	16	-0.672745748861125
117	17	-0.7159556668445362
117	18	-0.6868863627064101
117	19	-0.7272814031905597
117	20	-0.683714711583832
117	21	-0.7032965781621812
117	22	-0.7839782288649673
117	23	-0.8586614690320999
117	24	-0.7270644646309989
117	25	-0.15884383637254018
117	26	-0.31065648074135055
117	27	-0.902946876530585
117	28	-0.7072120396408721
118	1	-0.7113608396730697
118	2	-0.8029174065008746
118	3	-0.6954213198348782
118	4	-0.7431977028735517
118	5	-0.7491471849689688
118	6	-0.7371736876545398
118	7	-0.7133480282806559
118	8	-0.6777976259785135
118	9	-0.7668313395448223
118	10	-0.46823485056241765
118	11	-0.7469786254632282
118	12	-0.8036204773948015
118	13	-0.7985389580899636
118	14	-0.7755556571661302
118	15	-0.7960177505775192
118	16	-0.8975546664587668
118	17	-0.883636747000466
118	18	-0.8520946690392748
118	19	-0.911142292793194
118	20	-0.8592592334338605
118	21	-0.9104696590420644
118	22	-0.9260710451688468
118	23	-1.2609377955010999
118	24	-1.1582462340197992
118	25	-1.6474805866192028
118	26	-1.2298904259868593
118	27	-0.7774837816317586
118	28	-0.2792671774854796
119	1	-0.6443760118913175
119	2	-0.7429547349586301
119	3	-0.6793986875351052
119	4	-0.7406055933299243
119	5	-0.6794348809989756
119	6	-0.7355046057063745
119	7	-0.6738627858519308
119	8	-0.6415622918258563
119	9	-0.7113868647182287
119	10	-0.4917923955434489
119	11	-0.7780567610573073
119	12	-0.7772065972119009
119	13	-0.725802123717159
119	14	-0.7842662598460208
119	15	-0.7844873108695651
119	16	-0.8028932536811197
119	17	-0.7785817631286349
119	18	-0.779763396796227
119	19	-0.7505767970771231
119	20	-0.8878934312661002
119	21	-0.8345099297203262
119	22	-0.7957459535073497
119	23	-0.9247273360552768
119	24	-1.0194970209520307
119	25	-1.3864085902530832
119	26	-0.7269600230564564
119	27	-0.4026774799788626
119	28	-1.4074184379896835
120	1	-0.8695983307389525
120	2	-0.9821037126573557
120	3	-0.9090569261325996
120	4	-0.927672812691192
120	5	-0.957015515912083
120	6	-0.9411008849027525
120	7	-0.9092517640269406
120	8	-0.8967879420944982
120	9	-0.9676032162625461
120	10	-0.6456300118904181
120	11	-0.9262098163209203
120	12	-0.9716406143924061
120	13	-0.8488812574635247
120	14	-0.9051623145833574
120	15	-0.9213081970265264
120	16	-0.9378675902941396
120	17	-0.9255532186347395
120	18	-0.979672398037394
120	19	-0.9602341245803174
120	20	-0.9784194889518147
120	21	-1.0603985190056804
120	22	-1.1194447346639507
120	23	-1.0048731483750046
120	24	-1.0706938562674964
120	25	-1.0309915881929754
120	26	-0.14747284356927537
120	27	-1.5381685514074306
120	28	-0.22597047418877736
>>END_MODULE
>>Per sequence quality scores	pass
#Quality	Count
2	233502.0
3	4861.0
4	2109.0
5	3039.0
6	3679.0
7	6279.0
8	5650.0
9	4008.0
10	3862.0
11	4582.0
12	6150.0
13	7479.0
14	8802.0
15	10272.0
16	10432.0
17	11867.0
18	14401.0
19	19182.0
20	24734.0
21	29998.0
22	34149.0
23	38329.0
24	42213.0
25	44058.0
26	42450.0
27	44171.0
28	49288.0
29	55183.0
30	62056.0
31	72300.0
32	86274.0
33	106378.0
34	136361.0
35	203712.0
36	344619.0
37	616249.0
38	1226725.0
39	3369259.0
40	683881.0
>>END_MODULE
>>Per base sequence content	fail
#Base	G	A	T	C
1	4.587028255420829	37.39602681520455	49.637312031758505	8.37963289761611
2	18.857957187386983	42.752442189299614	24.952732240864915	13.43686838244849
3	11.285588266618417	18.697297010509345	13.699495500883632	56.3176192219886
4	18.757298874305043	56.941633508923395	11.33388752643235	12.967180090339209
5	21.827652187807875	25.707083036224105	39.440378502929214	13.024886273038808
6	25.191022064001466	14.599084032503956	45.974392062709846	14.235501840784732
7	16.43488997063946	22.755545325715346	20.605215246105494	40.20434945753969
8	17.413484546364167	50.30972178541866	19.111294564987745	13.16549910322943
9	15.203758548182956	46.097047169665004	28.233490434780567	10.465703847371476
10	21.660660694338564	18.674227141291922	23.60151518984602	36.0635969745235
11	47.631508875219076	5.757921460981059	14.537787536674607	32.07278212712525
12	13.904063507571292	11.304127163203187	27.30774474248012	47.4840645867454
13	13.595958221504853	24.53980885410476	47.21202992936819	14.652202995022199
14	48.2145792126795	24.61372027019541	17.722903069187883	9.448797447937201
15	40.309917328434665	14.047060602781446	35.94239196048036	9.700630108303532
16	11.997817040690267	18.578837181839678	27.33676878748784	42.08657698998222
17	39.02960204980278	17.20639428153091	33.81270069128319	9.951302977383119
18	41.89916396229062	17.123680875632374	20.766982170879235	20.210172991197776
19	27.680319730060198	12.685367833058187	47.29794148741831	12.336370949463298
20	67.28282276875449	10.564931210818978	15.433952759439212	6.718293260987318
21	15.10117817242444	36.096005159001244	22.27155699092058	26.53125967765374
22	45.75738717328731	10.672198813509508	36.27307928123017	7.297334731973011
23	10.477988977201564	23.714696707477056	51.25528228512214	14.552032030199236
24	17.81790032755865	22.68648265085975	43.63213801902277	15.863479002558828
25	21.22222556429747	19.40332498291961	23.22159820902962	36.152851243753304
26	13.583899867319502	18.979769159416207	27.89460706611716	39.54172390714714
27	14.455936279754555	20.975190438305304	28.476585004526623	36.092288277413516
28	13.422325401431612	30.95376281679242	20.717740375314374	34.9061714064616
>>END_MODULE
>>Per sequence GC content	fail
#GC Content	Count
0	3.0
1	3.0
2	2.5
3	3.0
4	4.0
5	4.0
6	4.5
7	8.0
8	22.0
9	40.0
10	48.5
11	59.5
12	94.0
13	149.5
14	198.5
15	269.5
16	397.0
17	631.5
18	1001.0
19	1387.5
20	3525.5
21	6344.0
22	7249.0
23	7783.0
24	8968.0
25	19177.0
26	36455.0
27	44401.0
28	53482.5
29	65098.5
30	132081.5
31	245128.0
32	298850.5
33	366625.5
34	536261.0
35	645052.0
36	715321.5
37	759659.5
38	764649.5
39	1028883.0
40	1260461.0
41	1276474.5
42	1293710.5
43	1361734.0
44	1456619.0
45	1618252.5
46	2158188.5
47	2562386.5
48	2579076.5
49	2594237.0
50	2058932.0
51	1523627.0
52	1083533.0
53	613326.0
54	528842.5
55	433163.0
56	383819.0
57	367832.5
58	357799.0
59	337366.0
60	316467.5
61	288505.5
62	287345.5
63	295171.0
64	260754.0
65	239821.0
66	211842.0
67	179638.0
68	141221.0
69	104330.5
70	95103.0
71	77420.0
72	61786.0
73	58771.0
74	45192.5
75	29875.0
76	23405.0
77	19659.0
78	18807.5
79	18982.0
80	18057.5
81	17674.5
82	18651.0
83	17621.5
84	16388.0
85	13095.5
86	8063.5
87	5625.0
88	4817.0
89	4314.5
90	4061.0
91	3014.5
92	1799.5
93	1245.5
94	944.5
95	861.5
96	854.0
97	629.5
98	270.5
99	136.0
100	136.0
>>END_MODULE
>>Per base N content	pass
#Base	N-Count
1	1.03276058537567
2	0.10034482700194707
3	0.017855879074252175
4	0.001655253023671552
5	0.0
6	0.0
7	0.0
8	1.564018605043986E-4
9	7.82009302521993E-5
10	0.05298113024586503
11	0.0
12	1.1730139537829896E-4
13	0.0010296455816539575
14	0.004144649303366563
15	0.031710477217266816
16	0.005070026978017588
17	0.0
18	0.0
19	0.0
20	0.0
21	0.0
22	7.289857391205593E-4
23	0.0012173820734159304
24	0.026692128688305804
25	0.0034374449471707685
26	0.0
27	0.0
28	0.0
>>END_MODULE
>>Sequence Length Distribution	warn
#Length	Count
17	208406.0
18	153470.0
19	215874.0
20	743176.0
21	1138895.0
22	3159135.0
23	1495370.0
24	325486.0
25	62397.0
26	60981.0
27	57663.0
28	51690.0
>>END_MODULE
>>Sequence Duplication Levels	fail
#Total Deduplicated Percentage	4.824383555735883
#Duplication Level	Percentage of deduplicated	Percentage of total
1	79.90522143160017	3.854934362920463
2	7.522884098676726	0.725865566747259
3	3.0254732363867323	0.4378812998982952
4	1.6906239418810938	0.32624873376578106
5	1.1292313153922524	0.27239224943001916
6	0.800203465439139	0.23162930639444695
7	0.5969448682923907	0.20159237043895126
8	0.4949110570769509	0.19101126122511236
9	0.37635169198808455	0.16340984226006222
>10	3.1175385677578764	3.098674528634536
>50	0.5280491220090144	1.8133635897793436
>100	0.5647247673885717	5.943904362999779
>500	0.10221140727536036	3.440013540117158
>1k	0.102750781456233	10.917389698838676
>5k	0.020496218873159333	7.0108240458649105
>10k+	0.022384028506213485	61.37086524068521
>>END_MODULE
>>Overrepresented sequences	fail
#Sequence	Count	Percentage	Possible Source
AACATTCAACGCTGTCGGTGAG	709840	9.251691388370192	No Hit
AACATTCAACGCTGTCGGTGAGT	690915	9.00503262086638	No Hit
TTCAAGTAATCCAGGATAGGCT	536802	6.996402626873515	No Hit
TTCACAGTGGCTAAGTTCTG	337595	4.4000405080818705	No Hit
AACATTCAACGCTGTCGGTGA	169292	2.206465314042554	No Hit
TGAGGTAGTAGGTTGTATAGTT	160365	2.0901153633156566	No Hit
AAGCTGCCAGTTGAAGAACTGT	157752	2.0560588581908243	No Hit
TTCACAGTGGCTAAGTTCTGC	88052	1.1476247184277755	No Hit
TGAGGTAGTAGATTGTATAGTT	85506	1.1144414570240921	No Hit
TCTTTGGTTATCTAGCTGTATGA	65254	0.8504872504461689	No Hit
TTCAAGTAATCCAGGATAGGCA	53949	0.7031436643626501	No Hit
CCTGTCTGAGCGTCGCT	52514	0.684440608543999	No Hit
AACATTCATTGCTGTCGGTGGG	50220	0.6545417862109082	No Hit
AACATTCAACGCTGTCGGTGAGA	49639	0.6469693294648202	No Hit
TGAGGTAGTAGGTTGTATAGT	48928	0.6377025192299346	No Hit
TCGGATCCGTCTGAGCTTGGCT	48076	0.6265979871341223	No Hit
TCCAGCATCAGTGATTTTGTT	43879	0.5718964364227088	No Hit
TATTGCACTTGTCCCGGCCTGT	40785	0.5315708233893247	No Hit
TCGAGGAGCTCACAGTCTAGT	38085	0.49638040477583506	No Hit
TGAGATGAAGCACTGTAGCT	37934	0.49441234803115475	No Hit
TGTAAACATCCTCGACTGGAAGCT	37145	0.48412892570299054	No Hit
TGAGGTAGTAGTTTGTACAGTT	34352	0.4477263926705917	No Hit
AACATTCATTGCTGTCGGTGGGT	33485	0.43642635824914894	No Hit
TATTGCACTCGTCCCGGCCTCC	32223	0.4199780959194364	No Hit
TTCAAGTAATCCAGGATAGGC	30451	0.3968827545182868	No Hit
TCTTTGGTTATCTAGCTGTATG	29757	0.38783751358578245	No Hit
TGTAAACATCCTCGACTGGA	28863	0.37618557497820476	No Hit
TGAGGTAGTAGATTGTATAGT	28739	0.3745694224196593	No Hit
TGTAAACATCCTTGACTGGAAGCT	28733	0.37449122148940706	No Hit
TTCAAGTAATCCAGGATAGGCC	28180	0.36728370241782937	No Hit
TCCAGCATCAGTGATTTTGTTG	27907	0.3637255600913543	No Hit
AGCAGCATTGTACAGGGCTATGA	27905	0.3636994931146036	No Hit
TGAGGTAGTAGGTTGTGTGGTT	27587	0.35955484381123703	No Hit
TATTGCACTTGTCCCGGCCTGTAA	26678	0.3477074028780288	No Hit
TGAGGTAGTAGGTTGTATGGTT	26429	0.34446206427256254	No Hit
TAGCAGCACGTAAATATTGGCG	25756	0.3356905265959409	No Hit
CATTATTACTTTTGGTACGCG	25721	0.33523435450280303	No Hit
TCTTTGGTTATCTAGCTGTAT	25394	0.3309724038040582	No Hit
CAACGGAATCCCAAAAGCAGCTG	25294	0.32966905496652155	No Hit
TGAGATGAAGCACTGTAGCTCT	25179	0.3281702038033544	No Hit
AACATTCAACGCTGTCGGTG	24962	0.32534193682589985	No Hit
TGAGATGAAGCACTGTAGCTC	24522	0.31960720194073855	No Hit
AACATTCAACGCTGTCGGTGAGTT	23197	0.30233782984337787	No Hit
GTACAGTACTGTGATAACTGA	22794	0.29708533402810516	No Hit
TTCACAGTGGCTAAGTTCTGCT	21037	0.27418549495258615	No Hit
TCCCTGAGACCCTAACTTGTGA	20756	0.27052308471910813	No Hit
AGCTGGTGTTGTGAATCAGGCCG	20627	0.26884176471868587	No Hit
TCACAGTGAACCGGTCTCTTT	20318	0.26481441681069756	No Hit
AACATTCATTGCTGTCGGTGGA	20076	0.26166031262385886	No Hit
CGCCTGTCTGAGCGTCGCT	18883	0.24611136099204656	No Hit
TATTGCACTTGTCCCGGCCTGTA	18339	0.2390211433158472	No Hit
TGAGGTAGTAGTTTGTGCTGTT	18074	0.23556726889637503	No Hit
AACATTCAACGCTGTCGGTGAGG	17547	0.22869862052255688	No Hit
TGAGGTAGTAAGTTGTATTGTT	16702	0.21768532284537212	No Hit
AACATTCAACGCTGTCGGTGAGC	16414	0.21393167819326658	No Hit
TGAGATGAAGCACTGTAGCTCA	16258	0.2118984540067094	No Hit
TACAGTACTGTGATAACTGACT	16223	0.21144228191357153	No Hit
TGAGACCTCTGGGTTCTGAGCT	15957	0.20797537400572405	No Hit
AACATTCAACGCTGTCGGTGAA	15074	0.1964668037702754	No Hit
AACATTCATTGCTGTCGGTGGGA	14998	0.19547625865374754	No Hit
TTCAAGTAATTCAGGATAGGTT	14850	0.19354730237419326	No Hit
TTATAAAGCAATGAGACTGATT	14389	0.18753886423314928	No Hit
AACATTCAACGCTGTCGGTGT	14051	0.1831335451622754	No Hit
AACCCGTAGATCCGAACTTGTG	14028	0.18283377492964198	No Hit
TAGCACCATCTGAAATCGGTT	14025	0.18279467446451586	No Hit
CTAGACTGAAGCTCCTTGAGGA	13943	0.18172592841773583	No Hit
TGTAAACATCCCCGACTGGAAGCT	13722	0.1788455274867798	No Hit
GTACAGTACTGTGATAACT	13546	0.1765516335327153	No Hit
TTCAAGTAATCCAGGATAGGCG	13504	0.1760042270209499	No Hit
GCTAAATTTGACTGGCTT	13223	0.1723418167874719	No Hit
TTCACAGTGGCTAAGTTCTGCA	13129	0.17111666888018742	No Hit
TATTGCACTCGTCCCGGCCTCA	13089	0.1705953293451728	No Hit
TAGCTTATCAGACTGATGTTGA	12850	0.16748032562346019	No Hit
TGTAAACATCCTACACTCTCAGCT	12227	0.15936046236560683	No Hit
TCGAGGAGCTCACAGTCTAGTA	12060	0.15718386980692062	No Hit
TATTGCACTTGTCCCGGCCTGTAT	12046	0.15700140096966547	No Hit
AACATTCAACGCTGTCGGT	11973	0.1560499563182637	No Hit
AACATTCAACGCTGTCGGTGG	11945	0.15568501864375345	No Hit
AACATTCATTGCTGTCGGTGGGTT	11521	0.15015881957259802	No Hit
AATATAACACAGATGGCCTGT	10933	0.1424951284078825	No Hit
TTCAAGTAATCCAGGATAGGCTT	10805	0.14082684189583558	No Hit
AACATTCAACCTGTCGGTGAGT	10657	0.13889788561628133	No Hit
AGAATTGTGGCTGGACATCTGT	10505	0.13691679538322563	No Hit
AACATTCAACCTGTCGGTGAGTT	9956	0.12976141026514937	No Hit
TTCACAGTGGCTAAGTTCT	9898	0.12900546793937812	No Hit
GTACAGTACTGTGATAACTGAA	9888	0.12887513305562445	No Hit
TGTAAACATCCTCGACTGGAA	9821	0.12800188933447487	No Hit
ATAGGCGATAGAAATTGAAACCT	9695	0.1263596697991787	No Hit
CGCGACCTCAGATCAGA	9376	0.12220198700743677	No Hit
AACATTCAACGCTGTCGGTGAT	9316	0.12141997770491479	No Hit
TACAGTACTGTGATAACTGAA	9283	0.12098987258852768	No Hit
TGATTGTCCAAACGCAATTC	9253	0.1205988679372667	No Hit
AACCCGTAGATCCGAACTTG	9067	0.1181746390994485	No Hit
GTACAGTACTGTGATAACTG	8932	0.11641511816877403	No Hit
CCTGTCTGAGCGTCGCC	8876	0.11568524281975351	No Hit
TCCCTGAGACCCTTTAACCTGT	8804	0.11474683165672711	No Hit
TACAGTACTGTGATAACTGAAG	8773	0.11434279351709076	No Hit
TGAGGTAGGAGGTTGTATAGTT	8331	0.10858199165517873	No Hit
TTCACAGTGGCTAAGTTCTA	8318	0.10841255630629897	No Hit
CACCCGTAGAACCGACCTTGCG	8212	0.10703100653851011	No Hit
TTCACAGTGGCTAAGTTCTGT	8154	0.10627506421273884	No Hit
TGAGGTAGTAGGTTGTGTGGTTT	8103	0.10561035630559515	No Hit
ATCACATTGCCAGGGATTACCA	8098	0.10554518886371833	No Hit
TACAGTACTGTGATAACTGA	7854	0.10236501770012889	No Hit
TTATAAAGCAATGAGACTGAT	7839	0.10216951537449839	No Hit
TGAGGTAGTAGGTTGTGTGGT	7704	0.1004099944438239	No Hit
TCCAGCATCAGTGATTTTG	7685	0.10016235816469193	No Hit
>>END_MODULE
>>Adapter Content	pass
#Position	Illumina Universal Adapter	Illumina Small RNA 3' Adapter	Illumina Small RNA 5' Adapter	Nextera Transposase Sequence	SOLID Small RNA Adapter
1	0.0	0.0	0.0	0.0	0.0
2	0.0	0.0	0.0	0.0	0.0
3	0.0	0.0	0.0	0.0	0.0
4	0.0	0.0	0.0	0.0	0.0
5	0.0	0.0	0.0	0.0	0.0
6	0.0	0.0	0.0	0.0	0.0
7	0.0	0.0	0.0	0.0	0.0
8	0.0	0.0	0.0	0.0	0.0
9	0.0	0.0	0.0	0.0	0.0
10	0.0	0.0	0.0	0.0	0.0
11	0.0	0.0	0.0	0.0	0.0
12	0.0	0.0	0.0	0.0	0.0
13	0.0	0.0	0.0	0.0	0.0
14	0.0	0.0	0.0	0.0	0.0
15	0.0	0.0	0.0	0.0	0.0
16	0.0	0.0	0.0	0.0	0.0
>>END_MODULE
>>Kmer Content	warn
#Sequence	Count	PValue	Obs/Exp Max	Max Obs/Exp Position
CCTCGCA	5	0.0013726138	2441.4182	22
CTACACC	5	0.0013726138	2441.4182	22
GCGACCA	70	0.0	2092.644	22
GCACCCA	130	0.0	1784.1133	22
TAGTCTT	175	0.0	1604.3605	22
ACTTTCG	70	0.0	1569.4832	22
AGCCTTA	50	0.0	1464.851	22
GCCCATT	45	0.0	1356.3434	22
CGAAAAT	10	0.005488959	1220.7091	22
ATGGCCA	140	0.0	1220.7091	22
AGACGCC	10	0.005488959	1220.7091	22
AGCCTAA	10	0.005488959	1220.7091	22
CTCTATT	10	0.005488959	1220.7091	22
GCCACAA	10	0.005488959	1220.7091	22
TCTCTAT	5	0.0059271576	1175.014	21
AGCGCCA	5	0.0059271576	1175.014	21
TCTCATT	5	0.0059271576	1175.014	21
GGCGACC	225	0.0	1175.014	21
CCTGACC	325	0.0	1164.3687	22
GGAATAA	35	4.575122E-8	1046.322	22
>>END_MODULE
