##FastQC	0.11.5
>>Basic Statistics	pass
#Measure	Value
Filename	ct7
File type	Conventional base calls
Encoding	Illumina 1.5
Total Sequences	6713931
Sequences flagged as poor quality	0
Sequence length	17-28
%GC	47
>>END_MODULE
>>Per base sequence quality	pass
#Base	Mean	Median	Lower Quartile	Upper Quartile	10th Percentile	90th Percentile
1	35.506531568465626	39.0	36.0	40.0	28.0	40.0
2	35.19942355678067	39.0	36.0	40.0	25.0	40.0
3	35.34444053714582	39.0	36.0	40.0	25.0	40.0
4	35.17736851927731	39.0	36.0	40.0	25.0	40.0
5	35.30799884598159	39.0	36.0	40.0	25.0	40.0
6	35.096546568619786	39.0	36.0	40.0	23.0	40.0
7	35.333819188788205	39.0	36.0	40.0	25.0	40.0
8	35.30534734420118	39.0	36.0	40.0	25.0	40.0
9	35.210337878062795	39.0	36.0	40.0	25.0	40.0
10	35.21738799519983	39.0	36.0	40.0	25.0	40.0
11	35.513486361417776	39.0	36.0	40.0	27.0	40.0
12	35.33804041179452	39.0	36.0	40.0	26.0	40.0
13	35.20660593622425	39.0	36.0	40.0	25.0	40.0
14	35.28946395189346	39.0	36.0	40.0	26.0	40.0
15	34.71676041949195	39.0	35.0	40.0	22.0	40.0
16	35.34532779678552	39.0	36.0	40.0	26.0	40.0
17	35.1128358334335	39.0	35.0	40.0	26.0	40.0
18	35.13923515054391	39.0	36.0	40.0	26.0	40.0
19	35.02797917346262	39.0	35.0	40.0	26.0	40.0
20	34.99680663501023	39.0	35.0	40.0	26.0	40.0
21	34.975522978354675	39.0	35.0	40.0	25.0	40.0
22	35.33258588999246	39.0	36.0	40.0	27.0	40.0
23	34.823306145476934	39.0	35.0	40.0	25.0	40.0
24	34.83324119141885	39.0	35.0	40.0	26.0	40.0
25	34.7741243202959	39.0	35.0	40.0	25.0	40.0
26	34.604022208039616	38.0	35.0	40.0	26.0	40.0
27	35.0423991566676	39.0	35.0	40.0	27.0	40.0
28	34.65328378583346	38.0	35.0	40.0	25.0	40.0
>>END_MODULE
>>Per tile sequence quality	fail
#Tile	Base	Mean
1	1	-0.8552808225696538
1	2	-0.723499704135179
1	3	-0.8925307312070601
1	4	-0.8574717994639443
1	5	-0.8299708984015055
1	6	-0.8358451429648497
1	7	-0.8931201907721729
1	8	-0.9009680942732601
1	9	-0.9062053420855065
1	10	-0.8168139388706237
1	11	-0.7649716103507913
1	12	-0.9091264646863237
1	13	-0.7398594283496891
1	14	-0.8578532621922932
1	15	-0.6808112012939489
1	16	-0.8896025598588224
1	17	-0.8989924740626876
1	18	-0.9254337289814814
1	19	-0.9730969267089833
1	20	-1.035805435778471
1	21	-1.1000376045112787
1	22	-1.0113280678852021
1	23	-1.486399943540846
1	24	-1.200465167180262
1	25	-1.0650866017471472
1	26	-1.4543821903830008
1	27	-1.684253354335631
1	28	-1.9515917284620983
2	1	-0.8370458304384485
2	2	-0.676186297678008
2	3	-0.8553875872563239
2	4	-0.8272504766227868
2	5	-0.7775162273095546
2	6	-0.7359859012769334
2	7	-0.849604595361626
2	8	-0.8311039584999733
2	9	-0.917879522295145
2	10	-0.8367335737443184
2	11	-0.7720414905189443
2	12	-0.8099404828891323
2	13	-0.7067054218982136
2	14	-0.8205110160830671
2	15	-0.33344691406475135
2	16	-0.918986150598414
2	17	-0.9239127695707765
2	18	-0.8585242062830716
2	19	-1.01115187149599
2	20	-0.9685625356794105
2	21	-1.192359375684667
2	22	-1.1468503884204395
2	23	-1.34151284884193
2	24	-1.3134857191119735
2	25	-1.1173941858191867
2	26	-0.17628233085036982
2	27	-0.40525779384729077
2	28	0.5981380012676283
3	1	-0.89073416415129
3	2	-0.7123897556924845
3	3	-0.9442445860603215
3	4	-0.8276109425106881
3	5	-0.8351626102121799
3	6	-0.8152241233807302
3	7	-0.8566126477159841
3	8	-0.8898958487025581
3	9	-0.9104523953710526
3	10	-0.838175948537021
3	11	-0.8597509984074492
3	12	-0.8999517209913961
3	13	-0.7338445135311318
3	14	-0.8887388836114951
3	15	-0.3532700839416876
3	16	-0.8409796719464637
3	17	-0.8560856332807418
3	18	-0.7739324136730588
3	19	-0.8782564816143292
3	20	-0.9602493273700574
3	21	-1.188128975742643
3	22	-1.093502128773899
3	23	-1.320725068000911
3	24	-1.540612877667705
3	25	-1.4211447830480495
3	26	-0.6205270757124453
3	27	-1.1963942572084107
3	28	-0.721861998732372
4	1	-0.9188649102052509
4	2	-0.757040376488959
4	3	-0.82714019895581
4	4	-0.868084514336779
4	5	-0.9290442712365348
4	6	-0.8562609976738074
4	7	-0.9035060318787629
4	8	-0.9283066079872953
4	9	-0.9348226630976271
4	10	-0.8405222153168523
4	11	-0.8038669790525717
4	12	-0.8542615858654656
4	13	-0.7291853956638903
4	14	-0.8909368887449176
4	15	-0.25306616954136985
4	16	-0.8285191809761869
4	17	-0.7981508651269706
4	18	-0.8871130268859417
4	19	-0.8792996647703148
4	20	-1.0770403771085952
4	21	-1.0761603154197132
4	22	-1.0927003548985894
4	23	-0.981157789199699
4	24	-1.4331671347628614
4	25	-1.6056495864207747
4	26	-0.9806017025781202
4	27	-2.013940107085517
4	28	0.37649865700533525
5	1	-0.8714635443320091
5	2	-0.7827929570010639
5	3	-0.7660538465092657
5	4	-0.864490040899895
5	5	-0.8396232726421502
5	6	-0.7139105133343762
5	7	-0.6950748878977251
5	8	-0.8347892324878785
5	9	-0.7586388707006577
5	10	-0.6742613912090789
5	11	-0.6800893312768679
5	12	-0.5871346998221298
5	13	-0.4910630126248421
5	14	-0.6405333092885925
5	15	0.03668112006271684
5	16	-0.5519282257875702
5	17	-0.5136523178022898
5	18	-0.4989806273958308
5	19	-0.5470325658054378
5	20	-0.509754748228417
5	21	-0.5279250296932574
5	22	-0.4378899370732512
5	23	-0.6332832784617821
5	24	-1.1240677112651696
5	25	-0.9522803141835823
5	26	-0.7740799634476829
5	27	-1.1505408127152137
5	28	0.9145016376312611
6	1	-0.5459627566551646
6	2	-0.3450588766038365
6	3	-0.5086804056039611
6	4	-0.4555310616560533
6	5	-0.42502042065646606
6	6	-0.39370925936657386
6	7	-0.46279399451999836
6	8	-0.45098149230758366
6	9	-0.5075107494437319
6	10	-0.39204838570073974
6	11	-0.420610009584351
6	12	-0.4582019586053576
6	13	-0.47228787713177667
6	14	-0.40975396023321764
6	15	0.1226441817918058
6	16	-0.4785722860575561
6	17	-0.4432408589363277
6	18	-0.397032529007852
6	19	-0.5611304311284258
6	20	-0.5391388424057055
6	21	-0.6192085068799571
6	22	-0.5803014527892074
6	23	-0.9786346392370717
6	24	-1.0617503184260002
6	25	-0.11468632922117195
6	26	-0.49651079348721083
6	27	-0.11852251654597268
6	28	-0.04580566070420389
7	1	-0.6433706807023896
7	2	-0.46217607900067037
7	3	-0.6210584699634509
7	4	-0.5612641567604797
7	5	-0.5590052679660289
7	6	-0.4880450122395885
7	7	-0.5779783480173322
7	8	-0.5863023234442224
7	9	-0.6535120668022287
7	10	-0.5914742216164228
7	11	-0.7219916583334509
7	12	-0.7409618947796446
7	13	-1.0699444602649493
7	14	-0.7564665460028479
7	15	-1.2397622368906696
7	16	-0.8754712565808944
7	17	-0.8921319945510646
7	18	-0.8109950804707324
7	19	-0.9342572880201061
7	20	-0.9274378641348378
7	21	-0.725544429729112
7	22	-0.6455483342149435
7	23	-0.73131654773875
7	24	-0.8759035753421216
7	25	-0.6873892730213527
7	26	-0.7887002941274162
7	27	-0.3377460013944571
7	28	0.5754352985649263
8	1	-0.4222840548902269
8	2	-0.2861430379028036
8	3	-0.4453928035477759
8	4	-0.39839343754854895
8	5	-0.4062495938572255
8	6	-0.3534592316176628
8	7	-0.4289515459723887
8	8	-0.48041945663148766
8	9	-0.47454329857811217
8	10	-0.43091412586291256
8	11	-0.5287135779193619
8	12	-0.5423864376528513
8	13	-0.4683572072099551
8	14	-0.5290453780667477
8	15	-1.049868702974031
8	16	-0.666456117970931
8	17	-0.6794587887897734
8	18	-0.580200282247965
8	19	-0.6842622876019604
8	20	-0.7267951070417311
8	21	-0.6867743702756712
8	22	-0.6080852249318625
8	23	-0.5000134492879766
8	24	-0.27620717243791404
8	25	-0.9094231713264378
8	26	-0.5601471571235734
8	27	0.24627934825588937
8	28	1.762513001267628
9	1	-0.4376462642693326
9	2	-0.23092292365719658
9	3	-0.45904944981352
9	4	-0.4377090589301247
9	5	-0.4548787370816214
9	6	-0.3326857331343618
9	7	-0.3992991404771189
9	8	-0.42053854961700665
9	9	-0.4437823182939624
9	10	-0.3321467601403256
9	11	-0.30051744824094584
9	12	-0.39469684088455637
9	13	-0.21955556505680818
9	14	-0.3677510908853563
9	15	0.21797210181937743
9	16	-0.3588045992530198
9	17	-0.33623143921061427
9	18	-0.3011537122419057
9	19	-0.3073084775692365
9	20	-0.3738442060663658
9	21	-0.5620766133378154
9	22	-0.4822081155811091
9	23	-0.6084975509694104
9	24	-1.3776145812452185
9	25	-1.9533920429217702
9	26	-1.8486956252300573
9	27	-1.9279324049032311
9	28	-0.8647191415895179
10	1	-0.5756688035362174
10	2	-0.3983076362956979
10	3	-0.4855975333817426
10	4	-0.4970205349638803
10	5	-0.48076740251585903
10	6	-0.3659990313575179
10	7	-0.4777099091245063
10	8	-0.5627831054432519
10	9	-0.5416040222127876
10	10	-0.41522328049190094
10	11	-0.39397982160783585
10	12	-0.47016725212105115
10	13	-0.35096519518392455
10	14	-0.4910071660490445
10	15	0.02303610355338037
10	16	-0.4684850152654505
10	17	-0.40403670350929843
10	18	-0.34754168531131313
10	19	-0.5740221586639578
10	20	-0.5995334384463717
10	21	-0.6918002288263878
10	22	-0.6522318820107955
10	23	-0.6944109088006059
10	24	-0.37704385409868024
10	25	0.1599645837756043
10	26	-0.16167646893325838
10	27	0.19027979225633374
10	28	1.7281380012676308
11	1	-0.4166740000106657
11	2	-0.29902152279898075
11	3	-0.407359469369986
11	4	-0.37699452173924186
11	5	-0.422335673487197
11	6	-0.3046769492300001
11	7	-0.3758651990255544
11	8	-0.4095448404236137
11	9	-0.4701978421272983
11	10	-0.32953866915045893
11	11	-0.34405334374646657
11	12	-0.3802188896434444
11	13	-0.2605927528222338
11	14	-0.3517509625251023
11	15	0.12356505345642432
11	16	-0.3374323173563596
11	17	-0.32985338918290097
11	18	-0.34812928931508225
11	19	-0.4653329362456944
11	20	-0.39174832874596177
11	21	-0.6125791034072776
11	22	-0.4267764795065361
11	23	-0.6044148426108649
11	24	-0.018545026294525258
11	25	-0.5427565046597707
11	26	-0.3972683692447845
11	27	-1.0303783006645304
11	28	-0.19408422095459343
12	1	-0.39322768403663133
12	2	-0.15805051617341803
12	3	-0.40397889830219214
12	4	-0.34552945308869454
12	5	-0.3814993124899715
12	6	-0.30646402663562355
12	7	-0.3267678580927935
12	8	-0.3660348309179682
12	9	-0.40066704149181476
12	10	-0.3411932357721028
12	11	-0.31047359080459813
12	12	-0.3231367969791279
12	13	-0.16305535968175633
12	14	-0.3204662497885238
12	15	0.16702356638524662
12	16	-0.35798867090450415
12	17	-0.3532502127967021
12	18	-0.3351996245400102
12	19	-0.344658767728518
12	20	-0.30080085538099155
12	21	-0.6266124992333388
12	22	-0.40240635748902776
12	23	-0.5783518101247083
12	24	-0.02054804784598474
12	25	-0.8573683768058871
12	26	-1.1665773123342191
12	27	-0.7999227255323902
12	28	-0.6705799474503209
13	1	-0.021636283838461168
13	2	0.20759513999334445
13	3	0.03979857742208992
13	4	0.06212465937444733
13	5	0.007658120459019813
13	6	0.13319028671592292
13	7	0.0859909584390195
13	8	0.024294218758534214
13	9	0.005203081032085777
13	10	0.13817563342203698
13	11	0.04397352213950256
13	12	0.007078320618084888
13	13	0.22442691389917258
13	14	0.03174271163646125
13	15	0.6100148139226533
13	16	0.049187274295249495
13	17	0.058959861204002095
13	18	0.11972528566648322
13	19	0.062134241112048016
13	20	0.0021545957416648776
13	21	-0.13918574427296448
13	22	-0.03114740215049494
13	23	-0.13213020877764592
13	24	-0.332108940659829
13	25	-0.5851584654440813
13	26	-0.5586533457706082
13	27	0.26282618170413485
13	28	-1.067100093970467
14	1	-0.17309669128758998
14	2	-0.010747479758386191
14	3	-0.16172586233626163
14	4	-0.12529530023903135
14	5	-0.10999935905849156
14	6	-0.046570686093431846
14	7	-0.07324390929748859
14	8	-0.11452103936156277
14	9	-0.14257472959212691
14	10	-0.08468052508466428
14	11	-0.015473132140407131
14	12	-0.12001550304690056
14	13	0.025628071699671295
14	14	-0.060616294109117064
14	15	0.4617036501112537
14	16	-0.04039934596304562
14	17	-2.7861964086639546E-4
14	18	2.1941691465343638E-4
14	19	-0.0843116040912193
14	20	-0.13663563323375172
14	21	-0.28211615057643513
14	22	-0.25157181076425417
14	23	-0.25879834255562884
14	24	0.0760896312928665
14	25	-0.3555770174802859
14	26	-0.2076425189046489
14	27	-0.9903275231335869
14	28	-1.6218619987323706
15	1	-0.055672597432781856
15	2	0.07398743400994334
15	3	-0.06825739361730143
15	4	-0.07819738812992227
15	5	-0.11365150913790245
15	6	0.008468722215347668
15	7	-0.0019573118296918324
15	8	-0.057898971721947134
15	9	-0.027096602096321476
15	10	0.0383919303234137
15	11	0.019846390830053906
15	12	0.06740841409734344
15	13	0.13139606506722146
15	14	0.02034539195184948
15	15	0.6158871490767552
15	16	0.08526010263327066
15	17	0.0441623812131553
15	18	0.1287458069026428
15	19	0.007510329082244027
15	20	-0.025912917649044687
15	21	-0.29631015504700997
15	22	-0.1807639469614486
15	23	-0.1830796626601625
15	24	-0.518309037934813
15	25	-0.8169138080305558
15	26	-0.6166514263350251
15	27	-0.08467941260941103
15	28	1.5188787420083685
16	1	-0.2436645350952702
16	2	-0.04122843168600099
16	3	-0.286406527700116
16	4	-0.29986797717496927
16	5	-0.17370011561890664
16	6	-0.14883068969892577
16	7	-0.16568528949980532
16	8	-0.27826884135124175
16	9	-0.26254267478266513
16	10	-0.1243839865884695
16	11	-0.13221414048802416
16	12	-0.16311612317483082
16	13	-0.02990781595065073
16	14	-0.16594959233280093
16	15	0.3889910418686924
16	16	-0.1148939939546807
16	17	-0.07533037073836368
16	18	-0.1513594959561928
16	19	-0.12630028160396023
16	20	-0.23346937192025052
16	21	-0.3457241179908692
16	22	-0.2505129838228157
16	23	-0.45178667798784033
16	24	0.2753600495742603
16	25	-0.07790566159881251
16	26	-0.3120693642696608
16	27	-0.8049839046202649
16	28	-2.70715611637943
17	1	0.07572629647224005
17	2	0.30920109648858585
17	3	0.1089426294980953
17	4	0.19257049355391587
17	5	0.17616121910597116
17	6	0.18469254054563322
17	7	0.11212031280499701
17	8	0.14810207765609817
17	9	0.09990263466165317
17	10	0.12966717978670061
17	11	0.11486789185397583
17	12	0.10221878168709964
17	13	0.18346537198402046
17	14	0.04607906041599108
17	15	0.6443026890057411
17	16	0.18670998181957543
17	17	0.19588563320331787
17	18	0.15973011036896168
17	19	0.17579640778071592
17	20	0.13569332394800426
17	21	-0.08913356595920163
17	22	0.048882533730953526
17	23	0.19053436191281037
17	24	0.2938315667767384
17	25	0.2247065215063273
17	26	-0.22579401027042678
17	27	0.7000478020243435
17	28	1.3426541302998842
18	1	0.06598125160516588
18	2	0.3117560354585862
18	3	0.1756757437340397
18	4	0.15896598230272474
18	5	0.1683880507541673
18	6	0.3069422995983686
18	7	0.18303722939833733
18	8	0.14590272297573392
18	9	0.18259573668561302
18	10	0.2344651731898324
18	11	0.17104242746928122
18	12	0.17437784878717366
18	13	0.3038893194485368
18	14	0.12957611816551662
18	15	0.7432197732145696
18	16	0.2338769807240908
18	17	0.2751563860961781
18	18	0.27076270099084354
18	19	0.2157451506474075
18	20	0.11723840336551916
18	21	-0.13923387568668488
18	22	-0.009594104652528301
18	23	-0.3155942455249843
18	24	0.30552000137829083
18	25	0.9762911143878483
18	26	0.10796613661786125
18	27	-0.2636763449059103
18	28	1.2091724840262472
19	1	0.021630331480558596
19	2	0.29838276091197
19	3	0.02694605714599163
19	4	0.12265041859016179
19	5	0.06765954552594877
19	6	0.18879436240733583
19	7	0.10872688335835079
19	8	0.034084202347642645
19	9	0.025096562934301403
19	10	0.1087389533303309
19	11	0.10092801839530807
19	12	0.09171711704727414
19	13	0.2484729955871785
19	14	0.09001392449282264
19	15	0.6816413920994435
19	16	0.12597101134099375
19	17	0.07952108875213071
19	18	0.18339343534807284
19	19	0.16510032732520585
19	20	0.12426495626561973
19	21	-0.16388555305360342
19	22	-0.09927738787269647
19	23	0.022630024712150032
19	24	0.43098434455451695
19	25	0.4405768286735636
19	26	0.1351390381626203
19	27	0.026399990971953002
19	28	0.9623485275834156
20	1	0.1025237683649678
20	2	0.2830397326385281
20	3	0.06859103243436238
20	4	0.12818810690659888
20	5	0.07682719682375705
20	6	0.20720594850881469
20	7	0.08541760922101815
20	8	0.10845806980262296
20	9	0.08410691636765932
20	10	0.14248456035294055
20	11	0.08895102970942048
20	12	0.14110578485747283
20	13	0.28048416916786323
20	14	0.13466647863119618
20	15	0.6711845734659931
20	16	0.10411981232290657
20	17	0.11242096119048739
20	18	0.1698022053647179
20	19	0.11374847841457836
20	20	0.09854127419730929
20	21	-0.22361840405238098
20	22	-0.1071470698953334
20	23	-0.2232490277604171
20	24	-0.5655158759040333
20	25	-0.44417494437607985
20	26	-1.0390992395239351
20	27	-0.762285730076627
20	28	-0.31887692410550983
21	1	0.020145577710842133
21	2	0.21453367949002455
21	3	-0.057480241949747324
21	4	0.11139347841071157
21	5	0.08930089628783833
21	6	0.137324653640988
21	7	0.06665009258652788
21	8	0.02860825097954489
21	9	0.0752418278150202
21	10	0.16568584930434582
21	11	0.12256018095872179
21	12	0.06589779571663001
21	13	0.22234979205460803
21	14	0.1043609203011755
21	15	0.6971053719434437
21	16	0.035103167187891415
21	17	0.1407988232755244
21	18	0.1661645647272323
21	19	0.12313437800971627
21	20	0.1243724220922644
21	21	-0.1052028150472708
21	22	-0.09265154958565347
21	23	-0.10881097360273628
21	24	-0.6655382508020296
21	25	-0.6768930508445052
21	26	-0.0236807986233174
21	27	-0.2372995728230265
21	28	-2.295936072806448
22	1	0.17720942957359398
22	2	0.39426192566129714
22	3	0.17464659014591888
22	4	0.2428098713564779
22	5	0.2582382711224085
22	6	0.33073389324903957
22	7	0.22695786198291756
22	8	0.2092368310359234
22	9	0.22581118018188562
22	10	0.24770195786429383
22	11	0.27109218155381853
22	12	0.24789371741816524
22	13	0.2735929153874679
22	14	0.2623628803621685
22	15	0.7887897965930861
22	16	0.24285989839903976
22	17	0.262859326332034
22	18	0.2355624426154037
22	19	0.3191037799594625
22	20	0.3115423191293871
22	21	0.11868017182569446
22	22	0.12195033573115666
22	23	-0.028070661283479126
22	24	0.19099017576741062
22	25	0.053647368092647696
22	26	-0.1393095677466576
22	27	-0.616645337677646
22	28	0.18009878558135028
23	1	0.3080010493437797
23	2	0.4622645159321337
23	3	0.2871159835511108
23	4	0.3380354842386808
23	5	0.3306717712241891
23	6	0.3431197637959684
23	7	0.22196357611318973
23	8	0.25180002003206425
23	9	0.2747708566430802
23	10	0.29142460891949185
23	11	0.3027041305662621
23	12	0.33162199661347813
23	13	0.41940316579642456
23	14	0.3233307732110191
23	15	0.9052137255969157
23	16	0.30506745458461637
23	17	0.3727610423920851
23	18	0.3750684431209663
23	19	0.3481301234517957
23	20	0.2787918642469833
23	21	0.09481857149219053
23	22	0.009317338153216781
23	23	0.1656944972552168
23	24	0.2812053041504754
23	25	1.0640462164286646
23	26	0.6841710246946064
23	27	-0.009031378752951014
23	28	1.512513001267628
24	1	0.40019097500584166
24	2	0.5886282980131696
24	3	0.452959426283968
24	4	0.4821725641532453
24	5	0.47086678626596523
24	6	0.5735067293606946
24	7	0.45583512173686813
24	8	0.4244283815044767
24	9	0.46751083495448853
24	10	0.5108128569112935
24	11	0.49813675575271077
24	12	0.4528908737361874
24	13	0.6486651168787319
24	14	0.45255825700068186
24	15	0.9765513949016125
24	16	0.37707803640230964
24	17	0.41381568344635866
24	18	0.4215860055654659
24	19	0.35521965844301207
24	20	0.3696655458564919
24	21	0.10562999961427977
24	22	0.2233096915281152
24	23	-0.10878115845664382
24	24	-0.03176041865130941
24	25	0.3082238874970926
24	26	0.43787655829144256
24	27	1.0444550855620633
24	28	1.4235925467221762
25	1	0.4409682919510516
25	2	0.6677734510278199
25	3	0.47517858934320145
25	4	0.5437866427487634
25	5	0.5530683609035094
25	6	0.6061164663201808
25	7	0.5105960717427678
25	8	0.5131506439163331
25	9	0.5144359524224953
25	10	0.599849937048397
25	11	0.5843450988124488
25	12	0.5242079945970701
25	13	0.6732736531568762
25	14	0.5599615437936478
25	15	1.0959818339650127
25	16	0.530480448396645
25	17	0.5995993967065516
25	18	0.6338367793942581
25	19	0.559999756558561
25	20	0.616000013466504
25	21	0.4515823368390173
25	22	0.41169200434121933
25	23	0.4848087594906758
25	24	0.7904585509037219
25	25	0.9936071317038682
25	26	0.854291345550223
25	27	0.1811117572262333
25	28	0.6114713346009637
26	1	0.3062946316132553
26	2	0.5056033805972575
26	3	0.5780228785415673
26	4	0.38150972984104925
26	5	0.5033552685688107
26	6	0.632820532602409
26	7	0.5374639631566183
26	8	0.36336261939099757
26	9	0.5172449123750837
26	10	0.628142109910975
26	11	0.6571860260342035
26	12	0.670191857109323
26	13	0.7941042323285714
26	14	0.6736963579162278
26	15	1.3189341622762782
26	16	0.6580002213777476
26	17	0.7361805514030593
26	18	0.745004082971704
26	19	0.7717342532923439
26	20	0.7663035259690218
26	21	0.6423790786937573
26	22	0.5428927333665285
26	23	0.7301938351295192
26	24	0.748910931856102
26	25	0.9457635506652622
26	26	1.250685722571582
26	27	1.6570456652722072
26	28	2.5929528160824447
27	1	0.5692619371115768
27	2	0.8534913278584426
27	3	0.5828645500217462
27	4	0.6817163515050026
27	5	0.64780450257431
27	6	0.6532823995541506
27	7	0.6194309784075358
27	8	0.5809564971824699
27	9	0.6028905978905854
27	10	0.6989032765330947
27	11	0.6288348899024285
27	12	0.6317990230589885
27	13	0.7388638298904979
27	14	0.6415349343820509
27	15	1.191819307644245
27	16	0.5919356025358056
27	17	0.6333059526485414
27	18	0.6741540447367171
27	19	0.6525939795242337
27	20	0.68996529653149
27	21	0.50113266034964
27	22	0.48358977592267394
27	23	0.4876865151627925
27	24	0.9218723294328868
27	25	0.5239101620068993
27	26	0.7377717913977833
27	27	0.8966289986055429
27	28	1.6554964918336665
28	1	0.4463078615250424
28	2	0.7206145433353299
28	3	0.5312123462552165
28	4	0.4986405797613358
28	5	0.5003389357204782
28	6	0.6317469078531843
28	7	0.5609576463089354
28	8	0.5287655296814577
28	9	0.5258082338953045
28	10	0.6285142011799607
28	11	0.6028370551965878
28	12	0.5323334200667276
28	13	0.6879922161741518
28	14	0.5361168805267553
28	15	1.1007573949878093
28	16	0.5499108266317094
28	17	0.6388736798274977
28	18	0.559306991895788
28	19	0.6253134287497062
28	20	0.5602028484734589
28	21	0.415667604898708
28	22	0.4101277172834443
28	23	0.37435876688734737
28	24	0.4148746940340189
28	25	0.8612595595972579
28	26	1.0438235847782025
28	27	1.2545237354476484
28	28	0.4381380012676246
29	1	0.2838372945709011
29	2	0.49512249541060527
29	3	0.3741986829231152
29	4	0.39132171104856184
29	5	0.38503670517705046
29	6	0.5101447288079797
29	7	0.3873303937234098
29	8	0.4124043247585476
29	9	0.26755596769690015
29	10	0.45724316120515596
29	11	0.5006418283490959
29	12	0.5267688747123032
29	13	0.6437674612213726
29	14	0.5171432947434624
29	15	1.0338598272172064
29	16	0.3871352081147421
29	17	0.5404451445241492
29	18	0.5503012017072564
29	19	0.5431521918037561
29	20	0.5419672031962364
29	21	0.3313003659984446
29	22	0.4285784763754634
29	23	0.37315847538798863
29	24	0.06926664040458519
29	25	-0.09390592994712677
29	26	0.8677710784869674
29	27	-0.33973463775809165
29	28	-1.3347652245388204
30	1	0.6194353392839886
30	2	0.9021338063109354
30	3	0.6589918636493195
30	4	0.7430920343173
30	5	0.7273930150295271
30	6	0.7842338662826904
30	7	0.6752231388921004
30	8	0.6840620519758076
30	9	0.7031313873485203
30	10	0.7198766368397642
30	11	0.6837974700850111
30	12	0.6786447732401584
30	13	0.7173020777535442
30	14	0.71942134621397
30	15	1.2297173277072702
30	16	0.7191664194121259
30	17	0.7358755091877143
30	18	0.7624547053615984
30	19	0.7643961773264323
30	20	0.783453397611666
30	21	0.582062042691085
30	22	0.6941306361433632
30	23	0.42803917930245916
30	24	1.1152601382053149
30	25	1.2779554694502622
30	26	1.2460112006476862
30	27	-0.08296283812914851
30	28	-0.2854983623687346
31	1	0.5621587576653653
31	2	0.7960972754976225
31	3	0.6049658987992643
31	4	0.6951523502179882
31	5	0.6297751896852972
31	6	0.7131450809105431
31	7	0.6342804752510247
31	8	0.6519394738127815
31	9	0.6369911478308623
31	10	0.6827209049480345
31	11	0.6597506310643624
31	12	0.6783146503126574
31	13	0.7571745849766103
31	14	0.7129920357123325
31	15	1.2581237238088647
31	16	0.7534882314869975
31	17	0.8053166925715374
31	18	0.7808591426270297
31	19	0.7622502806698961
31	20	0.7630584250706889
31	21	0.5331233336237986
31	22	0.4747422339888132
31	23	0.3966716552587286
31	24	0.8551123131719933
31	25	0.37576201385874697
31	26	-0.4336271802851286
31	27	0.0821960089148206
31	28	-0.6834004602708319
32	1	0.6244602583340537
32	2	0.9545513950305846
32	3	0.7268071272150891
32	4	0.8035994739544421
32	5	0.8106933937325991
32	6	0.8921422865566484
32	7	0.7874099559339882
32	8	0.7933561110958252
32	9	0.8061057997273195
32	10	0.8577656454327638
32	11	0.9023036568358833
32	12	0.8741832040282844
32	13	0.9713588885322793
32	14	0.8340854365020292
32	15	1.3912258185703124
32	16	0.8230329074492531
32	17	0.9346385952593721
32	18	0.898463617152089
32	19	0.8128140324241855
32	20	0.8626749522903623
32	21	0.6297360997610468
32	22	0.6851994731831965
32	23	0.684831457025993
32	24	1.054443302107579
32	25	1.4385768286735612
32	26	1.6134994210173872
32	27	2.0345600330883045
32	28	2.689902707149983
33	1	0.5179653451527031
33	2	0.786185465204305
33	3	0.542280970674831
33	4	0.5538664850552308
33	5	0.6422597833310277
33	6	0.7158493629433096
33	7	0.6785531241479887
33	8	0.6452299287204113
33	9	0.6169257979146892
33	10	0.683143282859163
33	11	0.7034883371049006
33	12	0.6616567242880578
33	13	0.8096681060080968
33	14	0.723697506679919
33	15	1.2159747656311453
33	16	0.7138718548955296
33	17	0.6864746953685454
33	18	0.7283073155598601
33	19	0.73444894835756
33	20	0.7605250117874292
33	21	0.4915134310067444
33	22	0.520998042218686
33	23	0.6300095392177738
33	24	0.11627267580321643
33	25	0.23189914272315093
33	26	0.12735284287642656
33	27	1.0204385224150698
33	28	0.9981380012676269
34	1	0.718833399251217
34	2	0.9801276157376577
34	3	0.7516618454744588
34	4	0.8249366899598485
34	5	0.8463402250740018
34	6	0.9063728521756431
34	7	0.8908051105646138
34	8	0.8828423629436344
34	9	0.8613050046908484
34	10	0.9232660792847653
34	11	1.0261046633828812
34	12	0.955971662329901
34	13	1.0950802310699927
34	14	0.9349177314119856
34	15	1.4806007218596946
34	16	0.9658898747943141
34	17	0.9634390421537731
34	18	1.0665465932693508
34	19	1.0345223975931717
34	20	1.1006658585426194
34	21	0.8854643713158765
34	22	0.8716679348095155
34	23	0.9394901118149122
34	24	1.5664413858981874
34	25	2.265973654070386
34	26	2.153018987077054
34	27	2.576240649090977
34	28	3.6046686135125228
35	1	0.6863486508767878
35	2	0.9176815001990377
35	3	0.6949185303940766
35	4	0.7606947183263699
35	5	0.7215656926004783
35	6	0.8261262555468747
35	7	0.711975051248892
35	8	0.7014494687061514
35	9	0.6977915320930919
35	10	0.7975841114462625
35	11	0.6925815039217085
35	12	0.7180841008362719
35	13	0.8673822613891247
35	14	0.7582351001813521
35	15	1.2497850145520388
35	16	0.7133163565627569
35	17	0.7442304113910225
35	18	0.8029360652333679
35	19	0.7906026505407127
35	20	0.729470503336529
35	21	0.5523239238207296
35	22	0.5292049688232368
35	23	0.7959223380925948
35	24	0.9314334543786273
35	25	0.6988412914834825
35	26	0.2693982974218798
35	27	0.4654363380550848
35	28	1.1174237155533433
36	1	0.7388662291995516
36	2	1.0691225690664083
36	3	0.895020794916114
36	4	0.9387769680754374
36	5	0.9055772398791504
36	6	0.9597356593059203
36	7	0.8011336476182223
36	8	0.8379873995916753
36	9	0.8855462222271555
36	10	0.9096318085293262
36	11	0.9283778714525752
36	12	0.8737525524038787
36	13	0.9975808278238816
36	14	0.8157654952535651
36	15	1.384714533855636
36	16	0.8173813069923241
36	17	0.899360119048481
36	18	0.8344242999714098
36	19	0.8271477337959894
36	20	0.7635084838440207
36	21	0.5205738657470462
36	22	0.49208505044855144
36	23	0.3154055506137823
36	24	-0.004779544334368779
36	25	-0.18730335565823708
36	26	0.31513000473895403
36	27	-0.3533710013944571
36	28	-1.5902830513639543
37	1	0.4938848598233889
37	2	0.8181220037865415
37	3	0.6042137639478327
37	4	0.6375230186924057
37	5	0.6374119140319081
37	6	0.6823806831424974
37	7	0.6153307420501619
37	8	0.5824202542715042
37	9	0.5383859599436107
37	10	0.6779191580901838
37	11	0.6478637320598608
37	12	0.6398849333241898
37	13	0.776844271341659
37	14	0.6549801107532573
37	15	1.1307289778528968
37	16	0.6190136139708358
37	17	0.6365923905953252
37	18	0.6818454949843442
37	19	0.6905786322775711
37	20	0.634715195433408
37	21	0.47040228251930216
37	22	0.5506433968640394
37	23	0.3589037191119502
37	24	-0.08752876551817224
37	25	-0.04019240209566988
37	26	-1.3471747362859858
37	27	-1.5890852871087446
37	28	-0.5177803660793074
38	1	0.020730567971902758
38	2	0.7274930423533021
38	3	0.42864068902980534
38	4	0.49609073077728283
38	5	0.48897878592808297
38	6	0.6827874386739481
38	7	0.6607272957385959
38	8	0.54192610907171
38	9	0.5155364051934015
38	10	0.6860031104232078
38	11	0.7586892355061465
38	12	0.7959594788078377
38	13	0.8525124128109809
38	14	0.6890374124387506
38	15	1.3811127435365975
38	16	0.798819017856168
38	17	0.8673451802132703
38	18	0.8623380066337205
38	19	0.9730583341111512
38	20	0.829094766681834
38	21	0.7830967740616899
38	22	0.7579545849843612
38	23	1.0602465454547811
38	24	0.8005365476196502
38	25	0.961327816815853
38	26	0.9768158798394637
38	27	0.378771855748397
38	28	0.10864647584389786
39	1	0.5689977171052121
39	2	0.9100421055822991
39	3	0.7892455512270757
39	4	0.7550988763290292
39	5	0.7493074454542636
39	6	1.0091427875551275
39	7	0.8448628225601311
39	8	0.7955002072983604
39	9	0.8388275842562862
39	10	0.9445412005504394
39	11	0.9218683782065611
39	12	0.9648874425133087
39	13	1.043852637554508
39	14	0.8958475058016759
39	15	1.461612653813539
39	16	0.8545627229486428
39	17	0.9408137533675642
39	18	0.9573387213177256
39	19	1.0053157610539571
39	20	0.8713179429225022
39	21	0.7366091001603436
39	22	0.7594271640602628
39	23	0.5458592911667424
39	24	0.6023692296881578
39	25	1.1453279598952832
39	26	0.8726591669870984
39	27	-0.2666363075169045
39	28	0.032236361923366985
40	1	1.0184433246622007
40	2	1.3619552048797203
40	3	1.1339942453019702
40	4	1.2007661348580285
40	5	1.1706933308626475
40	6	1.2273423334995428
40	7	1.1702819111510294
40	8	1.1176460910577788
40	9	1.1715439526361138
40	10	1.212904023939899
40	11	1.1771446395211456
40	12	1.2011513041647532
40	13	1.271420466155888
40	14	1.153061159270699
40	15	1.7429146626119731
40	16	1.1533108310503835
40	17	1.2212535129713373
40	18	1.216355765875214
40	19	1.1871678961736194
40	20	1.172065369538693
40	21	0.8807342428517089
40	22	1.0194699707544572
40	23	0.885334840422594
40	24	0.45316070723795576
40	25	0.6208798589765934
40	26	-4.252153426716053
40	27	-4.173546439990947
40	28	-21.721861998732372
41	1	0.8552852811792562
41	2	1.1505864655104219
41	3	0.913042091718637
41	4	1.0080773035338808
41	5	0.9566254446266456
41	6	1.1155719052669397
41	7	0.9745493626021542
41	8	0.9750748807181395
41	9	1.0110522575031666
41	10	1.047100084696737
41	11	1.0562655202765967
41	12	1.0300352695574801
41	13	1.1454702946144337
41	14	0.9267808457436502
41	15	1.5578192457026674
41	16	0.9509289596309856
41	17	0.9916949839810911
41	18	1.0471708686628034
41	19	1.0238107266789243
41	20	1.0736290441198761
41	21	0.7049370650368161
41	22	0.6329594253451987
41	23	0.6432181723113004
41	24	1.0590645416871354
41	25	1.9215185327094346
41	26	0.9036007514096127
41	27	2.0545237354476455
41	28	0.465638001267628
42	1	0.6669583034217652
42	2	0.9199144414830158
42	3	0.724657009563451
42	4	0.7931856223054581
42	5	0.7482120163793837
42	6	0.8781439814665575
42	7	0.749072572671281
42	8	0.7924608380177887
42	9	0.8226662899476267
42	10	0.771438028432641
42	11	0.7672909533277519
42	12	0.8185840327232938
42	13	0.921872398001014
42	14	0.8838112602047161
42	15	1.3568846097191525
42	16	0.8153195669794684
42	17	0.8823249101733808
42	18	0.951396777035626
42	19	0.9307734419384843
42	20	0.8722154127377948
42	21	0.7946956960740081
42	22	0.7752932990335424
42	23	0.9129367985858821
42	24	1.0790619190802602
42	25	0.679056091346375
42	26	0.47181765226059014
42	27	0.46045878583958455
42	28	-1.0914272161236767
43	1	0.6377262453328427
43	2	0.8614192460484702
43	3	0.7237458494319498
43	4	0.7738443135318107
43	5	0.7463511832393905
43	6	0.7940792614546126
43	7	0.7120145560291604
43	8	0.6354379738080311
43	9	0.686767570670753
43	10	0.7717757165102412
43	11	-2.650543541935221
43	12	-2.5680106172292128
43	13	-2.448099332202503
43	14	-2.4411839667760233
43	15	-22.87646931984756
43	16	-3.7903300516814156
43	17	-3.5007918887737475
43	18	-3.44663852099967
43	19	-4.049771164579507
43	20	-3.2665076828056705
43	21	0.577415215271067
43	22	0.597600184038221
43	23	0.6550088254418966
43	24	1.0215428109550473
43	25	0.6861520499125007
43	26	1.424160202183785
43	27	0.5227972229046074
43	28	2.3597706543288552
44	1	1.021531999345335
44	2	1.331468827806539
44	3	1.1450823032176416
44	4	1.1352332319014025
44	5	1.1383579363468925
44	6	1.2646193505218761
44	7	1.1592781296711294
44	8	1.0429389233280162
44	9	1.1513182127230266
44	10	1.1887597698921724
44	11	0.7090538900504271
44	12	0.7201029204205014
44	13	0.7886640295903433
44	14	0.7514441854674416
44	15	-0.8392523679928416
44	16	0.5138727848124773
44	17	0.6058334950881061
44	18	0.5999301103689589
44	19	0.5195741386941393
44	20	0.5135625644087298
44	21	0.9315574354071856
44	22	0.917286808910255
44	23	1.1016634981620541
44	24	1.2032832262284003
44	25	1.3723950104917435
44	26	1.592979857705565
44	27	2.0579193211861906
44	28	3.0559157790454066
45	1	0.8133081900321883
45	2	1.1674534770328862
45	3	1.0678480819816656
45	4	1.0294362441356952
45	5	1.0779059933914539
45	6	1.2335631427934715
45	7	1.1421255769897485
45	8	0.9493824042494055
45	9	1.0955299055870995
45	10	1.1735767721788761
45	11	1.1834723529135047
45	12	1.2417344921870068
45	13	1.3044508422452523
45	14	1.1467063460631834
45	15	1.8481845487366826
45	16	1.1824107994650817
45	17	1.246677438183326
45	18	1.2599776351214373
45	19	1.3607039589756766
45	20	1.3405358310750373
45	21	1.1579508025191174
45	22	1.0733048685193225
45	23	1.21626829547224
45	24	0.8697123255843309
45	25	0.3837098758838664
45	26	1.1315777846013688
45	27	0.7902460198821402
45	28	0.2559157790454023
46	1	0.7747304531458568
46	2	1.0003685713653496
46	3	0.8484143348502045
46	4	0.8825714994174874
46	5	0.9430982148064757
46	6	0.9597012394739011
46	7	0.8945289235090499
46	8	0.8666881009386387
46	9	0.8600499232898571
46	10	0.8983172468890643
46	11	0.8872887316067306
46	12	0.8951431457375421
46	13	0.9766326917581623
46	14	0.891680570030374
46	15	1.460464773042446
46	16	0.8332768453206896
46	17	0.9014950246417754
46	18	0.9485109211247149
46	19	0.9969882454850634
46	20	0.9486423845316097
46	21	0.774694690309147
46	22	0.6565609681041948
46	23	0.5971643011225325
46	24	0.12052877138091844
46	25	-1.0168920509944854
46	26	-0.9444905914670088
46	27	-0.6785922403325131
46	28	0.278138001267628
47	1	0.9512789548615075
47	2	1.2234152122175033
47	3	1.0841982613888206
47	4	1.1481549516584977
47	5	1.0408993630808965
47	6	1.2185246890677632
47	7	1.1162330621627845
47	8	1.1086611780503333
47	9	1.0825605868922992
47	10	1.1473926474496352
47	11	1.0829023356924878
47	12	1.087471969863202
47	13	1.2369169560945679
47	14	1.128250786977965
47	15	1.6949396438865634
47	16	1.1514440340384837
47	17	1.1879977772533437
47	18	1.1609472224468576
47	19	1.1605449487428103
47	20	1.128855843061288
47	21	0.8666351939853172
47	22	0.9031622914715456
47	23	0.7014169466251801
47	24	0.16828065051601016
47	25	0.25218820308114687
47	26	-0.19651079348721368
47	27	-0.7965528195762772
47	28	-1.5218619987323692
48	1	0.947087905358174
48	2	1.2684190055416167
48	3	1.0258994406883133
48	4	0.985739976690553
48	5	0.9892817461771344
48	6	1.1106046483822496
48	7	1.028268977882398
48	8	1.060978444419142
48	9	1.0253512618101865
48	10	1.1516416075179308
48	11	1.078286365901164
48	12	1.119994276053724
48	13	1.2737438262082108
48	14	1.1484005070344097
48	15	1.6617496058149257
48	16	1.10092696068061
48	17	1.2161379412167292
48	18	1.1647845834466892
48	19	1.2762488713452171
48	20	1.287389063049737
48	21	1.116807435407189
48	22	1.0974443717986162
48	23	1.3835733518187396
48	24	1.152139415910277
48	25	1.4235865374114312
48	26	1.502506405529985
48	27	1.237288339264886
48	28	1.7095105502872343
49	1	0.9521322953791653
49	2	1.2779097116197207
49	3	1.0626620016982287
49	4	1.154371979270607
49	5	1.066639300731822
49	6	1.1379441828926247
49	7	1.095303990960936
49	8	1.0650471646577984
49	9	1.090419288750816
49	10	1.1276568775955127
49	11	1.114142729543829
49	12	1.0872859703514663
49	13	1.2690714497647022
49	14	1.1683744171884456
49	15	1.6042385070363565
49	16	1.0997051833398999
49	17	1.1245537806828878
49	18	1.0961986710541538
49	19	1.107876820198996
49	20	1.0611057926099932
49	21	0.8795514918707781
49	22	0.8656691669627179
49	23	0.8185818329346546
49	24	1.0732588562990415
49	25	1.29610446686452
49	26	0.7617452361973918
49	27	0.906152808129356
49	28	-0.1641696910400654
50	1	0.9480463617966635
50	2	1.2417006675851496
50	3	1.11927789459088
50	4	1.1410470570186817
50	5	1.1534793618968138
50	6	1.298828231092088
50	7	1.2041955677947982
50	8	1.126894449789738
50	9	1.191445360760646
50	10	1.2438116106270414
50	11	1.1141888637190362
50	12	1.1853307659741716
50	13	1.3073125884685837
50	14	1.140522438441586
50	15	1.8154460525370126
50	16	1.2007658973200037
50	17	1.2700877155518455
50	18	1.292999830470741
50	19	1.3206745880134036
50	20	1.2157644499397549
50	21	0.9240480486737681
50	22	1.13542652361118
50	23	1.4826935423698586
50	24	1.1881317110768848
50	25	1.419276380243069
50	26	1.2524229887799052
50	27	1.6344930762754473
50	28	1.8336935568231851
51	1	1.0167534102956566
51	2	1.2987434573960144
51	3	1.179791076333288
51	4	1.165751230541467
51	5	1.1077060962391272
51	6	1.2112889055067342
51	7	1.094509579327088
51	8	1.0291091412470195
51	9	1.079739430522359
51	10	1.1409006259074204
51	11	1.137186659833489
51	12	1.2280094135540907
51	13	1.2987913143745757
51	14	1.2069761022702181
51	15	1.7166056995428178
51	16	1.1768816474125217
51	17	1.2003654735905727
51	18	1.1780719254665044
51	19	1.1886332990563773
51	20	1.1332210919694532
51	21	0.8918888438932484
51	22	0.8927449185752749
51	23	0.8353343596487406
51	24	0.8270559676481994
51	25	0.7338460594427971
51	26	1.1699085015035138
51	27	1.6362123319388786
51	28	2.7291183934244927
52	1	0.8810704801113403
52	2	1.1764399277107316
52	3	0.976401827797801
52	4	0.9579810456293458
52	5	1.0114028374393342
52	6	1.1366821535569542
52	7	1.0369997358364031
52	8	1.0393331867192472
52	9	1.0309956884063567
52	10	1.0817342199705067
52	11	1.0913453166102016
52	12	1.1011693765096737
52	13	1.2669999464371031
52	14	1.1167280179308676
52	15	1.6295819813320662
52	16	1.0371162792385036
52	17	1.0901774517443243
52	18	1.1799345633768823
52	19	1.2227550546521968
52	20	1.1979589268002329
52	21	0.9635431058268367
52	22	0.872548594975548
52	23	0.7503529414435306
52	24	1.264565693760865
52	25	1.125576828673566
52	26	0.271021674045258
52	27	-0.1971210013944571
52	28	-0.961861998732374
53	1	1.0770855231906538
53	2	1.4449787294069125
53	3	1.2774324960054173
53	4	1.3382554964047202
53	5	1.28867770466411
53	6	1.379383638093529
53	7	1.2521110067576942
53	8	1.2173311076105406
53	9	1.2964515091949451
53	10	1.371780116245759
53	11	1.3880675154527324
53	12	1.4569137236077623
53	13	1.538239328148812
53	14	1.414941343804486
53	15	1.9319061920288974
53	16	1.3740985210053722
53	17	1.438491399136538
53	18	1.464876378383586
53	19	1.4404871208656473
53	20	1.5012482976489352
53	21	1.349524219503813
53	22	1.269137620330767
53	23	1.4762317614399976
53	24	1.332796733316279
53	25	1.2644684542893287
53	26	0.9520906051141864
53	27	2.101174453150996
53	28	2.0228188523314543
54	1	1.3342483928883269
54	2	1.664590682462567
54	3	1.5449338164520654
54	4	1.578052684565634
54	5	1.5504126291082656
54	6	1.603248766248086
54	7	1.5222507220672057
54	8	1.4989170462234682
54	9	1.5174932703749064
54	10	1.4804205931406784
54	11	1.4804272905932692
54	12	1.5335879513382409
54	13	1.6591943452981823
54	14	1.5691313347092901
54	15	2.0508444871733786
54	16	1.3967104411868405
54	17	1.5269065344138326
54	18	1.5019790186659066
54	19	1.485303469093168
54	20	1.5106889126750502
54	21	1.283095896945646
54	22	1.2311679035585925
54	23	1.4392487930701634
54	24	1.6227724230004483
54	25	1.6191482572449942
54	26	0.9227001842143352
54	27	0.8602653622419041
54	28	2.4262861494157733
55	1	1.2839139818131358
55	2	1.5604062441660673
55	3	1.4010067029114097
55	4	1.507646275890366
55	5	1.4405965563106946
55	6	1.5341895126676448
55	7	1.4097093623347519
55	8	1.3891745709726422
55	9	1.392354863877344
55	10	1.4493381181120668
55	11	1.4269934717205643
55	12	1.493969938605332
55	13	1.572324263189813
55	14	1.4357472919551597
55	15	2.002574896159743
55	16	1.4612440234007664
55	17	1.4784025956562346
55	18	1.508333949810499
55	19	1.4612504406442994
55	20	1.4749760588897445
55	21	1.2153343033703408
55	22	1.1912938533727058
55	23	1.260878548802438
55	24	0.9312455294119388
55	25	0.8438431603318577
55	26	0.47493521017355533
55	27	0.5945456652722072
55	28	0.3463198194494481
56	1	1.1345577816792698
56	2	1.468649928080346
56	3	1.2475595337215566
56	4	1.307050157980342
56	5	1.2504746595844978
56	6	1.4011607961628556
56	7	1.3324978782550971
56	8	1.2358562621959805
56	9	1.2912343908312636
56	10	1.3548199283680162
56	11	1.3716762771518347
56	12	1.3897327190608308
56	13	1.5071908417665796
56	14	1.3337842492657899
56	15	1.9334963012616129
56	16	1.4141698866855847
56	17	1.4323392542548277
56	18	1.4305265705459504
56	19	1.5078921900855988
56	20	1.507347681804312
56	21	1.1480764557302692
56	22	1.1269087290422348
56	23	1.2479130108519811
56	24	0.9600228191538136
56	25	1.43525767973739
56	26	1.8654127901755047
56	27	1.896628998605543
56	28	2.355061078190708
57	1	1.1593105280197875
57	2	1.4828470973605192
57	3	1.2218683324497164
57	4	1.3443982518372053
57	5	1.3001897934292117
57	6	1.4530718191511909
57	7	1.3289240261356312
57	8	1.271714349024755
57	9	1.298885857603942
57	10	1.3904792436362214
57	11	1.3015072561994643
57	12	1.3147455745450074
57	13	1.4315941280741242
57	14	1.330452509529401
57	15	1.8727573260202774
57	16	1.2844207186000602
57	17	1.3621669770078526
57	18	1.3780070471454522
57	19	1.4539806641376103
57	20	1.3738576700534324
57	21	1.2519104987509024
57	22	1.153712092128167
57	23	1.1755654549390044
57	24	0.9940059564130124
57	25	1.6340157427007114
57	26	1.601294849146015
57	27	2.2804673824439234
57	28	1.6781380012676266
58	1	0.4293103144169237
58	2	-1.6101631797479783
58	3	0.48616417279618673
58	4	0.5130822633065577
58	5	0.4979293223449517
58	6	1.0101327336300372
58	7	1.0025890597396696
58	8	0.8903067080004874
58	9	0.9482108444364528
58	10	1.0493686267680005
58	11	1.5930766695429313
58	12	1.611534299011737
58	13	1.7107880189571603
58	14	1.5705683178841596
58	15	2.12461384410242
58	16	1.5502211475670862
58	17	1.655125043204876
58	18	1.6564265187719442
58	19	1.6608663905163112
58	20	1.7630234252409593
58	21	1.5181496141781352
58	22	1.4138920818625635
58	23	1.143461016011024
58	24	0.6017909684861422
58	25	0.45914825724499053
58	26	-0.2505292388100031
58	27	0.37223875470310475
58	28	0.6739713346009637
59	1	-7.817771716234642
59	2	-26.71450879098338
59	3	-9.453479468911635
59	4	-9.273969330635342
59	5	-9.102510389166259
59	6	-6.390872889180663
59	7	-5.600498795456801
59	8	-5.911505960138065
59	9	-5.86752552831943
59	10	-6.4156150505180385
59	11	-3.128994167079881
59	12	-3.356209289613844
59	13	-2.737786331836027
59	14	-4.257816986750765
59	15	-3.546533607225136
59	16	-4.126116939623721
59	17	-4.381220505685281
59	18	-4.4844826356479075
59	19	-4.959472491232688
59	20	-4.629027353920797
59	21	-4.586060701713819
59	22	-4.796777070671084
59	23	-4.911448146447167
59	24	-7.3701992523635695
59	25	-9.479580239389264
59	26	-7.868759597314963
59	27	-10.840213106657615
59	28	-7.757576284446657
60	1	1.3818842266587978
60	2	1.6445447536871427
60	3	1.5566393593791545
60	4	1.5961110863841341
60	5	1.6169310181040117
60	6	1.6593623059111948
60	7	1.5406257293528611
60	8	1.5411220937259458
60	9	1.5435696240497947
60	10	1.6468597141991381
60	11	1.6128702584780967
60	12	1.6711026683633605
60	13	1.7473221065618105
60	14	1.5411826257275365
60	15	2.1520887606477572
60	16	1.5912493465898834
60	17	1.6772883027882557
60	18	1.7333892898326368
60	19	1.7274102040343564
60	20	1.6811046777078502
60	21	1.5344425742204706
60	22	1.5142915959881194
60	23	1.6990607337570225
60	24	1.6450661346779754
60	25	1.5016879397846736
60	26	1.7683820372592791
60	27	2.8234582668982284
60	28	3.798138001267631
61	1	0.5084281841998219
61	2	0.5640921998673818
61	3	0.3949444806038329
61	4	0.4758682019946292
61	5	0.4388556387688709
61	6	0.18199953704136362
61	7	0.40948952893965895
61	8	0.3901416342269002
61	9	0.4651348484759126
61	10	-0.32382335235365645
61	11	0.28676682654548813
61	12	-0.4231032598047122
61	13	0.5389603626848611
61	14	0.44492762764701155
61	15	0.7941291910073929
61	16	0.3708952623023407
61	17	0.5285327571035694
61	18	0.3846343936903338
61	19	0.4071126737997446
61	20	0.462481329486117
61	21	0.6069764298205911
61	22	0.587203983927985
61	23	1.100305835514071
61	24	1.5402962132413833
61	25	1.3466743896491735
61	26	1.6030313909470593
61	27	1.8536182459173673
61	28	1.635280858410482
62	1	0.5771943439418976
62	2	0.6485643194275141
62	3	0.4980976641323096
62	4	0.5325227781118826
62	5	0.48216534572926406
62	6	0.445962080053242
62	7	0.5128101097644588
62	8	0.5590963904547834
62	9	0.5404095512026501
62	10	0.38948220138031076
62	11	0.5569515275771124
62	12	0.5032548699813475
62	13	0.7102740958415055
62	14	0.6638347269421203
62	15	0.9681729384631836
62	16	0.5548981951318481
62	17	0.6328075076728368
62	18	0.5243061644104259
62	19	0.6314297141208911
62	20	0.7177574533628714
62	21	0.712790236728047
62	22	0.5539563473544149
62	23	0.6060026068087581
62	24	0.539685629794981
62	25	0.8327336914186603
62	26	1.541064964088548
62	27	1.9986698149320716
62	28	2.3358303089599346
63	1	0.4806062687734709
63	2	0.6195658571353135
63	3	0.4372464247020389
63	4	0.36118385702330613
63	5	0.4017456089722984
63	6	0.27591097920155505
63	7	0.39461931985448473
63	8	0.413787122690664
63	9	0.5108820748239111
63	10	0.2526431374127114
63	11	0.2995998896530452
63	12	0.299740437994771
63	13	0.5573446640096691
63	14	0.4739240956580062
63	15	0.7414677949390978
63	16	0.38816656975540553
63	17	0.44745252666107405
63	18	0.2760716019413465
63	19	0.4280046002351128
63	20	0.42802060232985184
63	21	0.47488805208743656
63	22	0.4824469087266863
63	23	0.45798304915155086
63	24	0.15808277450620523
63	25	0.3953387334354659
63	26	0.5995265025500842
63	27	0.2338383009311258
63	28	0.2559157790454023
64	1	0.35403740060016986
64	2	0.4447685907126129
64	3	0.2800004737992907
64	4	0.2856919287584532
64	5	0.3068551164687676
64	6	0.09928147750830618
64	7	0.20955017920939412
64	8	0.19855908625049778
64	9	0.2444468828256916
64	10	0.19693670413529674
64	11	0.28892131449765657
64	12	0.2755166109687224
64	13	0.46486345831978326
64	14	0.22207632667127086
64	15	0.7266964943493477
64	16	0.39889613117541955
64	17	0.3586555616965157
64	18	0.3085504887596642
64	19	0.32385865271602654
64	20	0.41126784360491087
64	21	0.3787525894761856
64	22	0.12531150231962584
64	23	0.10592647212511963
64	24	-0.0988507631302582
64	25	-0.5237088856121517
64	26	-0.41411234087599524
64	27	-0.4783710013944571
64	28	-0.4954469043927503
65	1	0.6434664875211737
65	2	0.7985478145903642
65	3	0.5570653087393183
65	4	0.6248743380407049
65	5	0.6307680511430434
65	6	0.46801160638904804
65	7	0.5664600929147383
65	8	0.5909584119869464
65	9	0.5884681389403923
65	10	0.5584523685176492
65	11	0.5996940304395935
65	12	0.5831910479931608
65	13	0.7892593981608584
65	14	0.691940740220879
65	15	1.0093964543580753
65	16	0.6600328746029831
65	17	0.6864131494695869
65	18	0.6626569119147661
65	19	0.6732749904619553
65	20	0.7278120841218154
65	21	0.6353892608462459
65	22	0.567338233689064
65	23	0.27489307335432045
65	24	0.7727651983949357
65	25	1.14254189417575
65	26	0.8729259047838411
65	27	1.1329926349691775
65	28	2.122965587474525
66	1	0.7035805758046294
66	2	0.8314793796152884
66	3	0.6816470750082928
66	4	0.6165536911805276
66	5	0.6139892756426306
66	6	0.3970882830729323
66	7	0.45254120236631223
66	8	0.5575169887026163
66	9	0.6151038542115472
66	10	0.29865355258847615
66	11	0.5695857605386294
66	12	0.5692106145536542
66	13	0.8037235371302245
66	14	0.7161672852413616
66	15	1.0363630376479236
66	16	0.7322249652017945
66	17	0.6664348634331034
66	18	0.5205281265997996
66	19	0.6806500280569097
66	20	0.7485639331187457
66	21	0.6245561144032195
66	22	0.5605173464438735
66	23	0.6893325155055905
66	24	0.8410751018719367
66	25	1.0203640627161192
66	26	0.9398528428764266
66	27	0.7299623319388786
66	28	2.3059157790454066
67	1	0.48888850668632955
67	2	0.5626162870144924
67	3	0.34784704547055867
67	4	0.4688236660734546
67	5	0.45537991218080975
67	6	0.3889500464756779
67	7	0.4626490150970781
67	8	0.4972328356971545
67	9	0.5393880072170134
67	10	0.3569326841790854
67	11	0.6327516149175949
67	12	0.6106804122201765
67	13	0.7498230792953393
67	14	0.6886818325755826
67	15	0.9955158954237291
67	16	0.6706222477302219
67	17	0.6864342726784116
67	18	0.6858290114678596
67	19	0.769251340638867
67	20	0.840444296922584
67	21	0.7817811784974751
67	22	0.7874320593778066
67	23	0.7715192668442299
67	24	1.030272651489966
67	25	1.2095341746451282
67	26	1.5254327801805019
67	27	1.4739485862344068
67	28	2.0172684360502373
68	1	0.5739333213219382
68	2	0.7782332543654746
68	3	0.5030556812162814
68	4	0.5336747063720679
68	5	0.5665361989023125
68	6	0.3383337933939572
68	7	0.47260339402843954
68	8	0.49886284422230176
68	9	0.44238544967225835
68	10	0.29341184364545825
68	11	0.4465278873537173
68	12	0.5173919626452772
68	13	0.657010471290917
68	14	0.5446751046200049
68	15	0.8996562608530994
68	16	0.61915688978916
68	17	0.5316402356746579
68	18	0.5680708281359088
68	19	0.5615031331977818
68	20	0.6834833695963596
68	21	0.49630939363172644
68	22	0.5886933710321856
68	23	0.9572609270052439
68	24	1.068413671004862
68	25	1.25092165625977
68	26	1.468261933785513
68	27	1.521628998605543
68	28	2.278138001267628
69	1	0.2700257538519182
69	2	0.4138889130110286
69	3	0.18844189536554268
69	4	0.2511313494545604
69	5	0.2040228978027585
69	6	-0.042989284869406674
69	7	0.1744954171023494
69	8	0.3400306029792475
69	9	0.3501084881101022
69	10	0.10967932175697825
69	11	0.34737791317807165
69	12	0.358674842029977
69	13	0.4748740813493484
69	14	0.2960643305737918
69	15	0.6464437730652222
69	16	0.3605772916534917
69	17	0.3556674663701713
69	18	0.27344192975807147
69	19	0.313056298270574
69	20	0.37264310824852487
69	21	0.3468138790416546
69	22	0.3159226298262041
69	23	0.8406652229080507
69	24	1.2168986430696194
69	25	1.171619482701999
69	26	1.6256482974218827
69	27	1.5134514285120844
69	28	3.262513001267628
70	1	0.4900475756346978
70	2	0.6580977248729099
70	3	0.45917438296248747
70	4	0.4943949958123355
70	5	0.3963781797523822
70	6	0.3086551105412241
70	7	0.393636156247112
70	8	0.45231809061570516
70	9	0.4210431796308072
70	10	0.21963611873274402
70	11	0.4524103665399579
70	12	0.4660638735321285
70	13	0.665140834113835
70	14	0.47848472453036806
70	15	0.9019287622783168
70	16	0.5479528671162726
70	17	0.5117472590305354
70	18	0.4438309397011295
70	19	0.49693462652600573
70	20	0.6530768983712818
70	21	0.6651807721523255
70	22	0.535576136538161
70	23	0.3776067721155414
70	24	0.5931371223322941
70	25	0.7318612323432916
70	26	0.6892700922936754
70	27	1.164670235718944
70	28	0.18554540867503277
71	1	0.3300396264581451
71	2	0.5193653621083953
71	3	0.26637736262156864
71	4	0.2189662851815939
71	5	0.24931072073231064
71	6	0.07126064547593103
71	7	0.15986497714062864
71	8	0.280522281883151
71	9	0.247375468032061
71	10	0.07137500110415829
71	11	0.27972091650758557
71	12	0.29885550894699264
71	13	0.4887357851045948
71	14	0.3556019941164337
71	15	0.7201131447106377
71	16	0.3865127840345508
71	17	0.3697762478824558
71	18	0.3530005915133074
71	19	0.3889012645589105
71	20	0.456674232597166
71	21	0.33354824704577624
71	22	0.24428147020010016
71	23	0.31405502822459397
71	24	0.2624306005931629
71	25	0.399272480847479
71	26	0.1044574690195148
71	27	0.41481081678735876
71	28	0.0638522869819127
72	1	0.24042278934799555
72	2	0.29492505426323135
72	3	0.19727987926649604
72	4	0.1984245072409152
72	5	0.1331063179423566
72	6	0.09215749487785985
72	7	0.1333452959836947
72	8	0.16852838056224329
72	9	0.2260543950019951
72	10	0.056810601837383956
72	11	0.21497905800594452
72	12	0.16726269456526666
72	13	0.42183831980252506
72	14	0.27923457230547655
72	15	0.6540534172584742
72	16	0.4020430406210025
72	17	0.3353093129560918
72	18	0.4357875121816477
72	19	0.4030539846353989
72	20	0.5436174061611325
72	21	0.31249771494974965
72	22	0.39799076888763807
72	23	0.2728545240202038
72	24	0.05947581412830516
72	25	0.4818389645958945
72	26	0.18606496408854412
72	27	0.322160913499161
72	28	1.0824858273545814
73	1	0.3909338193257028
73	2	0.4650179015002607
73	3	0.2711921975533329
73	4	0.26471943808309106
73	5	0.3476561587243836
73	6	0.13576179386663512
73	7	0.1836277413480829
73	8	0.32584504691827476
73	9	0.2491272811444034
73	10	0.18986926432359041
73	11	0.25194874273848455
73	12	0.28483686570336175
73	13	0.39285692997770383
73	14	0.3280698443497272
73	15	0.7107994116131877
73	16	0.35656435815748466
73	17	0.2943092615286531
73	18	0.29798363751731216
73	19	0.30285074572622506
73	20	0.3919994833643301
73	21	0.3452292122355374
73	22	0.1556477062801136
73	23	0.11361218822439412
73	24	-0.3553542569780461
73	25	0.10689482030536368
73	26	1.2287178240490988
73	27	0.812595385160165
73	28	0.7581380012676249
74	1	0.4720605644169993
74	2	0.5680811887572474
74	3	0.41845838039448324
74	4	0.3923657320178364
74	5	0.33334054223406184
74	6	0.1556514081640188
74	7	0.39002370009838927
74	8	0.33091652393366644
74	9	0.40990775085976594
74	10	0.24942360718809908
74	11	0.3576412661979873
74	12	0.4470647692876
74	13	0.5811232485984021
74	14	0.3466014499394774
74	15	0.7835430062641535
74	16	0.45054998940615576
74	17	0.41861300754310804
74	18	0.43220442543745463
74	19	0.5670271664342792
74	20	0.6506023261525868
74	21	0.5314048024893552
74	22	0.4632655822515872
74	23	0.4516473344933658
74	24	0.01475460562851083
74	25	-0.09901593150743082
74	26	-0.22739657437298888
74	27	1.0229447880792293
74	28	0.6743644163619678
75	1	0.274486409132372
75	2	0.42531912247377335
75	3	0.2795201102668372
75	4	0.18044982354488326
75	5	0.20688840307039413
75	6	0.1607156426080394
75	7	0.17648645466517365
75	8	0.20652141531238044
75	9	0.19639005388095399
75	10	0.14351333933280586
75	11	0.2028489033644547
75	12	0.31787258843240807
75	13	0.4676814944030383
75	14	0.3449786320357049
75	15	0.8067375435966682
75	16	0.42804646031775917
75	17	0.39681411137917166
75	18	0.39792572588329733
75	19	0.4391128476060757
75	20	0.41980874577205185
75	21	0.42692896405367264
75	22	0.29814933213205563
75	23	0.06837083929335819
75	24	0.20886080654282324
75	25	0.6952497258698287
75	26	0.6024519886970481
75	27	0.15799263496917604
75	28	1.3216162621371907
76	1	0.22775613343716827
76	2	0.04382520396063683
76	3	-0.0208173853836513
76	4	-0.09018205497606147
76	5	-0.02161042121828416
76	6	0.03132053375127697
76	7	0.13227221493925612
76	8	0.018427548658287662
76	9	0.06439254460111243
76	10	0.12383108623077277
76	11	0.24040124995408974
76	12	0.34448826386744
76	13	0.4073413274705189
76	14	0.40235632458583837
76	15	0.9540923404819281
76	16	0.37511780898491054
76	17	0.4555595439350739
76	18	0.4015658101661188
76	19	0.5233837588505992
76	20	0.5022002164303743
76	21	0.4649541551599796
76	22	0.37789892038704664
76	23	0.3552316815614134
76	24	-0.22365814515741533
76	25	-0.6406468000184162
76	26	-0.8363709333473537
76	27	-0.9605138585373112
76	28	-1.885498362368736
77	1	0.4916323913767684
77	2	0.6839169478668055
77	3	0.5375336527000485
77	4	0.4775495039975368
77	5	0.4798788395086149
77	6	0.3594589566622943
77	7	0.4683036685538866
77	8	0.4565499477833086
77	9	0.5143955859964322
77	10	0.39560804721663345
77	11	0.5203251765126993
77	12	0.5010025588582394
77	13	0.6588406409335619
77	14	0.5841019643148186
77	15	0.9584172203625485
77	16	0.5685886768637829
77	17	0.5118329509737833
77	18	0.5725590577373794
77	19	0.6794901805191031
77	20	0.6863770620584617
77	21	0.6984153981044585
77	22	0.6384628558860328
77	23	0.5024594310706902
77	24	0.7579237076981471
77	25	0.7653431838137479
77	26	0.2167667184745099
77	27	1.3322725629619754
77	28	0.35977065432885524
78	1	0.4823150267887897
78	2	0.5553369361356957
78	3	0.43606029746684527
78	4	0.36024085317909993
78	5	0.4318144925987042
78	6	0.19001965731441572
78	7	0.2749090716964915
78	8	0.3219401673085187
78	9	0.32944085839920945
78	10	0.29096736340430596
78	11	0.3148711610482664
78	12	0.41349990089223354
78	13	0.5340130471292568
78	14	0.32202041415338556
78	15	0.5471659026731857
78	16	0.39952496009885863
78	17	0.24415689257627804
78	18	0.27990959754844624
78	19	0.39617615492458924
78	20	0.465271713469086
78	21	0.3971710441556695
78	22	0.519583505290683
78	23	0.5178649609045181
78	24	0.9447261053831397
78	25	1.2092684174586097
78	26	1.6885159444807059
78	27	1.5176816301844909
78	28	2.866373295385273
79	1	0.6975356562130415
79	2	0.7424198592079208
79	3	0.5629494140832279
79	4	0.4862648790772681
79	5	0.4480906673099483
79	6	0.34212231700293927
79	7	0.476967128773353
79	8	0.46036912729778834
79	9	0.4930758043644019
79	10	0.4329201343868192
79	11	0.7068013001019864
79	12	0.685206518358008
79	13	0.8914731842338739
79	14	0.7114174302969118
79	15	1.0575586418151346
79	16	0.7934664675443344
79	17	0.7791377463581171
79	18	0.7207432358816774
79	19	0.6984000253302796
79	20	0.8208560306571968
79	21	0.6650195310131721
79	22	0.5310530278834307
79	23	0.8022057874140245
79	24	-0.12987051958910456
79	25	-0.531121284533981
79	26	-0.8440122986046106
79	27	-0.654391409557725
79	28	-1.8920747646898164
80	1	0.3942584021292177
80	2	0.5792365276931264
80	3	0.43883935164534904
80	4	0.3708556250397237
80	5	0.4494884148440619
80	6	0.3390735422342104
80	7	0.4029370403486041
80	8	0.4542136997729074
80	9	0.4088391810185499
80	10	0.38660480885850745
80	11	0.472991504442156
80	12	0.5413712782687057
80	13	0.7089787312977052
80	14	0.5887836278014618
80	15	0.9714527666014803
80	16	0.6402588624471335
80	17	0.6337011892300026
80	18	0.5444611069045209
80	19	0.6852727667056371
80	20	0.6741842750581952
80	21	0.6030163088457883
80	22	0.43046589778319344
80	23	0.7381412757447166
80	24	1.3308477964896
80	25	0.7715292096259461
80	26	0.8133172163407991
80	27	0.7127209526285299
80	28	1.0508652739949014
81	1	0.37486958565096984
81	2	0.5719722098911646
81	3	0.34026572099808305
81	4	0.3420040508435065
81	5	0.2994359980238954
81	6	0.16536639391160435
81	7	0.29427973744040514
81	8	0.209948575712815
81	9	0.2875743815318117
81	10	0.2388702489952692
81	11	0.36093942841629456
81	12	0.42854982744589165
81	13	0.5280016650855188
81	14	0.4152820992478894
81	15	0.7968355847293225
81	16	0.3944512811489247
81	17	0.34789940421558896
81	18	0.3777510071025816
81	19	0.3572003132902992
81	20	0.4863066801165914
81	21	0.4230668693694497
81	22	0.4124066336272776
81	23	0.19520313455983995
81	24	0.4278995190265107
81	25	0.7626107269786502
81	26	0.7776318303560146
81	27	0.7984147128912582
81	28	-1.4587041039955295
82	1	0.08288661406650988
82	2	0.2279688238529829
82	3	0.012416370470823779
82	4	-0.06610348886139406
82	5	-0.0062802689699452685
82	6	-0.27959240748270275
82	7	-0.1862529534355204
82	8	-0.07827466718857323
82	9	-0.09412180424893535
82	10	-0.2522505151803358
82	11	0.042284928146173684
82	12	0.05900298951081595
82	13	0.15329863642229924
82	14	0.08489796559971552
82	15	0.39270034266435516
82	16	0.10667848557638138
82	17	0.07378691350700706
82	18	0.009843455529619405
82	19	0.028591208885870856
82	20	0.03811585693524222
82	21	-0.01754020457430272
82	22	-0.20000277716788162
82	23	-0.018704643647595276
82	24	-0.04571091688339379
82	25	-0.6571597968408369
82	26	-1.213556248032667
82	27	-0.9903275231335869
82	28	-0.13565510218064958
83	1	0.28140025419998693
83	2	0.4086971925283365
83	3	0.27767013566048604
83	4	0.2476440607899164
83	5	0.20509927311606901
83	6	-0.008392526513816279
83	7	0.02058227889201447
83	8	0.16587937753895687
83	9	0.12974490442756093
83	10	0.07509798589654793
83	11	0.17417738612250133
83	12	0.201330444751747
83	13	0.32976152748751275
83	14	0.17770636035135112
83	15	0.5729202267707478
83	16	0.2472636258297598
83	17	0.18340352775695123
83	18	0.11720789911525742
83	19	0.15287165404740222
83	20	0.1975265975821756
83	21	0.09063257991585516
83	22	0.11940972022677698
83	23	0.11500244701919371
83	24	-0.2791075013236153
83	25	-0.6875744318306403
83	26	-1.0998545761413396
83	27	-1.3267752567136029
83	28	0.2592700767393268
84	1	0.43842568245792535
84	2	0.5696732392285497
84	3	0.4292379548913985
84	4	0.3566021408843483
84	5	0.3755984095963143
84	6	0.23121871990645104
84	7	0.27411660392127146
84	8	0.27714306013605494
84	9	0.24414457733018935
84	10	0.28539112228340713
84	11	0.36408660384859104
84	12	0.3910368392399448
84	13	0.5440850335572947
84	14	0.49430386896070644
84	15	0.7515684666982452
84	16	0.5212208655308359
84	17	0.40586803753861034
84	18	0.40925803722247167
84	19	0.46266303528912545
84	20	0.529413436332419
84	21	0.47549540533199774
84	22	0.42449732860598033
84	23	0.3642311260655191
84	24	0.6299591144427481
84	25	0.8313931552041751
84	26	1.0145100292654519
84	27	0.9639366909132363
84	28	1.01813800126763
85	1	0.05053262942530523
85	2	0.18631923116753768
85	3	0.023886026858335185
85	4	-0.03782546547588339
85	5	-0.05971480313895938
85	6	-0.17223538225280066
85	7	-0.10052641655963157
85	8	-0.04951036901677952
85	9	-0.05287354001735167
85	10	-0.052127231467409274
85	11	0.06667553237240043
85	12	0.08906349631168098
85	13	0.22292643545515034
85	14	0.08614839170265753
85	15	0.5203327373559503
85	16	0.2417173740293066
85	17	0.22561800611723015
85	18	0.16963280350833543
85	19	0.17560541253566697
85	20	0.16113416826625127
85	21	-0.04757541875465421
85	22	-0.03109341242596031
85	23	0.1136168323454001
85	24	0.6616361183162311
85	25	0.5711078021248923
85	26	0.9241602021837849
85	27	0.8434375092438415
85	28	2.2364713346009637
86	1	0.14223419562209472
86	2	0.34084013162060245
86	3	0.15638510806431327
86	4	0.04449473399684223
86	5	0.021672217746463218
86	6	-0.035221239036012264
86	7	-0.04279867923487757
86	8	0.03278426589226768
86	9	0.05341869484724526
86	10	-0.1004188002851123
86	11	0.07012761262395628
86	12	0.14379542683698787
86	13	0.2630003292863776
86	14	0.03327039613440519
86	15	0.581677320345527
86	16	0.2318633509285135
86	17	0.14560923927221125
86	18	0.11319584245618586
86	19	0.196634672724592
86	20	0.058285330446182115
86	21	0.09913859681550719
86	22	0.15696640456500432
86	23	-0.0037369396554680634
86	24	0.6536506882237703
86	25	0.5792231168831705
86	26	0.34237517603459366
86	27	0.18866439683563385
86	28	-0.3764074532778281
87	1	0.1387037172457255
87	2	0.14648052334383976
87	3	0.11286527300041627
87	4	0.050968229241270535
87	5	-0.033283821320132745
87	6	-0.07811720682413181
87	7	-0.1119279805031752
87	8	-0.08620902476796033
87	9	-0.026193388131822815
87	10	-0.13713142644316179
87	11	0.08145054640722549
87	12	0.0869343405671259
87	13	0.2116056060080993
87	14	0.009576867145035806
87	15	0.4993047074916106
87	16	0.09211313396529874
87	17	0.08093835815924422
87	18	0.12480718165990368
87	19	0.1781001271234004
87	20	0.10762646731064507
87	21	0.2080467487314266
87	22	0.09486035012354677
87	23	-0.22672962211840542
87	24	0.047884976409548585
87	25	-1.0206907769602367
87	26	-1.579960676937091
87	27	-0.3011731991966542
87	28	-0.6055829289649282
88	1	0.04914177819379262
88	2	0.19251045211371576
88	3	0.04876175996175647
88	4	-0.037182228172113696
88	5	-0.0015897213902391627
88	6	-0.1810056360397354
88	7	-0.13662456439980275
88	8	-0.09248506530768452
88	9	-0.10113897454703391
88	10	-0.1733924247035219
88	11	0.04380056934280674
88	12	0.01054836502597567
88	13	0.2909717530900906
88	14	0.06230775920931819
88	15	0.4788955713408072
88	16	0.12161036871313513
88	17	-0.014472032957328906
88	18	0.052731650607697134
88	19	0.14702316145341143
88	20	0.05880312815903466
88	21	-0.08245703113892944
88	22	0.010306605995339169
88	23	-0.35143358709066774
88	24	-0.44646440605198734
88	25	0.056605536807538215
88	26	-0.3862468638684433
88	27	-1.0825376680611214
88	28	-2.698606184778882
89	1	0.22950449457504618
89	2	0.29826406702590447
89	3	0.19430871375040937
89	4	0.20715538622335572
89	5	0.19083252181523847
89	6	0.08801122335503919
89	7	0.08979119860289586
89	8	0.16373054001304155
89	9	0.139101505839605
89	10	0.11992317880594072
89	11	0.1318028645142988
89	12	0.19324770678746717
89	13	0.38828931412520973
89	14	0.15717889161809495
89	15	0.5838793332417183
89	16	0.2584547744718435
89	17	0.22391006251783807
89	18	0.1841209346598447
89	19	0.3127536555289794
89	20	0.3685353713662707
89	21	0.16560944696531266
89	22	0.23785145467709157
89	23	0.1693941546023865
89	24	0.6060033794211392
89	25	0.640358488062212
89	26	1.5429697259933093
89	27	1.3380704400469838
89	28	1.2272905436405068
90	1	0.010937486359075876
90	2	0.14724654103088142
90	3	-0.05198803713680178
90	4	-0.0016676172891152419
90	5	-0.10105121201269185
90	6	-0.13167953359944562
90	7	-0.032200091435200306
90	8	-0.07952257317706568
90	9	-0.10286208445882039
90	10	-0.16088247751726215
90	11	0.09596231076195494
90	12	0.06701508352514196
90	13	0.2740221298310246
90	14	0.16639951064968983
90	15	0.48089933827252196
90	16	0.06865640069506895
90	17	-0.04133888661949925
90	18	-0.07387295607055933
90	19	0.08911358316552054
90	20	0.06889820099706867
90	21	0.009779657629408689
90	22	-0.1725090978903978
90	23	-0.168590869223344
90	24	-0.5456510456066326
90	25	-0.4405707123100413
90	26	-0.14895430373418606
90	27	-0.40425595714666684
90	28	1.2953793805779696
91	1	0.09046582170626749
91	2	0.2437562466462495
91	3	0.022994980290626188
91	4	-0.009712246888689435
91	5	-0.027686498492158762
91	6	-0.19613576064291038
91	7	-0.08337865191419525
91	8	-0.051481189803759264
91	9	-0.0474826667356254
91	10	-0.06542659313100785
91	11	-0.023273984452266916
91	12	0.08334540508188581
91	13	0.2179676172759457
91	14	0.023380399995460266
91	15	0.427364859141548
91	16	0.15375501984660644
91	17	0.049349253232740864
91	18	0.10175739164836273
91	19	0.1421228757637536
91	20	0.15662040770747865
91	21	0.12203362588337541
91	22	-0.024847283434588974
91	23	0.1019501199064976
91	24	0.21029285246168428
91	25	0.21632790163493354
91	26	0.35713121667653525
91	27	1.488465733299421
91	28	2.790958514088139
92	1	-0.1020263210296406
92	2	-0.041634086886723765
92	3	-0.15458432556488333
92	4	-0.2209763088389778
92	5	-0.1877945525373903
92	6	-0.4145347321265547
92	7	-0.3703511682351319
92	8	-0.29182678586657573
92	9	-0.2937815750750232
92	10	-0.38994841041068184
92	11	-0.26590187756095673
92	12	-0.23936005595238896
92	13	-0.06483211141840428
92	14	-0.3075080609952465
92	15	0.11195454185309472
92	16	-0.1927168686085352
92	17	-0.23592253039385014
92	18	-0.3094245326203122
92	19	-0.29695328576993774
92	20	-0.21724997773698362
92	21	-0.36366403524522894
92	22	-0.26826959855768706
92	23	-0.152957673896978
92	24	-0.4645226521037955
92	25	-0.13282742664558356
92	26	0.05521701087216968
92	27	-0.26576416378762246
92	28	-1.6309529078232785
93	1	0.13400294872385388
93	2	0.2519678612891383
93	3	0.137509413594465
93	4	0.042281254915657485
93	5	0.025086845580055694
93	6	-0.09903731474245347
93	7	-0.09196612721036956
93	8	-0.01449605080096461
93	9	0.015411675856064733
93	10	-0.0820742022124179
93	11	0.04520476952459518
93	12	0.14550399750529408
93	13	0.24930289262130856
93	14	0.010847367664190699
93	15	0.48587399747414395
93	16	0.15600695034569867
93	17	0.08121794500054591
93	18	0.0843959105917591
93	19	0.15721902134054488
93	20	0.18211162570654693
93	21	-0.09603326630908526
93	22	-0.12414253149331245
93	23	0.06665933948408309
93	24	0.4161810154620653
93	25	0.8430864811832137
93	26	0.3011340487172163
93	27	0.42739822937477356
93	28	-1.146104422974794
94	1	-0.1442556934143866
94	2	0.01021474261294486
94	3	-0.18651492963675764
94	4	-0.15163245997273123
94	5	-0.1674921950639643
94	6	-0.32801448504785924
94	7	-0.2954142478109034
94	8	-0.26080798062938015
94	9	-0.26204588808023743
94	10	-0.3156021967533107
94	11	-0.1739081131334359
94	12	-0.11722884219840068
94	13	-0.0039321666338167915
94	14	-0.12630807125904653
94	15	0.25892518581439106
94	16	-0.0801523991437989
94	17	-0.06489750985834064
94	18	-0.1508835717235968
94	19	-0.06160441376951553
94	20	-0.11388830845024955
94	21	-0.3009808950868518
94	22	-0.3320477664376398
94	23	-0.290391502448891
94	24	-0.23210459037488818
94	25	0.2333783850938005
94	26	0.40544802117878476
94	27	0.5547486567252022
94	28	0.543763001267628
95	1	-0.12222098777511547
95	2	-0.234608590478544
95	3	-0.2617931889741456
95	4	-0.42772875226667395
95	5	-0.3375698359421193
95	6	-0.26082810953711544
95	7	-0.20440418335277144
95	8	-0.3562278042215894
95	9	-0.26674979539006216
95	10	-0.1489760727240821
95	11	-0.1316729294846013
95	12	0.035818667794181636
95	13	0.17685449872899284
95	14	-0.012081000343677317
95	15	0.6809649686716881
95	16	0.13077061956574454
95	17	0.2455320723572214
95	18	0.19298938898892715
95	19	0.26915034805688265
95	20	0.24598868900279314
95	21	0.3567977708541079
95	22	0.35361585004931584
95	23	0.551525067168086
95	24	0.3179557877094723
95	25	-0.5453539072571729
95	26	-0.94879696885031
95	27	-0.0043611004043597745
95	28	0.8892491123787423
96	1	-0.33259748805906497
96	2	-0.40030088973598765
96	3	-0.544569744911918
96	4	-0.6949439136705564
96	5	-0.5495445798038077
96	6	-0.690268000890697
96	7	-0.5087571302615856
96	8	-0.45545751259603406
96	9	-0.5463801438833187
96	10	-0.6328556610887262
96	11	-0.32799897868414973
96	12	-0.3526255116208361
96	13	-0.13121454123977117
96	14	-0.3636378834322329
96	15	0.08703028002146596
96	16	-0.19729654474098623
96	17	-0.12331827383795257
96	18	-0.20361696743670166
96	19	-0.1402587053162847
96	20	-0.25648976643211086
96	21	-0.3353756735536919
96	22	-0.3477542019783968
96	23	-0.05465798988959847
96	24	0.324629840778897
96	25	0.87592165625977
96	26	0.4125801156036957
96	27	0.401301895801808
96	28	-0.9764074532778295
97	1	-0.42978590429310515
97	2	-0.39634628734496147
97	3	-0.5146130229167198
97	4	-0.545111412852961
97	5	-0.5719349035014218
97	6	-0.7744161065057256
97	7	-0.6831273678716769
97	8	-0.6277446339735562
97	9	-0.7018875560412212
97	10	-0.6363846608956223
97	11	-0.49086560368748877
97	12	-0.5306043317959421
97	13	-0.297562746738663
97	14	-0.5683168090469763
97	15	-0.13950195084541406
97	16	-0.4549692085440711
97	17	-0.4222679616182745
97	18	-0.5120498538528651
97	19	-0.48342279679022937
97	20	-2.3660718513854633
97	21	-0.6514955502950883
97	22	-0.7084421604358013
97	23	-0.6261186659104325
97	24	-0.28042939142917334
97	25	0.09719161466578186
97	26	1.1187226217462012
97	27	1.09154425284283
97	28	1.9690470921767158
98	1	-0.5203150364147575
98	2	-0.4342209998183435
98	3	-0.6369320663464109
98	4	-0.6403290363977305
98	5	-0.6650691522682521
98	6	-0.8402968546999503
98	7	-0.8509408056642371
98	8	-0.71682781189579
98	9	-0.8322577011948411
98	10	-0.8727196825957719
98	11	-0.6826558000354765
98	12	-0.6807231132858007
98	13	-0.5429459755227128
98	14	-0.6610803277344672
98	15	-0.2828507960921769
98	16	-0.576788778852297
98	17	-0.5708049792512639
98	18	-0.7079286548884269
98	19	-0.6115155413420439
98	20	-0.6248752783959617
98	21	-0.6833623395459298
98	22	-0.7238654149735382
98	23	-0.8591191348514613
98	24	-0.5654480425028723
98	25	-0.41018362760019755
98	26	0.42501054231983915
98	27	0.5426466977205848
98	28	1.7357651199116972
99	1	-0.4882563304585048
99	2	-0.42775839536019333
99	3	-0.5575906999671858
99	4	-0.5653967081469204
99	5	-0.6221631693622669
99	6	-0.8245874910618554
99	7	-0.7714604790124184
99	8	-0.6890235745592577
99	9	-0.6761333603043553
99	10	-0.7305267752803744
99	11	-0.6053504871845092
99	12	-0.5505595970198343
99	13	-0.4130089835367201
99	14	-0.5958097359159922
99	15	-0.17396343005559345
99	16	-0.4627785376705589
99	17	-0.5142180719739287
99	18	-0.6372444119240299
99	19	-0.5409332201204222
99	20	-0.5207269214522938
99	21	-0.6801778954292672
99	22	-0.6447498564709733
99	23	-1.4565889645228722
99	24	-1.5401477613886314
99	25	-1.6882110501143117
99	26	-1.3225828346535948
99	27	-1.4594316074550662
99	28	-3.3751953320657044
100	1	-0.5249781011159556
100	2	-0.36571077818240383
100	3	-0.5738585498644397
100	4	-0.6007724231244751
100	5	-0.5780676732300236
100	6	-0.742392493614183
100	7	-0.6242370133509709
100	8	-0.5524033732529929
100	9	-0.6087515197525306
100	10	-0.6754952966348071
100	11	-0.5821277544977619
100	12	-0.523562044631781
100	13	-0.4286640142300371
100	14	-0.5557895791117602
100	15	-0.20059213910390383
100	16	-0.40781983294156277
100	17	-0.5183143534362173
100	18	-0.49152077053307863
100	19	-0.4333011948492427
100	20	-0.44098873666577276
100	21	-0.5664817802790907
100	22	-0.430071993273458
100	23	-0.6486758827771126
100	24	-0.3090635818930565
100	25	-0.4685140804173429
100	26	0.03460993763351894
100	27	-0.40771882748141053
100	28	0.24480466793429656
101	1	-0.5577863884909107
101	2	-0.5121780425736588
101	3	-0.6564406135786811
101	4	-0.7509719522446616
101	5	-0.7059329224805779
101	6	-0.8570082059338802
101	7	-0.8333860528788932
101	8	-0.8520512475802136
101	9	-0.7400693467117989
101	10	-0.7173031352535091
101	11	-0.6285398014147887
101	12	-0.5928048944431055
101	13	-0.41506411145484634
101	14	-0.6546857095804128
101	15	-0.2770009760481429
101	16	-0.5900626668687252
101	17	-0.5835526222084155
101	18	-0.6313156356022773
101	19	-0.560035166298789
101	20	-0.5441772630985042
101	21	-0.720740246577364
101	22	-0.7284318756894947
101	23	-0.4121938720266982
101	24	-0.4184700205248504
101	25	-0.22889882675714546
101	26	-0.10044706340286069
101	27	-0.0164144796553245
101	28	-0.16630644317681487
102	1	-0.5655754452975685
102	2	-0.4336159944691218
102	3	-0.5511056572321422
102	4	-0.5797036844153283
102	5	-0.5737997169163691
102	6	-0.7773741340878644
102	7	-0.6699129817401825
102	8	-0.6325371111113611
102	9	-0.6584058757617086
102	10	-0.6641437965569708
102	11	-0.6425926562152426
102	12	-0.6423929417188745
102	13	-0.48541322749017013
102	14	-0.5771745863433395
102	15	-0.11654549043020523
102	16	-0.457608847726938
102	17	-0.5240453132905358
102	18	-0.6064919206121075
102	19	-0.44592148017135
102	20	-0.5343838579454214
102	21	-0.5865815274950492
102	22	-0.6669390207183739
102	23	-0.7285183418231185
102	24	-0.9299232224952902
102	25	-0.39124135314461483
102	26	-0.5848763139770838
102	27	-0.9814197818822592
102	28	0.594804667934298
103	1	-0.4893310415679224
103	2	-0.30181396574694475
103	3	-0.566232289193799
103	4	-0.49785059370938
103	5	-0.5031378758104523
103	6	-0.6716463793998741
103	7	-0.6139371198727943
103	8	-0.5382416313330936
103	9	-0.6065726604412234
103	10	-0.6536039526064386
103	11	-0.5257647437812096
103	12	-0.511841860176169
103	13	-0.4065143587872626
103	14	-0.5587672466474203
103	15	-0.16028880962836922
103	16	-0.39148665542181504
103	17	-0.49613011024690223
103	18	-0.5474640112988425
103	19	-0.4736156605547919
103	20	-0.544958165741015
103	21	-0.6347701129670398
103	22	-0.6360073803817485
103	23	-0.6043339443388618
103	24	-0.17739859195341978
103	25	0.40862194145552166
103	26	-0.1749086332711869
103	27	0.5394861414626888
103	28	0.03870138154931624
104	1	-0.456125246397022
104	2	-0.3186521554266406
104	3	-0.5017171148815152
104	4	-0.5181978597202317
104	5	-0.5041266804262392
104	6	-0.6368213861519578
104	7	-0.6111335264727273
104	8	-0.5431072824906309
104	9	-0.5910020124809492
104	10	-0.5853659085699334
104	11	-0.45165675405544903
104	12	-0.4601384197437639
104	13	-0.26349363203187437
104	14	-0.4885286162185878
104	15	-0.07642966011210461
104	16	-0.3119423562697037
104	17	-0.4255764458536433
104	18	-0.3608877909702457
104	19	-0.30168378281804564
104	20	-0.4053739750932266
104	21	-0.43264009545701043
104	22	-0.37118608564189515
104	23	-0.6801753756240743
104	24	-0.7883321759133182
104	25	-1.466903486287066
104	26	-1.649079963447683
104	27	-0.776098274121729
104	28	-1.3700101468805173
105	1	-0.36382397553273194
105	2	-0.22855405437953635
105	3	-0.3548885519689833
105	4	-0.4329144206975286
105	5	-0.41806763404962766
105	6	-0.5030670232255972
105	7	-0.4990650674064767
105	8	-0.5199513748291622
105	9	-0.48522383488825227
105	10	-0.42233598580668996
105	11	-0.319316130459363
105	12	-0.3464120486617617
105	13	-0.18035828628076445
105	14	-0.35455945476439155
105	15	0.040008960857583986
105	16	-0.28211192723421163
105	17	-0.3684882024282743
105	18	-0.31462450919625695
105	19	-0.3411146678493395
105	20	-0.3128191612874289
105	21	-0.6008766054577208
105	22	-0.5977082514876102
105	23	-0.4933130012554514
105	24	-1.2535540541382915
105	25	-1.655577017480283
105	26	-1.5175188010237193
105	27	-1.5993059607440472
105	28	-1.3992813535710837
106	1	-0.740723248622075
106	2	-0.6162131328568279
106	3	-0.688944647163936
106	4	-0.7482852583755175
106	5	-0.7381823008929302
106	6	-0.9507619344236957
106	7	-0.8757599102296751
106	8	-0.8303488466672491
106	9	-0.8251238472811977
106	10	-0.8931315170796594
106	11	-0.6710413680621343
106	12	-0.6524102367269222
106	13	-0.5092789457566695
106	14	-0.6068996391202148
106	15	-0.24746043069127666
106	16	-0.510794182665748
106	17	-0.6271079268774287
106	18	-0.642858411195057
106	19	-0.5670549673543164
106	20	-0.5705875695005034
106	21	-0.721947006843557
106	22	-0.558335490307357
106	23	-0.5991660523139828
106	24	-0.4925246423735885
106	25	0.10362030693443103
106	26	-0.8331466127577585
106	27	-0.5721210013944571
106	28	0.5981380012676283
107	1	-0.6676512713090403
107	2	-0.5198956407516846
107	3	-0.6963946120253439
107	4	-0.7233437819131652
107	5	-0.716786911905217
107	6	-0.9141147611982987
107	7	-0.7882860559149378
107	8	-0.7781323454506506
107	9	-0.7718181486021578
107	10	-0.8386575864377974
107	11	-0.6369475090219865
107	12	-0.6041566024154932
107	13	-0.442819053058237
107	14	-0.5917901482221453
107	15	-0.26973727823726534
107	16	-0.6131055929671589
107	17	-0.7054216409460139
107	18	-0.708636390460228
107	19	-0.5936088592252418
107	20	-0.5497537313828218
107	21	-0.6643329755517158
107	22	-0.5823549805974224
107	23	-0.8320198725469297
107	24	-0.5917893482559364
107	25	-1.0126752038467615
107	26	-1.196244977431924
107	27	-1.249002069355619
107	28	-3.8673165441869166
108	1	-0.6555479432186431
108	2	-0.5949384575426606
108	3	-0.6210289713439465
108	4	-0.7239085182973639
108	5	-0.661397347539264
108	6	-0.8600074280579619
108	7	-0.7863672669225679
108	8	-0.7665839190681822
108	9	-0.8667218758520221
108	10	-0.7656413035520373
108	11	-0.600066702679193
108	12	-0.6549420232859688
108	13	-0.4444683000224714
108	14	-0.62188341022609
108	15	-0.2645733028567179
108	16	-0.5786773700038026
108	17	-0.7083674988191788
108	18	-0.7071357594849559
108	19	-0.712355010105064
108	20	-0.6429607036900933
108	21	-0.8261065149226567
108	22	-0.8637909392916043
108	23	-0.47655280797049215
108	24	-0.5773805544353792
108	25	-0.4888124843035371
108	26	0.4820271634012627
108	27	0.803408659622491
108	28	0.7981380012676311
109	1	-0.8268236503376087
109	2	-0.6369244933095572
109	3	-0.7766680780179485
109	4	-0.8075293980172518
109	5	-0.8573768445759455
109	6	-1.0383031649106087
109	7	-1.1141274381622637
109	8	-1.008481993200185
109	9	-1.0873699142025046
109	10	-1.0159323519597123
109	11	-0.9376994521190198
109	12	-0.8931284118129881
109	13	-0.8061879507461072
109	14	-0.9503625616285092
109	15	-0.5456985052887688
109	16	-0.9040048546573374
109	17	-0.9328276394237989
109	18	-0.9767003272535106
109	19	-0.9169427159560968
109	20	-0.9037372959104744
109	21	-1.1353649039983722
109	22	-0.9999340349633883
109	23	-0.8062055145456668
109	24	-0.9069419915917578
109	25	-1.4632693251725897
109	26	-1.7806017025781173
109	27	-1.1287947302080141
109	28	-1.6257081525785253
110	1	-1.4153475730744844
110	2	-1.2500301810735195
110	3	-1.4229048220603815
110	4	-1.4306482293959206
110	5	-1.4780828010839855
110	6	-1.7102211360525743
110	7	-1.6851113958023163
110	8	-1.6394163921629143
110	9	-1.611505153829313
110	10	-1.6578573772343574
110	11	-3.816850994940925
110	12	-3.752841295431381
110	13	-3.692078267371212
110	14	-3.76979838479906
110	15	-18.506050564827884
110	16	-4.721172949925673
110	17	-4.666601186985474
110	18	-4.683897978057566
110	19	-4.916560655490169
110	20	-4.448172700769707
110	21	-1.7320476162575673
110	22	-1.8085053949661827
110	23	-1.868835548184279
110	24	-1.9353810895882333
110	25	-1.3871258740291381
110	26	-0.8320167969177419
110	27	-0.9930768837473991
110	28	-2.046537323407698
111	1	-1.3522373228120301
111	2	-1.2683723648546916
111	3	-1.3851347415846007
111	4	-1.4835692724906977
111	5	-1.460700770571556
111	6	-1.5170971597145169
111	7	-1.5731070043278024
111	8	-1.5028562204332943
111	9	-1.6296969724004242
111	10	-1.5419284686011636
111	11	-4.327146243429933
111	12	-4.298338902484936
111	13	-4.158920490238447
111	14	-4.2119567476791815
111	15	-20.092928944524402
111	16	-5.1861392889711055
111	17	-5.114946215994642
111	18	-5.046653905225579
111	19	-5.446106549685339
111	20	-4.96008712972154
111	21	-1.608137221081364
111	22	-1.4943865731659258
111	23	-1.312321225453239
111	24	-1.726270772404547
111	25	-1.8278847097879733
111	26	-0.3751669199694234
111	27	-1.3088504534492529
111	28	-0.904960590281668
112	1	-1.4155887753405025
112	2	-1.387858793028876
112	3	-1.5401654746193785
112	4	-1.5805885055800175
112	5	-1.581974940408628
112	6	-1.8781896276138923
112	7	-1.8337222680012246
112	8	-1.683568163210289
112	9	-1.8009984451007668
112	10	-1.840840494649811
112	11	-5.199559598746514
112	12	-5.122184435771256
112	13	-22.120548600328718
112	14	-5.0275450307791125
112	15	-4.838542022647296
112	16	-5.25589997669492
112	17	-5.137264232756941
112	18	-5.104552726053278
112	19	-5.572167462491198
112	20	-5.025644787911503
112	21	-1.5419970669624803
112	22	-1.5861724135193
112	23	-1.3797186051702681
112	24	-1.6858477769965603
112	25	-1.5002628659829256
112	26	-0.28474608760485864
112	27	-1.049316947340401
112	28	-1.853009539715977
113	1	-0.9760756207754895
113	2	-0.9681259877117867
113	3	-1.064034371473916
113	4	-1.0771355813930228
113	5	-1.036706281672224
113	6	-1.1698480946368264
113	7	-1.127183136340733
113	8	-1.0525536915252403
113	9	-1.1125061791871715
113	10	-1.0693579041637946
113	11	-0.9157794150357645
113	12	-0.9669709050460327
113	13	-0.8369811472628115
113	14	-1.0830934382350677
113	15	-0.6122160124299825
113	16	-0.930640365852291
113	17	-1.053044573747215
113	18	-0.9922002995452388
113	19	-0.9243160772436454
113	20	-0.9776640918538675
113	21	-1.2499385541470005
113	22	-1.2098726283618646
113	23	-0.660360307660909
113	24	-0.7264085225588275
113	25	-0.7080245699278365
113	26	-0.7801300044649153
113	27	-0.9666803539124444
113	28	-1.3932905701609428
114	1	-1.0471713548280732
114	2	-0.8573220976511706
114	3	-1.047901264823203
114	4	-1.1089450116952193
114	5	-1.0326140652677083
114	6	-1.2557904295375266
114	7	-1.1471540110695884
114	8	-1.0595630014623225
114	9	-1.1931605082405952
114	10	-1.1249804024612757
114	11	-0.8809611391587922
114	12	-0.9890602209750057
114	13	-0.8019157669889623
114	14	-0.9672471873534434
114	15	-0.6547187689927512
114	16	-0.9500545613102176
114	17	-1.0200140268607925
114	18	-0.9953141654058655
114	19	-1.0562910989508225
114	20	-1.1455612721150459
114	21	-1.089018696280057
114	22	-1.1280503255513494
114	23	-0.9951806227498352
114	24	-0.919677002451067
114	25	-0.7838757260709599
114	26	-0.3477069657360161
114	27	-1.353371001394457
114	28	-3.0803525647701093
115	1	-1.1937336899784157
115	2	-1.041924607398748
115	3	-1.2122042660701098
115	4	-1.1724998178032209
115	5	-1.2398645696168629
115	6	-1.1779571946443284
115	7	-1.203288084031513
115	8	-1.1780797665941733
115	9	-1.1749949715063934
115	10	-1.176255089519323
115	11	-1.0435465228273486
115	12	-1.1107414482655145
115	13	-0.9194174214345239
115	14	-1.1269572172762352
115	15	-0.6861547375660493
115	16	-0.9104781194126943
115	17	-1.043194249460747
115	18	-0.9573145748036822
115	19	-1.0204218510663026
115	20	-0.9818069012295396
115	21	-1.2334758848593737
115	22	-1.1527505209187936
115	23	-0.8192823862480623
115	24	-0.42300093736919564
115	25	-1.4504488123520787
115	26	-1.4746493216257406
115	27	-1.103371001394457
115	28	-0.6896039342162439
116	1	-1.355492862703592
116	2	-1.318328163425683
116	3	-1.1850724284814262
116	4	-1.4881712923761512
116	5	-1.3633665764641378
116	6	-1.145002652372625
116	7	-1.143341796022085
116	8	-1.4277916936810584
116	9	-1.2861533504555496
116	10	-1.1831052122455787
116	11	-1.0827238788305706
116	12	-0.9830019546875235
116	13	-0.9378360687288989
116	14	-0.98474821013113
116	15	-0.4027163859163636
116	16	-0.877680707820879
116	17	-0.8768599411018201
116	18	-0.7602161894692046
116	19	-0.6132102916762676
116	20	-0.8195834514367561
116	21	-0.8281311459076903
116	22	-0.872319945592416
116	23	-0.9470732978152512
116	24	-1.2468815343841229
116	25	-1.1952752613585886
116	26	-0.7339202866489174
116	27	-0.25509513932549055
116	28	-0.9905187151502801
117	1	-1.4966562783020692
117	2	-1.3550602456354213
117	3	-1.5930309488863443
117	4	-1.6396312740596173
117	5	-1.5417920405077439
117	6	-1.7315286949040498
117	7	-1.6600601553356924
117	8	-1.594184454162253
117	9	-1.5650523158461027
117	10	-1.596730783656085
117	11	-1.35395021464155
117	12	-1.425003606827289
117	13	-1.2129273229166273
117	14	-1.5011458509260507
117	15	-1.0512826913772457
117	16	-1.3337440198235981
117	17	-1.483051429595804
117	18	-1.3908683452294923
117	19	-1.452302235371981
117	20	-1.4668725000939418
117	21	-1.5875731555753916
117	22	-1.624766354745013
117	23	-1.7549605604500016
117	24	-1.5313821084369366
117	25	-0.7663768137105436
117	26	-1.5601471571235734
117	27	-1.881996955592932
117	28	-2.0647191415895136
118	1	-1.5041047395382705
118	2	-1.3957357122858838
118	3	-1.5676751895163008
118	4	-1.6238258889087973
118	5	-1.611826028279431
118	6	-1.787997469653483
118	7	-1.800634377134692
118	8	-1.5795349242675485
118	9	-1.7024993291559838
118	10	-1.711326892944733
118	11	-1.3793067879476908
118	12	-1.5046992580811036
118	13	-1.3192772255984622
118	14	-1.4537499558829765
118	15	-1.1218946617726786
118	16	-1.429115090431587
118	17	-1.6333918066734796
118	18	-1.5656038301289144
118	19	-1.4758833064296866
118	20	-1.543059079472009
118	21	-1.6030137405433038
118	22	-1.5845727696301495
118	23	-1.489444806216767
118	24	-1.6301210743890167
118	25	-2.229562060215322
118	26	-2.0314390231522808
118	27	-1.3629129861272844
118	28	-0.788528665399042
119	1	-1.6759089484791119
119	2	-1.5715985083883908
119	3	-1.6393065918115823
119	4	-1.7851325097285127
119	5	-1.746103480089964
119	6	-1.8891974339486666
119	7	-1.8044312134960023
119	8	-1.811308052153315
119	9	-1.8879168993250417
119	10	-1.8832604201401892
119	11	-1.6694944383786918
119	12	-1.6941847368073581
119	13	-1.5557195135311304
119	14	-1.7848994695209086
119	15	-1.3707709825757632
119	16	-1.5708862140025346
119	17	-1.6901910430578795
119	18	-1.6828925311404745
119	19	-1.6885059944209289
119	20	-1.694479481611836
119	21	-1.8866883019807545
119	22	-1.9241297795694763
119	23	-1.9857724771310004
119	24	-2.398384051516146
119	25	-2.8279990227196237
119	26	-1.1211572581336782
119	27	-1.7060200080169707
119	28	-2.1486912670250575
120	1	-1.6289716409194952
120	2	-1.5008737619648755
120	3	-1.6076154305209087
120	4	-1.6340832809840506
120	5	-1.6409112145803064
120	6	-1.8535622847772402
120	7	-1.8021649457901319
120	8	-1.6917129570655263
120	9	-1.853120058471113
120	10	-1.7832429502549445
120	11	-1.5306042455206637
120	12	-1.5162718456618904
120	13	-1.418185656078606
120	14	-1.5695505582224243
120	15	-1.3280287182205797
120	16	-1.53487685870072
120	17	-1.7540310588062482
120	18	-1.6515598491087502
120	19	-1.4785355341827895
120	20	-1.5946510123764313
120	21	-1.575109231259482
120	22	-1.5300983848384604
120	23	-1.5222707842323615
120	24	-0.9732558452102111
120	25	-1.1390935009967649
120	26	-1.417429659567368
120	27	-2.752493808411998
120	28	-3.603217930935763
>>END_MODULE
>>Per sequence quality scores	pass
#Quality	Count
2	295422.0
3	6301.0
4	2709.0
5	3416.0
6	4144.0
7	6870.0
8	6685.0
9	4448.0
10	4366.0
11	5319.0
12	6736.0
13	8074.0
14	9532.0
15	10816.0
16	11615.0
17	13415.0
18	17003.0
19	22553.0
20	29354.0
21	35209.0
22	40126.0
23	44588.0
24	49131.0
25	51324.0
26	51447.0
27	54687.0
28	60309.0
29	67827.0
30	75941.0
31	87099.0
32	103391.0
33	127261.0
34	164170.0
35	237700.0
36	382090.0
37	635839.0
38	1064995.0
39	2517637.0
40	394382.0
>>END_MODULE
>>Per base sequence content	fail
#Base	G	A	T	C
1	6.210632101571586	30.497314675919124	53.44076335197791	9.851289870531382
2	24.896768155861444	35.43692881759502	23.01476649293854	16.651536533605
3	15.820073371038267	22.990023987774176	16.959697470714673	44.230205170472885
4	24.92009710186849	45.29680325849515	14.343229307391045	15.43987033224532
5	24.08112271700303	32.133921027142534	32.24171189230982	11.543244363544613
6	28.773724365055287	14.166782470656909	41.59196750756003	15.46752565672778
7	18.548686306129746	24.727376554808203	22.015299233787182	34.70863790527487
8	20.20171193299425	44.01585300772379	19.477843903966246	16.304591155315716
9	15.500531655746835	41.51761464334382	32.1798511185176	10.802002582391747
10	24.598361228317657	20.81363362238903	24.470954497447174	30.11705065184614
11	39.31014483169398	7.286953053285774	18.239448692576673	35.163453422443574
12	16.608034845755785	15.175818756552605	28.607413451225515	39.608732946466084
13	17.244828329396956	23.453950336748672	40.705699334258576	18.595521999595796
14	39.99303236776468	26.72667846507143	22.55963819549347	10.720650971670423
15	44.13127827583947	18.00242069477553	26.541274458325876	11.325026571059126
16	14.749794122102239	19.07201608118999	28.80564307259041	37.37254672411736
17	31.849165563363695	21.687160621698375	34.71152741962943	11.7521463953085
18	37.81648759907	19.2072122433538	22.525962826299555	20.450337331276643
19	32.07919235153768	14.60162571272452	36.930860540602794	16.388321395135012
20	57.94987764894487	13.715686439496885	19.42085478922239	8.913581122335861
21	15.475508512457308	27.161367808459946	25.892835185691492	31.47028849339126
22	37.48209722569242	10.221379087804703	41.80434080169769	10.492182884805176
23	13.30627437515169	25.676408711806438	40.43834170118007	20.5789752118618
24	18.10226003374992	19.398556625135246	42.590712875483824	19.90847046563101
25	22.384233461799887	17.851560747889273	23.26061229207567	36.50359349823516
26	14.034060645031262	16.92667220108161	27.836827532594665	41.20243962129246
27	14.855982389235109	17.065079217437138	28.04235264936595	40.0365857439618
28	13.227216169463748	25.826226821644262	23.70792995660223	37.238627052289765
>>END_MODULE
>>Per sequence GC content	warn
#GC Content	Count
0	6.0
1	6.0
2	11.0
3	16.5
4	17.0
5	17.0
6	18.0
7	28.0
8	47.5
9	64.5
10	72.0
11	100.0
12	152.5
13	212.5
14	275.0
15	384.0
16	561.5
17	784.0
18	1113.0
19	1486.5
20	3655.5
21	6600.0
22	7604.0
23	8176.0
24	9757.5
25	18900.0
26	32593.0
27	38404.0
28	48221.5
29	60709.0
30	129039.0
31	246250.0
32	304305.5
33	378696.5
34	543121.0
35	641102.5
36	694374.5
37	714339.5
38	701806.0
39	903622.0
40	1092761.0
41	1113506.0
42	1125480.5
43	1201111.5
44	1299463.0
45	1414912.0
46	1736119.5
47	1964544.0
48	1868825.5
49	1770851.0
50	1474032.0
51	1177213.0
52	917498.0
53	635964.0
54	573519.0
55	500558.0
56	454058.0
57	447357.5
58	449990.0
59	419995.5
60	391077.0
61	355466.0
62	339683.0
63	334575.5
64	290811.5
65	264487.5
66	221447.0
67	173878.5
68	141063.5
69	108891.0
70	96626.0
71	81359.5
72	69159.0
73	65828.5
74	52132.5
75	36189.5
76	28544.5
77	24293.5
78	23176.0
79	23050.5
80	22057.5
81	21083.0
82	21209.0
83	19659.0
84	17912.0
85	14734.5
86	10698.0
87	9057.0
88	8411.5
89	8011.5
90	7798.0
91	6166.0
92	3977.0
93	2643.5
94	1844.5
95	1659.0
96	1645.0
97	1258.5
98	616.0
99	360.0
100	360.0
>>END_MODULE
>>Per base N content	pass
#Base	N-Count
1	1.0265669992736
2	0.11419539462052858
3	0.01382200680942357
4	0.0023384214106460135
5	5.9577615557860213E-5
6	0.0
7	0.0
8	0.0
9	0.0
10	0.0
11	0.0
12	0.0
13	0.13964993086762434
14	4.3193771279448654E-4
15	0.23613587926357896
16	0.0
17	0.0
18	0.0
19	0.0
20	0.0
21	0.0
22	0.0
23	0.012692760820858176
24	0.01561367311660068
25	0.0010350823925584477
26	0.0
27	0.0
28	0.0424692856059457
>>END_MODULE
>>Sequence Length Distribution	warn
#Length	Count
17	216757.0
18	176008.0
19	200663.0
20	590255.0
21	971597.0
22	2770230.0
23	1160766.0
24	337823.0
25	81439.0
26	79381.0
27	63082.0
28	65930.0
>>END_MODULE
>>Sequence Duplication Levels	fail
#Total Deduplicated Percentage	6.7078076704489344
#Duplication Level	Percentage of deduplicated	Percentage of total
1	80.88392372030046	5.4255380394703785
2	7.355390529785752	0.9867709002968863
3	2.908471534895511	0.5852840301316349
4	1.6162315344752198	0.4336548113669733
5	1.0401557524920502	0.3488582367513879
6	0.7457297440441946	0.30013270183089413
7	0.5602025398893336	0.2630411625852253
8	0.4369942417378484	0.23450186613369248
9	0.36012074425923757	0.2174058621566904
>10	2.880881086503583	4.001863618138306
>50	0.485397978465236	2.29041738818954
>100	0.5104292965432164	7.255120603328413
>500	0.09372036571313964	4.380307207979374
>1k	0.08835213474150397	13.125542754183755
>5k	0.01722307436733115	7.924934135394006
>10k+	0.016775721786361514	52.226626682062836
>>END_MODULE
>>Overrepresented sequences	fail
#Sequence	Count	Percentage	Possible Source
TTCAAGTAATCCAGGATAGGCT	435351	6.484293627682501	No Hit
AACATTCAACGCTGTCGGTGAG	412300	6.140962723626442	No Hit
AACATTCAACGCTGTCGGTGAGT	359539	5.355119080014377	No Hit
AAGCTGCCAGTTGAAGAACTGT	180689	2.691254944383551	No Hit
TTCACAGTGGCTAAGTTCTG	166201	2.4754648208329817	No Hit
TGAGGTAGTAGGTTGTATAGTT	128785	1.9181758049047568	No Hit
TGAGGTAGTAGATTGTATAGTT	83698	1.246631816740446	No Hit
TCGGATCCGTCTGAGCTTGGCT	81768	1.2178856172337784	No Hit
TCTTTGGTTATCTAGCTGTATGA	78314	1.1664403461995663	No Hit
AACATTCAACGCTGTCGGTGA	77426	1.1532141155457212	No Hit
TGAGATGAAGCACTGTAGCT	70432	1.0490426547428027	No Hit
TTCACAGTGGCTAAGTTCTGC	50693	0.755042016368652	No Hit
TGTAAACATCCTCGACTGGAAGCT	46345	0.690281148257258	No Hit
TGAGATGAAGCACTGTAGCTCT	45803	0.682208381349168	No Hit
TATTGCACTCGTCCCGGCCTCC	44543	0.6634414324484419	No Hit
TGAGATGAAGCACTGTAGCTC	40754	0.6070065361112588	No Hit
CCTGTCTGAGCGTCGCT	40140	0.5978613721231273	No Hit
TTCAAGTAATCCAGGATAGGCC	39282	0.5850819735859663	No Hit
TCTTTGGTTATCTAGCTGTATG	36944	0.550258857292397	No Hit
TGAGGTAGTAGGTTGTATAGT	36288	0.5404881283409079	No Hit
TGAGGTAGTAGGTTGTATGGTT	36260	0.5400710850320029	No Hit
AGCAGCATTGTACAGGGCTATGA	35727	0.532132367758918	No Hit
TGAGGTAGTAGTTTGTACAGTT	34909	0.5199487453773356	No Hit
TGTAAACATCCTCGACTGGA	33508	0.49908168552819504	No Hit
CAACGGAATCCCAAAAGCAGCTG	33165	0.49397290499410856	No Hit
TTCAAGTAATCCAGGATAGGCA	33087	0.4928111414907303	No Hit
CATTATTACTTTTGGTACGCG	31504	0.4692333001337071	No Hit
TCACAGTGAACCGGTCTCTTT	31467	0.46868220718979686	No Hit
TCTTTGGTTATCTAGCTGTAT	30030	0.44727894880063557	No Hit
TGTAAACATCCTTGACTGGAAGCT	28979	0.43162493031280774	No Hit
AGCTGGTGTTGTGAATCAGGCCG	27534	0.41010251669253084	No Hit
AACATTCAACGCTGTCGGTGAGA	25756	0.3836202665770619	No Hit
TGAGGTAGTAGATTGTATAGT	25177	0.3749964067250617	No Hit
TATTGCACTTGTCCCGGCCTGT	23619	0.35179092546527513	No Hit
TGAGATGAAGCACTGTAGCTCA	22939	0.3416627308204389	No Hit
TGAGGTAGTAGTTTGTGCTGTT	22715	0.3383263843491987	No Hit
TCGAGGAGCTCACAGTCTAGT	22375	0.33326228702678057	No Hit
TGAGGTAGTAGGTTGTGTGGTT	21960	0.32708110941265256	No Hit
TTCAAGTAATCCAGGATAGGC	21736	0.3237447629414124	No Hit
AACATTCATTGCTGTCGGTGGG	20697	0.3082694773002582	No Hit
TAGCAGCACGTAAATATTGGCG	19113	0.2846767415393456	No Hit
TCCAGCATCAGTGATTTTGTT	18592	0.2769167571129343	No Hit
TGAGGTAGTAAGTTGTATTGTT	17138	0.2552602938576521	No Hit
TGAGACCTCTGGGTTCTGAGCT	16682	0.24846844568405602	No Hit
TCCCTGAGACCCTAACTTGTGA	16411	0.24443206223001102	No Hit
GTACAGTACTGTGATAACTGA	16104	0.23985948023594522	No Hit
TGTAAACATCCCCGACTGGAAGCT	16048	0.23902539361813518	No Hit
CGCCTGTCTGAGCGTCGCT	15430	0.2298206520144458	No Hit
AACATTCAACGCTGTCGGTGAGTT	14613	0.21765192403675285	No Hit
TACAGTACTGTGATAACTGACT	14580	0.2171604087084005	No Hit
AATATAACACAGATGGCCTGT	14280	0.212692087541561	No Hit
TATTGCACTTGTCCCGGCCTGTAA	13648	0.20327882428341904	No Hit
GCTAAATTTGACTGGCTT	13335	0.1986168758660165	No Hit
TAGCACCATCTGAAATCGGTT	13302	0.19812536053766416	No Hit
TGTAAACATCCTACACTCTCAGCT	13296	0.19803599411432737	No Hit
AGGCAGTGTAGTTAGCTGATTGC	13014	0.1938357722174982	No Hit
AACATTCAACGCTGTCGGTGAGC	12832	0.19112499070961556	No Hit
AACATTCAACCTGTCGGTGAGT	12740	0.1897547055517848	No Hit
AACATTCATTGCTGTCGGTGGGT	12693	0.18905466856897993	No Hit
TCGGATCCGTCTGAGCTTGGCTT	12628	0.1880865323161647	No Hit
AACATTCAACCTGTCGGTGAGTT	12466	0.18567363888607136	No Hit
TAGTAGACCGTATAGCGTACG	11491	0.17115159509384295	No Hit
TCGGATCCGTCTGAGCTTGGC	11439	0.17037708609159077	No Hit
TTCAAGTAATCCAGGATAGGCTT	11420	0.1700940924176909	No Hit
TTCAAGTAATCCAGGATAGGCG	11389	0.1696323658971175	No Hit
TTCACAGTGGCTAAGTTCTGCT	11381	0.16951321066600178	No Hit
TTCAAGTAATTCAGGATAGGTT	11216	0.16705563402424006	No Hit
TTCCCTTTGTCATCCTATGCCT	11119	0.16561087684696194	No Hit
TGTAAACATCCTCGACTGGAA	10965	0.16331713864798433	No Hit
AGCAGCATTGTACAGGGCTATG	10799	0.16084466760233312	No Hit
TCCAGCATCAGTGATTTTGTTG	10710	0.15951906565617074	No Hit
AACATTCAACGCTGTCGGTG	10543	0.15703170020663007	No Hit
ATAGTAGACCGTATAGCGTACG	10487	0.15619761358882003	No Hit
TCGGATCCGTCTGAGCTTGG	10288	0.15323362721481648	No Hit
TCGGATCCGTCTGAGCTTGGCC	10268	0.15293573913702718	No Hit
CCTGTCTGAGCGTCGCC	9890	0.14730565446680938	No Hit
CATCATCGTCTCAAATGAGTCT	9828	0.14638220142566255	No Hit
TAGCTTATCAGACTGATGTTGA	9798	0.1459353693089786	No Hit
TATTGCACTTGTCCCGGCCTGTA	9652	0.1437607863411167	No Hit
TGAGGTAGGAGGTTGTATAGTT	9551	0.14225645154828073	No Hit
TCACAGTGAACCGGTCTCTT	9131	0.13600080191470543	No Hit
TAAGGCACGCGGTGAATGCC	8934	0.13306660434848078	No Hit
TATTGCACTCGTCCCGGCCTCA	8930	0.13300702673292294	No Hit
AGCAGCATTGTACAGGGCTATGT	8889	0.13239635617345485	No Hit
TACAGTACTGTGATAACTGAAG	8800	0.13107075422729247	No Hit
ATAGGCGATAGAAATTGAAACCT	8799	0.131055859823403	No Hit
TATACAAGGGCAAGCTCTCTGT	8718	0.12984941310835635	No Hit
TCGGATCCGTCTGAGCTTGGCA	8688	0.12940258099167237	No Hit
TATTGCACTCGTCCCGGCCTC	8342	0.12424911724591749	No Hit
TGTAAACATCCTACACTCAGCT	8235	0.12265541602974471	No Hit
GTCAGGATGGCCGAGCGGTCTAAGGC	8213	0.1223277391441765	No Hit
CGCGACCTCAGATCAGA	8195	0.12205963987416613	No Hit
AGCTACATTGTCTGCTGGGTTT	8145	0.12131491967969288	No Hit
TAGCACCATCTGAAATCGGTTA	8121	0.1209574539863457	No Hit
TGAGATGAAGCACTGTAGCC	7937	0.11821688367068413	No Hit
GTACAGTACTGTGATAACT	7832	0.11665297126229031	No Hit
GTACAGTACTGTGATAACTGAA	7815	0.11639976639616939	No Hit
TGAGATGAAGCACTGTAGCTCC	7729	0.11511884766167542	No Hit
TTATAAAGCAATGAGACTGATT	7685	0.11446349389053895	No Hit
TCGTACGACTCTTAGCGG	7562	0.11263148221213473	No Hit
TCGGATCCGTCTGAGCTTGGCTA	7559	0.11258679900046634	No Hit
TGTAAACATCCTCGACTGGAAGC	7503	0.1117527123826563	No Hit
AGCTACATCTGGCTACTGGGTCTC	7425	0.11059094887927803	No Hit
TACAGTACTGTGATAACTGAA	7358	0.10959302381868387	No Hit
TAAGGCACGCGGTGAATGCCA	7213	0.10743333525471144	No Hit
AACATTCAACGCTGTCGGTGAA	7199	0.10722481360025893	No Hit
AACCCGTAGATCCGAACTTGTG	7137	0.10630136055911209	No Hit
AACATTCATTGCTGTCGGTGGA	7042	0.1048863921896129	No Hit
CTAGACTGAAGCTCCTTGAGGA	6960	0.10366505107067678	No Hit
AACATTCAACGCTGTCGGTGAGG	6924	0.10312885253065604	No Hit
TATTGCACTTGTCCCGGCCTGTAT	6790	0.10113300240946771	No Hit
TCGGATCCGTCTGAGCTTGGCTAT	6788	0.1011032136016888	No Hit
>>END_MODULE
>>Adapter Content	pass
#Position	Illumina Universal Adapter	Illumina Small RNA 3' Adapter	Illumina Small RNA 5' Adapter	Nextera Transposase Sequence	SOLID Small RNA Adapter
1	0.0	0.0	0.0	0.0	0.0
2	0.0	0.0	0.0	0.0	0.0
3	0.0	0.0	0.0	0.0	0.0
4	0.0	0.0	0.0	0.0	0.0
5	0.0	0.0	0.0	0.0	0.0
6	0.0	0.0	0.0	0.0	0.0
7	0.0	0.0	0.0	0.0	0.0
8	0.0	0.0	0.0	0.0	0.0
9	0.0	0.0	0.0	0.0	0.0
10	0.0	0.0	0.0	0.0	0.0
11	0.0	0.0	0.0	0.0	0.0
12	0.0	0.0	0.0	0.0	0.0
13	0.0	0.0	0.0	0.0	0.0
14	0.0	0.0	0.0	0.0	0.0
15	0.0	0.0	0.0	0.0	0.0
16	0.0	0.0	0.0	0.0	0.0
>>END_MODULE
>>Kmer Content	warn
#Sequence	Count	PValue	Obs/Exp Max	Max Obs/Exp Position
CGGAAAA	5	0.0031635137	1608.2555	22
GCGACCA	15	8.216375E-9	1608.2555	22
GCACCCA	115	0.0	1118.7865	22
TATGAAC	15	1.7659146E-5	1072.1704	22
TAGTCTT	170	0.0	946.0326	22
TTCGCCG	80	0.0	904.64374	22
ATGGCCA	125	0.0	900.6231	22
GGAATAA	85	0.0	756.8261	22
GGCGACC	295	0.0	732.91595	21
TTAACCC	55	1.8189894E-12	731.02527	22
TTCGCCC	135	0.0	714.7803	22
GCGACCC	455	0.0	689.2524	22
CCTGACC	340	0.0	685.87366	22
CACGGAG	50	1.2532837E-9	643.3022	22
CTAGTCA	50	0.0	640.6228	21
TCTGATA	140	0.0	631.8147	22
AGCACCC	110	0.0	618.7834	21
ATTAACC	105	0.0	571.9846	21
AATACCA	615	0.0	546.8731	21
GCCCATT	60	3.1141099E-9	536.0852	22
>>END_MODULE
