##FastQC	0.11.5
>>Basic Statistics	pass
#Measure	Value
Filename	ct3
File type	Conventional base calls
Encoding	Illumina 1.5
Total Sequences	5454046
Sequences flagged as poor quality	0
Sequence length	17-28
%GC	49
>>END_MODULE
>>Per base sequence quality	pass
#Base	Mean	Median	Lower Quartile	Upper Quartile	10th Percentile	90th Percentile
1	37.04669927609705	40.0	38.0	40.0	33.0	40.0
2	36.981469719910685	40.0	38.0	40.0	33.0	40.0
3	36.97258805664639	40.0	38.0	40.0	32.0	40.0
4	36.88742815883841	40.0	38.0	40.0	32.0	40.0
5	36.93715949590451	40.0	38.0	40.0	33.0	40.0
6	36.87329076432432	40.0	38.0	40.0	32.0	40.0
7	37.0003245297161	40.0	38.0	40.0	33.0	40.0
8	36.92041907970707	40.0	38.0	40.0	32.0	40.0
9	36.891922987081514	40.0	38.0	40.0	32.0	40.0
10	36.93908907258941	40.0	38.0	40.0	32.0	40.0
11	37.14609319393346	40.0	38.0	40.0	33.0	40.0
12	37.06718003478519	40.0	38.0	40.0	33.0	40.0
13	37.016750317104034	40.0	38.0	40.0	33.0	40.0
14	36.972570271684546	40.0	38.0	40.0	33.0	40.0
15	36.91236652569487	40.0	38.0	40.0	32.0	40.0
16	36.94638072359492	40.0	38.0	40.0	33.0	40.0
17	36.79771567749887	40.0	38.0	40.0	32.0	40.0
18	36.84008307951342	40.0	38.0	40.0	32.0	40.0
19	36.72530536938037	39.0	38.0	40.0	31.0	40.0
20	36.75156029517514	39.0	38.0	40.0	31.0	40.0
21	36.620801190675834	39.0	38.0	40.0	31.0	40.0
22	36.84150364957305	40.0	38.0	40.0	32.0	40.0
23	36.35871499797429	39.0	38.0	40.0	31.0	40.0
24	36.22648997537895	39.0	37.0	40.0	31.0	40.0
25	36.14776592782694	39.0	37.0	40.0	30.0	40.0
26	36.14486977552965	39.0	37.0	40.0	31.0	40.0
27	36.335839806206515	39.0	37.0	40.0	31.0	40.0
28	36.335750853242324	39.0	37.0	40.0	31.0	40.0
>>END_MODULE
>>Per tile sequence quality	pass
#Tile	Base	Mean
1	1	-0.6188471938018978
1	2	-0.6107829712596953
1	3	-0.5757237198531939
1	4	-0.5862830821993867
1	5	-0.5988908148263619
1	6	-0.6093233398276467
1	7	-0.6041600056325152
1	8	-0.6106697545261355
1	9	-0.597578462959639
1	10	-0.6268018058926188
1	11	-0.5326116200443636
1	12	-0.6357833378716364
1	13	-0.6060372796833207
1	14	-0.612293236416356
1	15	-0.6527902262178742
1	16	-0.5920898799094445
1	17	-0.5840326343027868
1	18	-0.6054450237327771
1	19	-0.6320637945380838
1	20	-0.7211622988000741
1	21	-0.7121295029055688
1	22	-0.6736124903798384
1	23	-0.6987256365975156
1	24	-0.3116990766774137
1	25	-0.7631610780915636
1	26	-0.23542746761779654
1	27	-0.48882740183302786
1	28	0.2941863054162752
2	1	-0.6993559192440912
2	2	-0.713755216683623
2	3	-0.7116901803180156
2	4	-0.7030486361441532
2	5	-0.7093336634200185
2	6	-0.6872031784504316
2	7	-0.7040609050053774
2	8	-0.7609072120030049
2	9	-0.7078146030062129
2	10	-0.7603938782691486
2	11	-0.6812366388457534
2	12	-0.7401374450005846
2	13	-0.6977969931982386
2	14	-0.7728776420952812
2	15	-0.7851834370248554
2	16	-0.7449945470262733
2	17	-0.8193627812682749
2	18	-0.7588078819236372
2	19	-0.7925852863206373
2	20	-0.7325806198751152
2	21	-0.7728665143878359
2	22	-0.6178186678215951
2	23	-0.7259644916785248
2	24	-0.82696554459487
2	25	-0.766507071942172
2	26	-0.5845996307622272
2	27	-0.7066096196152429
2	28	-2.214512434154109
3	1	-0.486123948952077
3	2	-0.6031674781541838
3	3	-0.5411826746856079
3	4	-0.5936224766697293
3	5	-0.5738177275077021
3	6	-0.6303613203571601
3	7	-0.6351014395175554
3	8	-0.6306012584863154
3	9	-0.672113440500766
3	10	-0.623375543777648
3	11	-0.5433876597337814
3	12	-0.5798254099931057
3	13	-0.6015147889064423
3	14	-0.5970843683802016
3	15	-0.6468486030574923
3	16	-0.5715180034121374
3	17	-0.6253124762632893
3	18	-0.5768860316231397
3	19	-0.65517588625314
3	20	-0.6514455176442979
3	21	-0.6382432220774348
3	22	-0.6007206418165154
3	23	-0.8539448154933353
3	24	-0.5853833765695953
3	25	-0.730881003160107
3	26	-0.4903946828967989
3	27	-0.06679619562915917
3	28	0.4947892339261841
4	1	-0.43373419609355324
4	2	-0.4547229105451649
4	3	-0.4390229645538781
4	4	-0.47631570690302283
4	5	-0.43338615556960036
4	6	-0.5294287537233018
4	7	-0.39004530844567853
4	8	-0.44864088100300137
4	9	-0.4398085771901279
4	10	-0.42513721954612294
4	11	-0.45307932885237534
4	12	-0.47245932745462227
4	13	-0.41481028703378797
4	14	-0.4146817521684554
4	15	-0.4620688944607352
4	16	-0.46359219027559817
4	17	-0.48137802468752966
4	18	-0.47070151055527987
4	19	-0.5139639570281247
4	20	-0.5254152007455772
4	21	-0.45315795690182625
4	22	-0.40709394929625375
4	23	-0.39937933180146956
4	24	-0.19270751536927122
4	25	-0.024329462971287796
4	26	0.06762186450928453
4	27	0.2868797677097561
4	28	0.22119305710420178
5	1	-0.3405504832734181
5	2	-0.37602012558330244
5	3	-0.23447022511189175
5	4	-0.31984263456538997
5	5	-0.23159484794153684
5	6	-0.1334205476541115
5	7	-0.14583903893963424
5	8	-0.3462608360669961
5	9	-0.18700838551320942
5	10	-0.18949211779519715
5	11	-0.16218264294924722
5	12	-0.10789524746737555
5	13	-0.1746107671417363
5	14	-0.1555530060623127
5	15	-0.11327291456646549
5	16	-0.08504530955011091
5	17	-0.14101205358070956
5	18	-0.08356846465076728
5	19	-0.1354795553020196
5	20	-0.14142727735704597
5	21	-0.09384299797454787
5	22	0.001686066391172858
5	23	-0.14485829971246744
5	24	-0.30584052581373555
5	25	-0.14040842650736352
5	26	-0.4782991395512539
5	27	-0.4357500444078397
5	28	-0.44224780311085254
6	1	-0.44150975976572937
6	2	-0.4963786816192908
6	3	-0.40547790605695866
6	4	-0.4605701380819056
6	5	-0.4650944396204082
6	6	-0.41238764321504107
6	7	-0.4257412214948033
6	8	-0.4181464353297031
6	9	-0.49303591245838874
6	10	-0.40163896420915535
6	11	-0.3205478001410853
6	12	-0.4031130406180239
6	13	-0.34336771211196293
6	14	-0.395855890499071
6	15	-0.35936159972494863
6	16	-0.3666092365413647
6	17	-0.3869117877822603
6	18	-0.34226766342120385
6	19	-0.3491600705967599
6	20	-0.38920134357320535
6	21	-0.3658132484193857
6	22	-0.36511154129077994
6	23	-0.4590379708680672
6	24	-0.7258820077874475
6	25	-1.0854402430201517
6	26	-1.3455854480140346
6	27	-1.7798859008561294
6	28	-1.9780604752871653
7	1	-0.2819661528334976
7	2	-0.30037371433510884
7	3	-0.25495261127036173
7	4	-0.2101102502856449
7	5	-0.27095040708982054
7	6	-0.28015492215564564
7	7	-0.2913289802096273
7	8	-0.27205009338410235
7	9	-0.27268830651372156
7	10	-0.2828245809200354
7	11	-0.18729731031629626
7	12	-0.22859763905821495
7	13	-0.2919038479520282
7	14	-0.3328232187525586
7	15	-0.2817701332181315
7	16	-0.30337190622406496
7	17	-0.3049487773761541
7	18	-0.29503727752803144
7	19	-0.2545857179132085
7	20	-0.22050511325902988
7	21	-0.18711807523207113
7	22	-0.29014923698553474
7	23	-0.4676041012127854
7	24	-0.5242301026553093
7	25	-0.646292908895397
7	26	-0.5339365147762578
7	27	-0.4865265530754854
7	28	-0.8184382793013327
8	1	-0.2908116958948739
8	2	-0.30595146468702694
8	3	-0.3294557276375798
8	4	-0.32913117649328427
8	5	-0.3421258335529558
8	6	-0.33449431177447764
8	7	-0.29528782380097596
8	8	-0.2787305884102551
8	9	-0.4026362491827413
8	10	-0.3365003903825965
8	11	-0.3621108214103046
8	12	-0.3180890035836086
8	13	-0.37139170797149035
8	14	-0.41378608542861883
8	15	-0.3823137537936958
8	16	-0.3230518667641107
8	17	-0.3289174749431609
8	18	-0.2759835220052054
8	19	-0.4097773716312787
8	20	-0.38143304326133176
8	21	-0.27188877950882073
8	22	-0.32010237649237183
8	23	-0.3201979261796737
8	24	-0.09388211574019323
8	25	0.1742693223238163
8	26	0.25763736838525375
8	27	0.73127378212358
8	28	0.9371848210026172
9	1	-0.3594384798212573
9	2	-0.34894523286401125
9	3	-0.3742977369187628
9	4	-0.35103195204435167
9	5	-0.3446711071413091
9	6	-0.3307121593818678
9	7	-0.34973830295804476
9	8	-0.39142661172446225
9	9	-0.36540001402230615
9	10	-0.3425109608417287
9	11	-0.27985279374156846
9	12	-0.3548626197494045
9	13	-0.34120451489423687
9	14	-0.36595803566939367
9	15	-0.34638069871049737
9	16	-0.2710664540374452
9	17	-0.31231955963397695
9	18	-0.2782524914027036
9	19	-0.3950479181472488
9	20	-0.35524189181493426
9	21	-0.39389101454993636
9	22	-0.3794953056455981
9	23	-0.3607962267812539
9	24	0.2019938032126447
9	25	-0.05449518739208514
9	26	0.24844556205378154
9	27	0.11243160117270179
9	28	-0.29224780311085397
10	1	-0.5106950504230596
10	2	-0.46466989374597745
10	3	-0.48621681871642153
10	4	-0.5013085049759454
10	5	-0.47989606793046846
10	6	-0.4185743277108571
10	7	-0.4297651426252287
10	8	-0.4069083072538149
10	9	-0.4134702733609714
10	10	-0.40852549823488715
10	11	-0.3309317503887712
10	12	-0.2961291906349004
10	13	-0.31432355981142024
10	14	-0.3637067053378331
10	15	-0.33000992020816966
10	16	-0.279949684767395
10	17	-0.33814779994879984
10	18	-0.35868158010572415
10	19	-0.3885465999047284
10	20	-0.36554855555124277
10	21	-0.4380555392083636
10	22	-0.35299733026967317
10	23	-0.32135644784076334
10	24	-0.18010812912292806
10	25	0.3322031423286873
10	26	0.13737703417241676
10	27	0.5253500873444636
10	28	0.1518382183945235
11	1	-0.36525475809412455
11	2	-0.3599056678022805
11	3	-0.3526774680010263
11	4	-0.43281383852217914
11	5	-0.4059621615485156
11	6	-0.35858865176630417
11	7	-0.4121923507097378
11	8	-0.40817274341845433
11	9	-0.43135084713193095
11	10	-0.3913460929398056
11	11	-0.3482719967334873
11	12	-0.36545003055437775
11	13	-0.3270283502566542
11	14	-0.3700774236091178
11	15	-0.3536946396085838
11	16	-0.2922576540331434
11	17	-0.33105086684156504
11	18	-0.32663565155598207
11	19	-0.33131864222223584
11	20	-0.3815525824919348
11	21	-0.3964160544341908
11	22	-0.2386333280230417
11	23	-0.284113565428072
11	24	-0.49183733443871347
11	25	-0.7646522145343297
11	26	-0.6847821072701734
11	27	-0.7860444704786644
11	28	-1.7030620524747206
12	1	-0.32014128638872563
12	2	-0.2760392539200396
12	3	-0.29990114750369656
12	4	-0.29624685226099956
12	5	-0.28585752409542664
12	6	-0.27678563909218923
12	7	-0.2597932479136631
12	8	-0.2285092401469342
12	9	-0.3010652066924919
12	10	-0.2991856069573231
12	11	-0.19814305810799482
12	12	-0.22510997534909194
12	13	-0.15779489709947114
12	14	-0.2629330480588621
12	15	-0.2287215420830293
12	16	-0.21880018121699152
12	17	-0.24323078438017376
12	18	-0.1551245367307743
12	19	-0.16893636582423
12	20	-0.19608033814118642
12	21	-0.1536499539284506
12	22	-0.2026581716447211
12	23	-0.3099184655582121
12	24	-0.5008761559598298
12	25	-0.20982690999885278
12	26	-0.11243913434698527
12	27	-0.2780812852045571
12	28	-0.5025314910541141
13	1	-0.2042650057865032
13	2	-0.15344224680791996
13	3	-0.2862896596247353
13	4	-0.221348136258392
13	5	-0.2415241298346089
13	6	-0.24254519554812504
13	7	-0.2252094222839105
13	8	-0.2710600788801756
13	9	-0.24392108100374088
13	10	-0.25286924221293816
13	11	-0.22509833435626092
13	12	-0.1835369876181332
13	13	-0.16454928261533297
13	14	-0.1716237599030137
13	15	-0.22034871378735232
13	16	-0.14062540003649815
13	17	-0.15927391461553952
13	18	-0.21982900110082682
13	19	-0.17512526023836017
13	20	-0.24876831457916637
13	21	-0.17973515131588158
13	22	-0.23506617619670322
13	23	-0.1821593581513028
13	24	-0.21383050534319636
13	25	-0.5007892755055536
13	26	-0.4451101063622218
13	27	-0.8808759662953847
13	28	-0.5894497495828759
14	1	0.052053977136125695
14	2	-0.0026861065005476803
14	3	-0.01639446435915204
14	4	-0.05877695816075601
14	5	-0.006913214430348091
14	6	-0.05201759530348937
14	7	-0.06511017494595706
14	8	-0.03237032634573467
14	9	-0.059416845364147264
14	10	0.009124734762629316
14	11	-0.016302932099165446
14	12	-0.012118129569387293
14	13	-0.03775852582053574
14	14	-0.07456539730719669
14	15	-0.0491953943119654
14	16	-0.08362308560555931
14	17	-0.11668783424551776
14	18	-0.06691123690198708
14	19	-0.07559297951489441
14	20	-0.05278091517213568
14	21	-0.09047723326171564
14	22	-0.032854580672321276
14	23	-0.13998725036005055
14	24	-0.20242677620792904
14	25	-0.4088711789309514
14	26	-0.20540536665748022
14	27	-1.2027311451485332
14	28	-1.3936913726646623
15	1	-0.01728634956111108
15	2	-0.08049026652716407
15	3	-0.021249957432331712
15	4	-0.03131790567032766
15	5	-0.03682720443998022
15	6	0.0028114643984338272
15	7	-0.04338105123798641
15	8	-0.06951922797186683
15	9	-0.012165282903168873
15	10	-0.01884575727861204
15	11	0.01681651498154224
15	12	0.005442402020548798
15	13	0.02067776712556224
15	14	-0.02872226547611234
15	15	-0.009651022468290194
15	16	0.008665115839633586
15	17	-0.0034903552716585295
15	18	-0.08273549703005045
15	19	-0.03765833826868459
15	20	-0.06728538541515405
15	21	-0.1443924261187064
15	22	-0.09675977033155192
15	23	-0.22198907690528102
15	24	-0.3409932138804095
15	25	-0.37136714334606324
15	26	-0.7137338437359588
15	27	-0.2585646413377063
15	28	0.04400649242179355
16	1	-0.2922132068737966
16	2	-0.24754767714205173
16	3	-0.25338478427896405
16	4	-0.2767125873347709
16	5	-0.3125696196816392
16	6	-0.27932800836172333
16	7	-0.308735169031209
16	8	-0.30446060419934184
16	9	-0.34825540040128544
16	10	-0.3066804240065295
16	11	-0.20870872555323672
16	12	-0.19094206803036684
16	13	-0.21873569238173474
16	14	-0.22032311503447488
16	15	-0.23271552967258913
16	16	-0.27385925432587754
16	17	-0.3231316072252923
16	18	-0.2694234382423133
16	19	-0.23674396321420943
16	20	-0.24417857919717534
16	21	-0.28262560239584644
16	22	-0.2739500703400637
16	23	-0.3712833603533454
16	24	-0.14699604822518353
16	25	-0.1704290825361099
16	26	0.03061776054211407
16	27	-0.09979938948662692
16	28	-0.2843530662687499
17	1	-0.11064524749242821
17	2	-0.07395424203944145
17	3	-0.07474583295737602
17	4	-0.09041564947956005
17	5	-0.11434604859505271
17	6	-0.083401960486583
17	7	-0.06018655026512931
17	8	-0.09230619104282312
17	9	-0.11054764268150308
17	10	-0.06705244334237648
17	11	-0.05938116943141125
17	12	-0.048831572497682885
17	13	-0.040253578354978004
17	14	-0.0412473734374359
17	15	-0.05940522883447841
17	16	-0.1047896048874506
17	17	-0.08974212423164118
17	18	-0.09885903987782996
17	19	-0.05068793258898552
17	20	-0.05660758743733396
17	21	-0.15191870157703136
17	22	-0.0772796238741762
17	23	-0.5054652245883986
17	24	-0.1309039096355633
17	25	-0.17437289033430403
17	26	-0.3346340887005752
17	27	-0.26155467456030124
17	28	-0.4334758732862909
18	1	-0.1627823210442827
18	2	-0.19969495449270624
18	3	-0.23606005296799992
18	4	-0.18407124001570452
18	5	-0.17466335788613918
18	6	-0.25572683030184606
18	7	-0.2680645390770948
18	8	-0.24681836290565684
18	9	-0.25571984007786597
18	10	-0.21152973961930144
18	11	-0.16433058422578029
18	12	-0.2045458783488172
18	13	-0.2333638486087679
18	14	-0.23962824843535202
18	15	-0.17525382158509473
18	16	-0.20262661233290657
18	17	-0.16640221334007776
18	18	-0.14116574679416516
18	19	-0.13162533586646674
18	20	-0.10126169794512663
18	21	-0.038893012664338755
18	22	-0.04957138226710356
18	23	-0.021313526931720617
18	24	-0.40525798212971154
18	25	-0.7417263701877843
18	26	-0.555832717084833
18	27	0.6039536909480674
18	28	0.22441886355581175
19	1	-0.14751480996442723
19	2	-0.28124448151073267
19	3	-0.2416972294209927
19	4	-0.1735221592291225
19	5	-0.22761231111127245
19	6	-0.13816076001221944
19	7	-0.1539839218759269
19	8	-0.1624022076918763
19	9	-0.1972595780395423
19	10	-0.21450734160421092
19	11	-0.15457963861228308
19	12	-0.17441036183007697
19	13	-0.21685927181606957
19	14	-0.16521959271342723
19	15	-0.14176426830716338
19	16	-0.1994041379211282
19	17	-0.13333771887825208
19	18	-0.20524834263039793
19	19	-0.13928628265151133
19	20	-0.2019583845704176
19	21	-0.2566656717134279
19	22	-0.2982506967153782
19	23	-0.3183287104596104
19	24	-0.7431166418977995
19	25	-0.4756599122893874
19	26	-0.46844140202780693
19	27	-0.044773639001974175
19	28	0.9494188635558132
20	1	-0.24382452577515323
20	2	-0.40062108376866945
20	3	-0.3157223975516317
20	4	-0.24315149430410798
20	5	-0.2619929342868659
20	6	-0.28961821307559177
20	7	-0.23096116925788834
20	8	-0.2132142405286288
20	9	-0.2320499201359567
20	10	-0.2615575579044034
20	11	-0.21497589523421112
20	12	-0.17070815558291486
20	13	-0.195882003700099
20	14	-0.167134749129346
20	15	-0.28232288706641384
20	16	-0.3280763168734353
20	17	-0.28515942413240225
20	18	-0.29038171683973246
20	19	-0.4065840563452312
20	20	-0.3776572340132205
20	21	-0.3738588976020978
20	22	-0.42965192604192026
20	23	-0.6109303378093429
20	24	-0.11498763596330264
20	25	-0.5320787191810723
20	26	-0.13387472414891732
20	27	0.18103544559991747
20	28	-0.12242798329103266
21	1	-0.2317467216068323
21	2	-0.3484339587259342
21	3	-0.45542684836654956
21	4	-0.34983348883285714
21	5	-0.3136891655543579
21	6	-0.3659470188057412
21	7	-0.32121233616400247
21	8	-0.32104478200137265
21	9	-0.2460869051201655
21	10	-0.26820603669974474
21	11	-0.2258659762901516
21	12	-0.1449714983825814
21	13	-0.22411863669462662
21	14	-0.23598813120199935
21	15	-0.16792497487316638
21	16	-0.11050163450948958
21	17	-0.16473977735844159
21	18	-0.19519174109195347
21	19	-0.22237198541640169
21	20	-0.2859659085145623
21	21	-0.3142482752565101
21	22	-0.25843813563741236
21	23	-0.05960753617751635
21	24	0.18895812094619657
21	25	0.052519661558250164
21	26	-0.1821221364777017
21	27	-0.27391151603106323
21	28	-0.862882723745777
22	1	-0.32903871226974957
22	2	-0.422950473919677
22	3	-0.5041056927974097
22	4	-0.45484213372697013
22	5	-0.41788306288837873
22	6	-0.4861511252053603
22	7	-0.4219590632400525
22	8	-0.44506327937794055
22	9	-0.6224910636588348
22	10	-0.42536541738372335
22	11	-0.3505664764055183
22	12	-0.4743074296789018
22	13	-0.44877553777725865
22	14	-0.4613622438643006
22	15	-0.3820461921701437
22	16	-0.29859542786505955
22	17	-0.30473866865451527
22	18	-0.2826824575512603
22	19	-0.2126034127047589
22	20	-0.2899380044671389
22	21	-0.150985292853818
22	22	-0.29546046455075015
22	23	-0.20335876212052284
22	24	-0.6484156091651698
22	25	-0.6504047141368261
22	26	-0.28763170791996373
22	27	-0.24165904507562885
22	28	0.14497961121936243
23	1	0.019150883708846322
23	2	0.08542101503660149
23	3	0.10930558811514857
23	4	0.04652978648724826
23	5	0.058020476026534595
23	6	0.06038975024826243
23	7	0.03075090355920196
23	8	0.10724169492245039
23	9	0.014153588972071418
23	10	0.05955722381119699
23	11	0.027357666545789527
23	12	0.030842164831582863
23	13	0.02509776261531016
23	14	-0.02627776624459699
23	15	0.013078949097419468
23	16	0.05427843989168224
23	17	0.01084572408995399
23	18	0.051962412362399846
23	19	0.02114345700308462
23	20	0.03290909383331808
23	21	0.023874843329679152
23	22	-0.04152968723307282
23	23	-0.20680805747876008
23	24	-0.5852274061875491
23	25	-0.8289099144915824
23	26	-0.47697264105761406
23	27	0.06439666667488808
23	28	0.0864878290730502
24	1	0.08215501717150886
24	2	0.08573135158120948
24	3	0.0948097259682612
24	4	0.10463156259028494
24	5	0.07376002592536679
24	6	0.12066977512358079
24	7	0.11602773316231207
24	8	0.11160580258098207
24	9	0.10720955511603592
24	10	0.13881464840423519
24	11	0.07010554990966966
24	12	0.055587562615166064
24	13	0.06946164392172705
24	14	0.042170408586649444
24	15	0.08640606555304231
24	16	0.13632452244893045
24	17	0.07732721131696252
24	18	0.07639534982809693
24	19	0.030504589269241933
24	20	0.012698554698935993
24	21	-0.11393939243532003
24	22	-0.10221695413905252
24	23	0.04437755918688424
24	24	0.23352619775874217
24	25	0.43058375639449764
24	26	0.32494253270450457
24	27	0.5653218387568941
24	28	-0.28371121774500097
25	1	-0.013659042441474867
25	2	0.0643304946577814
25	3	0.01018377433751283
25	4	0.03652473295997538
25	5	0.02035214989817291
25	6	-0.010055622435494627
25	7	-0.030730459418464307
25	8	-0.011913605217422685
25	9	-0.0022929329727716663
25	10	0.0036836106283288927
25	11	0.03668730047508717
25	12	0.012695169662968908
25	13	-0.0020387718378529485
25	14	0.016332038505339597
25	15	-0.06689419519349116
25	16	-0.09094142607685995
25	17	-0.05974101912322283
25	18	-0.10981074776488953
25	19	0.008641488959916899
25	20	-0.0323785394348306
25	21	0.12734678200021676
25	22	0.03418892311749033
25	23	0.057375268703374616
25	24	-0.12274413866462908
25	25	-0.18116311503497684
25	26	-0.3634998865167063
25	27	-0.11520546821109434
25	28	-0.5996552105182644
26	1	-0.05086617126786308
26	2	-0.0913280205289908
26	3	0.011407798097643251
26	4	-0.055401799342917
26	5	-0.006832205313891393
26	6	0.13369604362197407
26	7	0.11435920465793714
26	8	0.007077503138589236
26	9	0.0871263622793137
26	10	0.03224721955204757
26	11	0.06856080367804651
26	12	0.07300812142558755
26	13	0.09588537070249004
26	14	0.061043495246607904
26	15	0.16038789943471699
26	16	0.2091885470530599
26	17	0.1614413289148331
26	18	0.21584691687427693
26	19	0.29234846198455244
26	20	0.23340408160871817
26	21	0.2443597626656029
26	22	0.17780834321610683
26	23	-0.041386854012110064
26	24	-0.33681052970933223
26	25	-0.16267282569306474
26	26	0.14022926869677832
26	27	0.15299806242234126
26	28	0.09234339185769613
27	1	-0.035972302954874635
27	2	-0.01610632867283357
27	3	-0.01015189058167465
27	4	-0.01313074434116146
27	5	-0.06299337892892254
27	6	-0.010181348348190511
27	7	-0.020079139817902103
27	8	-0.003533134696020568
27	9	-0.007819657953156423
27	10	0.017645284684505214
27	11	0.01085507837589006
27	12	0.0535626704372234
27	13	-0.011217084398730037
27	14	0.04741674744223445
27	15	0.012055901166952765
27	16	-0.0022305218612288513
27	17	0.034764830702108895
27	18	-0.016690055725909758
27	19	-0.017269049693823035
27	20	0.02605189950229203
27	21	-0.0573329094018078
27	22	-0.08922845172013893
27	23	-0.11772845549921129
27	24	-0.11967374104406758
27	25	-0.360593411386283
27	26	-0.272675985978573
27	27	-0.8922249521500092
27	28	-0.8045067562788972
28	1	0.13059303906123176
28	2	0.14995789387374003
28	3	0.14077208455884005
28	4	0.17754876375269646
28	5	0.1293174505352468
28	6	0.1616636629125523
28	7	0.13386311008468255
28	8	0.2068541555272816
28	9	0.21601001756579308
28	10	0.1785655612826389
28	11	0.1422484381714142
28	12	0.17676557511389746
28	13	0.11499237198158596
28	14	0.17622327404862403
28	15	0.15298390507684445
28	16	0.16189592866086144
28	17	0.17829716983202815
28	18	0.15885178930946608
28	19	0.13705359461584266
28	20	0.16961564180712685
28	21	0.15217480872977518
28	22	0.21349450737000097
28	23	0.33050235393237415
28	24	0.25994545016953197
28	25	0.7469775425285476
28	26	0.6264437556108007
28	27	0.56433818258256
28	28	-0.4064222579395178
29	1	0.11717278529490471
29	2	0.1927540606210414
29	3	0.171427681696656
29	4	0.15140057739328228
29	5	0.11162232230748259
29	6	0.25317280976068446
29	7	0.18615646121628515
29	8	0.20868406232474257
29	9	0.21089543562085566
29	10	0.24903946702321633
29	11	0.28983106767076805
29	12	0.30771390530086506
29	13	0.2948839943624151
29	14	0.2509568204150483
29	15	0.25264030024942485
29	16	0.31094528695966517
29	17	0.28085164485306535
29	18	0.29006015314332956
29	19	0.38181872449504795
29	20	0.3105655533229523
29	21	0.30174188675525926
29	22	0.17652287872443395
29	23	-0.1365648467796916
29	24	0.13351273473158187
29	25	0.5020137561945219
29	26	0.4887771533314904
29	27	0.5553662685742395
29	28	1.260501337782614
30	1	0.32810211353851315
30	2	0.42307881472977726
30	3	0.3996421423476946
30	4	0.4198643726605482
30	5	0.3811311692351964
30	6	0.363685432243976
30	7	0.38269912933777306
30	8	0.3332183530664494
30	9	0.3494107174335923
30	10	0.355521230494233
30	11	0.4077994495772188
30	12	0.3955090609235512
30	13	0.43699409609864404
30	14	0.3991314708669407
30	15	0.3217893555461373
30	16	0.3876493557133571
30	17	0.3739930299337786
30	18	0.32254805140122755
30	19	0.30559942856598354
30	20	0.2797560031255273
30	21	0.3518511307833023
30	22	0.36783351800984576
30	23	0.315275332891396
30	24	0.18162084283968483
30	25	0.10906950996202625
30	26	-0.21605665390450923
30	27	-0.3100474661723567
30	28	-0.7709939804808883
31	1	0.24321408839122682
31	2	0.3056557567916087
31	3	0.3092973836770412
31	4	0.2711912554980742
31	5	0.329374597921813
31	6	0.35448154471760773
31	7	0.3115856865837685
31	8	0.35499808000579236
31	9	0.337619869246808
31	10	0.34672760587208984
31	11	0.3451620599605505
31	12	0.28985079247851786
31	13	0.27035340198118973
31	14	0.267789538595423
31	15	0.3090615573377633
31	16	0.29044797326735505
31	17	0.30504116658642744
31	18	0.30635490811754096
31	19	0.3580961914220495
31	20	0.2951030060254496
31	21	0.24719459874037852
31	22	0.25086612819759324
31	23	0.4022755368897677
31	24	0.438265138141702
31	25	0.7122175793296606
31	26	0.6137305801380393
31	27	0.4311676974073535
31	28	0.6717872846084418
32	1	0.09329843075571631
32	2	0.11501818939878206
32	3	0.09640071151108032
32	4	0.08199356348105624
32	5	0.12438340936616754
32	6	0.14931816406122067
32	7	0.15666984034429987
32	8	0.18200431320101984
32	9	0.18213371112257448
32	10	0.1639114775208128
32	11	0.22247909261815124
32	12	0.23593295894897182
32	13	0.194586098230225
32	14	0.2239082148206677
32	15	0.2147129920844364
32	16	0.14370602384365583
32	17	0.18143622370695311
32	18	0.17401995700552675
32	19	0.18136058614599904
32	20	0.13552514605490984
32	21	0.10881816243746556
32	22	0.1523866941106533
32	23	0.12596193311288317
32	24	0.09866959119278107
32	25	0.08235180090365901
32	26	0.03439927314715874
32	27	-0.12881657932220492
32	28	-0.4726614284149946
33	1	0.09060540330460043
33	2	0.10719399401548912
33	3	0.16971389846404605
33	4	0.09913954351051757
33	5	0.1541394882039384
33	6	0.17965225745848556
33	7	0.1899507323906704
33	8	0.1486118439483448
33	9	0.10113472915300292
33	10	0.20620611186222249
33	11	0.1782742565049844
33	12	0.1806432398066562
33	13	0.2353506073953966
33	14	0.2716363466924321
33	15	0.1929890439116022
33	16	0.1976166933470651
33	17	0.2630907887098246
33	18	0.24212829541492908
33	19	0.2763663372056797
33	20	0.2864896026934147
33	21	0.3628905602039154
33	22	0.2706897640373995
33	23	0.08864257100482575
33	24	0.2193536363619515
33	25	0.4201500470457731
33	26	-0.15255724859196818
33	27	-0.5648014278070548
33	28	-1.0132860544769784
34	1	-0.7333544721230609
34	2	-0.8416209348604369
34	3	-0.7664036629680453
34	4	-0.6905050094203489
34	5	-0.632213503067085
34	6	-0.3623394146132455
34	7	-0.39642651978909527
34	8	-0.5352576224601933
34	9	-0.3980240609703287
34	10	-0.4192222912253527
34	11	-0.3015500747108817
34	12	-0.19026050380010417
34	13	-0.22283398346170458
34	14	-0.23169680509668922
34	15	-0.1482594521596141
34	16	-0.16229784883968534
34	17	-0.12209965942381729
34	18	-0.1409661674786591
34	19	-0.06801997167703178
34	20	-0.1142033500922679
34	21	-0.06322457257646619
34	22	-0.10183254039120726
34	23	-0.22515118320264804
34	24	-0.0011613093912856698
34	25	-0.07144595944528476
34	26	-0.15626006751217858
34	27	-0.5224569301993967
34	28	-0.8993435126818099
35	1	0.2840349998962708
35	2	0.3486612217484151
35	3	0.32388337595941863
35	4	0.2892670395377053
35	5	0.3531039133919194
35	6	0.23608442005625108
35	7	0.2884831070375
35	8	0.32001029693449823
35	9	0.30614492494934353
35	10	0.3235032701878211
35	11	0.3417611510773355
35	12	0.3499627715003797
35	13	0.24076005006285328
35	14	0.2402650583983288
35	15	0.28146266564914413
35	16	0.20873374867998962
35	17	0.20384984575342457
35	18	0.284570837471648
35	19	0.2600799067924413
35	20	0.2858981695613423
35	21	0.3218700896853619
35	22	0.31876810942847555
35	23	0.3260081867876039
35	24	0.059510160729004724
35	25	0.2204741231173628
35	26	0.16353249947139403
35	27	-0.1642068746808505
35	28	-0.2839844977887296
36	1	0.20599952704321822
36	2	0.2583392048230948
36	3	0.26771153067259945
36	4	0.2458541642106553
36	5	0.21894518921579476
36	6	0.19374528620801357
36	7	0.17878255785166175
36	8	0.12481755429951846
36	9	0.08639353351904333
36	10	0.10845707028669693
36	11	0.17927621867708865
36	12	0.22427286448515815
36	13	0.154065132871132
36	14	0.16345327411220723
36	15	0.09002207121445593
36	16	0.12615663769572194
36	17	0.09803292614977721
36	18	0.13632750387941428
36	19	0.2073092617912593
36	20	0.23703774260668808
36	21	0.12149308932782787
36	22	0.10468740317266167
36	23	0.2916286303452722
36	24	0.32281742403626623
36	25	0.04376559768370214
36	26	0.6112928493695975
36	27	0.4933325434848115
36	28	0.9569770030906923
37	1	0.31022201135724714
37	2	0.36555417352110453
37	3	0.4301153406364193
37	4	0.46113477625783617
37	5	0.38835638435885755
37	6	0.4539088161221798
37	7	0.4485537963148616
37	8	0.45204581620674134
37	9	0.4456367468839346
37	10	0.4760743249176258
37	11	0.40197726570635695
37	12	0.3869382096445051
37	13	0.3812325998966202
37	14	0.3851565742950669
37	15	0.412352432038503
37	16	0.3973260072078091
37	17	0.3512324552918997
37	18	0.4243283454334801
37	19	0.48050400788492453
37	20	0.4251483520875041
37	21	0.48012981859449155
37	22	0.38050493132305974
37	23	0.5152662807345152
37	24	0.501277495200199
37	25	0.5485514075899971
37	26	0.3032222740456305
37	27	0.015055969697407079
37	28	0.06326183876242197
38	1	0.22931087676577988
38	2	0.3152196928028701
38	3	0.23085270276478553
38	4	0.3256114003642807
38	5	0.24604147001417687
38	6	0.2493419305618545
38	7	0.2515197586279285
38	8	0.28596504618313645
38	9	0.3057402651432213
38	10	0.26940126249069607
38	11	0.28410515841013506
38	12	0.264837063193994
38	13	0.217140064648909
38	14	0.2734587402152755
38	15	0.28795365543264495
38	16	0.28343008342757514
38	17	0.3356816428453797
38	18	0.27993025493950086
38	19	0.3740812681428096
38	20	0.3832166750688657
38	21	0.3777983354907306
38	22	0.45148717916498526
38	23	0.6115851980289122
38	24	0.538783963407063
38	25	0.7060046529145296
38	26	0.7503427153704649
38	27	0.6344080583589573
38	28	1.2369188635558146
39	1	0.24143289666263712
39	2	0.2852757860901889
39	3	0.3311306449024727
39	4	0.29678222404638177
39	5	0.276415517259629
39	6	0.26252752172909766
39	7	0.3491232902230621
39	8	0.3414144689937828
39	9	0.28388252924412427
39	10	0.32552282195543825
39	11	0.3243236347971674
39	12	0.38203050055536636
39	13	0.3199069655031934
39	14	0.35567414570854794
39	15	0.3768359026106509
39	16	0.3219239588052929
39	17	0.32611286714381293
39	18	0.3221259263361915
39	19	0.3800782248669705
39	20	0.23920246736562945
39	21	0.3671826887102725
39	22	0.36135991629736
39	23	0.22097854440855969
39	24	-0.07960008739286906
39	25	-0.20746020103355534
39	26	0.16745788120577032
39	27	0.34189360130176993
39	28	-0.05628289083015403
40	1	0.3124846952908342
40	2	0.3542565393465793
40	3	0.35116788837160584
40	4	0.3217857989695361
40	5	0.3466853851293976
40	6	0.3978958030827826
40	7	0.3311388827792996
40	8	0.41392462204333924
40	9	0.32457881180604886
40	10	0.3290324056951377
40	11	0.41996394236374357
40	12	0.39596707740174963
40	13	0.37751919532871625
40	14	0.39181916280123374
40	15	0.3824722308994595
40	16	0.40687323774195505
40	17	0.4539371233857352
40	18	0.29890346827764347
40	19	0.3734875251853822
40	20	0.26862725396853904
40	21	0.3998593713005576
40	22	0.38906734724799463
40	23	0.41792982672394174
40	24	0.5973206985395407
40	25	0.7878097546069611
40	26	0.5855513468798748
40	27	0.9375481549773141
40	28	0.38207652121347024
41	1	0.35225321945757315
41	2	0.4161924676453097
41	3	0.38396223225560533
41	4	0.35844566131596167
41	5	0.35746195049501495
41	6	0.370843869058902
41	7	0.33024311286450825
41	8	0.4032359871427289
41	9	0.40357265518567687
41	10	0.45644359989301364
41	11	0.448083886857944
41	12	0.45322498593621674
41	13	0.4474710294699378
41	14	0.4641348535042127
41	15	0.46836660721804435
41	16	0.4763228813086471
41	17	0.43187272634670393
41	18	0.47769342970549644
41	19	0.39394926403467423
41	20	0.3867237581199845
41	21	0.39132794610952004
41	22	0.32931433044841185
41	23	0.3967549419240868
41	24	0.41447798569682703
41	25	0.6410787941314666
41	26	0.7785551173030001
41	27	0.6045167540111294
41	28	0.11121131638599735
42	1	0.22595143431076536
42	2	0.35266994271429297
42	3	0.40442710688170536
42	4	0.3265811185990444
42	5	0.3241875503779852
42	6	0.4215417358614246
42	7	0.34973546331622174
42	8	0.36624526344955655
42	9	0.36874615087539553
42	10	0.36727503744314305
42	11	0.41515299761371693
42	12	0.41758333688225946
42	13	0.4260278298250455
42	14	0.41112295420687417
42	15	0.3847837535052534
42	16	0.4403558805469743
42	17	0.3880574353208601
42	18	0.38432934864050594
42	19	0.41059254909223597
42	20	0.303970471190361
42	21	0.4094153543417889
42	22	0.2985139158563186
42	23	0.16560449384150644
42	24	0.023992137691479343
42	25	0.23135921539780213
42	26	-0.0374277046559115
42	27	-0.6266895396951639
42	28	0.31108553022247776
43	1	0.4446697378175841
43	2	0.47688448737340394
43	3	0.5017478383185221
43	4	0.5005860698181266
43	5	0.4897522530202494
43	6	0.5145645702263266
43	7	0.49451367305157845
43	8	0.5175320367417626
43	9	0.534128558401207
43	10	0.5445946355975266
43	11	0.5540513092526069
43	12	0.5966991877004304
43	13	0.5872835067660418
43	14	0.5598945041212033
43	15	0.5230240976963998
43	16	0.5312765780874145
43	17	0.575731355250376
43	18	0.5985439183272447
43	19	0.5923123932295127
43	20	0.652329219834499
43	21	0.5983969278563279
43	22	0.4986122650046312
43	23	0.5768975146554496
43	24	0.7612837641880006
43	25	1.0229666122683554
43	26	0.5391611779090653
43	27	0.7104950148806921
43	28	0.6863236254605738
44	1	0.41732589612372806
44	2	0.4835760669714446
44	3	0.5009503012373955
44	4	0.41337351365129393
44	5	0.5003076122758756
44	6	0.5557547119617325
44	7	0.46013515586826514
44	8	0.45526206284691284
44	9	0.5092925855202495
44	10	0.5578588823391186
44	11	0.5017038847419428
44	12	0.5552484166329492
44	13	0.5394949077833147
44	14	0.46810989277240367
44	15	0.5657903699649438
44	16	0.4821545123423192
44	17	0.5443278629511639
44	18	0.42505018777711
44	19	0.4280407389272085
44	20	0.41803286652319827
44	21	0.40105503996694836
44	22	0.32744090145033766
44	23	0.48663788506789984
44	24	0.4211460653916177
44	25	0.7577954877357129
44	26	0.7127875515354347
44	27	0.5947945317889065
44	28	0.11727600641295766
45	1	0.31675216555907326
45	2	0.28209371689563056
45	3	0.46991365790493234
45	4	0.36064372680172596
45	5	0.3378943298535191
45	6	0.5106478224809763
45	7	0.44159252185375664
45	8	0.41335085850376174
45	9	0.4834531043722379
45	10	0.4832051634022747
45	11	0.45777745424563676
45	12	0.5192031702882502
45	13	0.560110710613273
45	14	0.5875906086687266
45	15	0.5617009929173093
45	16	0.3999348566199359
45	17	0.5075332903126721
45	18	0.49620951460199336
45	19	0.6081252661930563
45	20	0.53479620997674
45	21	0.5569010295752577
45	22	0.530004128317529
45	23	0.2919809794735002
45	24	0.6073551085739552
45	25	0.43028926673059686
45	26	0.5004707017185908
45	27	0.26514759513262476
45	28	0.13441886355580834
46	1	0.451958527652188
46	2	0.48681195451775494
46	3	0.5135571895434836
46	4	0.4352787275036363
46	5	0.43432661679162976
46	6	0.5278581577134247
46	7	0.4922574950719891
46	8	0.5006572519370849
46	9	0.5101040027016381
46	10	0.4452440639156663
46	11	0.4690982711443752
46	12	0.4746534979660879
46	13	0.43490738747421887
46	14	0.4710096443094116
46	15	0.4213141489582526
46	16	0.46991731054207264
46	17	0.46253553863166275
46	18	0.46686460326300505
46	19	0.41625501272458365
46	20	0.511021866742901
46	21	0.43202593201844763
46	22	0.49497226912214387
46	23	0.2546490037427347
46	24	0.3436616591662158
46	25	0.2538368052070652
46	26	0.421412260160146
46	27	0.71856314576371
46	28	0.41330775244470175
47	1	0.36165918681665943
47	2	0.40809956049942997
47	3	0.3938093000941052
47	4	0.45228954137821376
47	5	0.3639386155778439
47	6	0.38328295456429373
47	7	0.41471013767947085
47	8	0.46761045623658504
47	9	0.4144520073164202
47	10	0.45253176384410665
47	11	0.4481528721656858
47	12	0.4539238325767272
47	13	0.45913640861880367
47	14	0.3656300203737999
47	15	0.48122246379514877
47	16	0.3793698277080537
47	17	0.36546004552669586
47	18	0.3266805415103491
47	19	0.4739382218167947
47	20	0.34922856599124685
47	21	0.2837271244960746
47	22	0.20220348845038671
47	23	0.34222687070375457
47	24	0.057410316523899496
47	25	0.015071875426251324
47	26	0.3317207017185879
47	27	1.1910809251341234
47	28	0.43870457784152705
48	1	0.3770249299596813
48	2	0.4657471914110758
48	3	0.4825701526000472
48	4	0.49507107728386757
48	5	0.4815507639153367
48	6	0.5205686599578101
48	7	0.5153229419036691
48	8	0.5311354083361977
48	9	0.47966889162893267
48	10	0.5761140849654822
48	11	0.574247677015606
48	12	0.6057331475814749
48	13	0.5862529072003397
48	14	0.6474191205858375
48	15	0.5816526091421395
48	16	0.6260642320675132
48	17	0.6072850142885002
48	18	0.6045403896526764
48	19	0.632080990025969
48	20	0.5349531049905565
48	21	0.7001315394990115
48	22	0.7051603916831581
48	23	0.7640489068819107
48	24	0.8530666259722182
48	25	0.7342006876769247
48	26	0.33932205306994234
48	27	-0.4638732983448932
48	28	-1.0577593542659685
49	1	0.2577542435858078
49	2	0.31177841717349963
49	3	0.2964926434517565
49	4	0.2734036610237993
49	5	0.2734590015942331
49	6	0.26022656512769515
49	7	0.2668761113375169
49	8	0.2881076847364241
49	9	0.23081840707655488
49	10	0.27188970258328027
49	11	0.3432808883534122
49	12	0.30776078628533554
49	13	0.30729761602795236
49	14	0.3232222181054212
49	15	0.33766624853670635
49	16	0.31360824263306597
49	17	0.34037236009869076
49	18	0.2616330710237591
49	19	0.2891144001883177
49	20	0.3110870729866164
49	21	0.3351860883155737
49	22	0.28468134933496003
49	23	0.20263766338756284
49	24	0.3332292344480763
49	25	0.3147551112936995
49	26	0.08624114197016297
49	27	0.7032158490337537
49	28	1.155453346314431
50	1	0.40779237940630253
50	2	0.49188587405620865
50	3	0.5104209089384995
50	4	0.5246660267889425
50	5	0.4890484064461944
50	6	0.5591044016393099
50	7	0.5349690933005036
50	8	0.5241271841923734
50	9	0.5901610487994802
50	10	0.49012741593856646
50	11	0.5034226797154204
50	12	0.5084809490397149
50	13	0.5578837303161208
50	14	0.5412289131842201
50	15	0.5495727702627704
50	16	0.596177535318759
50	17	0.5729264741269091
50	18	0.6345054693690884
50	19	0.6280460714856488
50	20	0.6735073960853271
50	21	0.6074265711615539
50	22	0.6495458798771381
50	23	0.4145262186986969
50	24	0.5119557710693527
50	25	0.6588014824627138
50	26	0.4090961629731993
50	27	0.4350579911245305
50	28	-0.22349780311085254
51	1	0.4707170295984753
51	2	0.5620654957379756
51	3	0.5527279898721886
51	4	0.5147057253407965
51	5	0.545911283409211
51	6	0.5246769126338577
51	7	0.5171954321076768
51	8	0.5298180571936868
51	9	0.4808606236907593
51	10	0.46308430591977157
51	11	0.5521930028062059
51	12	0.5955772893549351
51	13	0.5753394770279456
51	14	0.5844387897274359
51	15	0.5770479179095958
51	16	0.5000185943815652
51	17	0.5997810771617722
51	18	0.5686139031242732
51	19	0.5012976765595951
51	20	0.5166319407089475
51	21	0.44960337202667944
51	22	0.6564102522077633
51	23	0.8716027848239847
51	24	0.7881324707466604
51	25	0.5027956264281244
51	26	0.31435959060747365
51	27	1.3080423950367717
51	28	1.6343287734657181
52	1	0.490670258736543
52	2	0.49010224597833485
52	3	0.49378926312312643
52	4	0.5227311904974172
52	5	0.4605882765934979
52	6	0.4784940738381991
52	7	0.5121606634168714
52	8	0.48995086935548926
52	9	0.49900936472300117
52	10	0.5127922980624717
52	11	0.568222173622388
52	12	0.5373709218256622
52	13	0.5934584781671361
52	14	0.5158270766418482
52	15	0.5821411329539359
52	16	0.5981286643667616
52	17	0.6357734669642667
52	18	0.543553290144942
52	19	0.6521667370183479
52	20	0.6475593337846703
52	21	0.5954300249809208
52	22	0.48803928798437113
52	23	0.45495537838539235
52	24	0.0228708428396871
52	25	0.1787769301422486
52	26	0.12210691434317056
52	27	0.11477794804098096
52	28	0.8322620008107151
53	1	0.556910900133353
53	2	0.6582026268555197
53	3	0.6361559351095707
53	4	0.6533943003815565
53	5	0.6699076347860426
53	6	0.6475698050271959
53	7	0.6943200065273913
53	8	0.6203921469786522
53	9	0.6785263782016315
53	10	0.6512334198255729
53	11	0.5868850739820815
53	12	0.6152274540420279
53	13	0.6173097335405728
53	14	0.6155272910194256
53	15	0.6990584589926456
53	16	0.6807165876388197
53	17	0.6660946646788233
53	18	0.6171072038117487
53	19	0.6619212278438837
53	20	0.6353248226757344
53	21	0.6875823150111842
53	22	0.6136320788218441
53	23	0.7679557051788279
53	24	0.5921031579522307
53	25	0.5271295620156025
53	26	0.6644974192758397
53	27	0.12809459832250525
53	28	1.1073975869600687
54	1	0.4669026910394223
54	2	0.5323404725151661
54	3	0.5488103425810209
54	4	0.5948847930398387
54	5	0.5973350671466733
54	6	0.62781517667527
54	7	0.5795851288142586
54	8	0.5628506344965132
54	9	0.5684219058647315
54	10	0.6271021921318791
54	11	0.5903289390807132
54	12	0.546268014194176
54	13	0.6185976554241677
54	14	0.5419883712779807
54	15	0.5872487456960727
54	16	0.5643011103285858
54	17	0.5506873124472023
54	18	0.5794017056460063
54	19	0.5370357764849629
54	20	0.5406248621546155
54	21	0.5447871302704144
54	22	0.4682542584169269
54	23	0.28652476289595796
54	24	0.5821116403856976
54	25	0.48254338926238916
54	26	0.4615108477039911
54	27	0.3988603294301214
54	28	0.46068259981954895
55	1	0.4601018556974168
55	2	0.5175030821174786
55	3	0.5281271779356445
55	4	0.6019389536028896
55	5	0.5793691638639089
55	6	0.613534518174994
55	7	0.5711724566696788
55	8	0.6516002137021175
55	9	0.6310474854116777
55	10	0.6219509482210768
55	11	0.6430928786225678
55	12	0.6006577847621557
55	13	0.6000027266806711
55	14	0.6480264737970458
55	15	0.6342442662939902
55	16	0.6218156421387349
55	17	0.6455720188034348
55	18	0.6320322344873048
55	19	0.6167450106404289
55	20	0.6134021259411071
55	21	0.4895036028103803
55	22	0.5344402430502484
55	23	0.6188046313650801
55	24	0.6665034719476708
55	25	0.5668262613911637
55	26	0.5217544855023704
55	27	0.13093427978432715
55	28	-0.6229495574968169
56	1	0.3058284385328207
56	2	0.2474689664422769
56	3	0.3054113240032592
56	4	0.3286050291789948
56	5	0.32855652098528765
56	6	0.3570414340868808
56	7	0.33740522020999464
56	8	0.3635812841793111
56	9	0.4026371747204607
56	10	0.414137766962547
56	11	0.3959473128224573
56	12	0.44353427517110333
56	13	0.388175126468731
56	14	0.4278506030277214
56	15	0.4429480443071938
56	16	0.4116196956184126
56	17	0.4693355655174116
56	18	0.4649534980673664
56	19	0.5607606292813756
56	20	0.5143188066329571
56	21	0.46638213060872147
56	22	0.5071220492986086
56	23	0.48619153755231537
56	24	0.8354669966858381
56	25	0.5879505005605168
56	26	0.7336000723479614
56	27	0.5765644927045983
56	28	-0.06404267490572835
57	1	0.3992609044559927
57	2	0.5071963518202196
57	3	0.5282118196662111
57	4	0.5229049052632604
57	5	0.47329010215009504
57	6	0.5136709260323542
57	7	0.5322007592434517
57	8	0.4815490660876094
57	9	0.50474374225454
57	10	0.520457469564775
57	11	0.5263066684606272
57	12	0.5406842132132397
57	13	0.5512482367537359
57	14	0.5049261916274759
57	15	0.5676072760296194
57	16	0.49935203762584734
57	17	0.46289194717788007
57	18	0.5214589218907051
57	19	0.4721788573809107
57	20	0.4928860799977386
57	21	0.5205033925783127
57	22	0.4770981075737879
57	23	0.4459701542083181
57	24	0.5770054582242992
57	25	0.5137061192636949
57	26	0.3497256686060055
57	27	0.8402840807437997
57	28	1.072244950512335
58	1	0.5790100055436866
58	2	0.6254974286407915
58	3	0.5758187028464974
58	4	0.6038119172321998
58	5	0.6169691969373545
58	6	0.6357887450029267
58	7	0.6752098281761434
58	8	0.6216055856578322
58	9	0.626608044682655
58	10	0.6272082377517592
58	11	0.7284593725069257
58	12	0.7309566872704281
58	13	0.7178465264229388
58	14	0.7469601464761624
58	15	0.7486252092950423
58	16	0.7244273101108405
58	17	0.6918648022283307
58	18	0.7639063871010521
58	19	0.7918376080101837
58	20	0.8026913596942933
58	21	0.8683375522362695
58	22	0.8844960547464424
58	23	0.6980981727477058
58	24	1.1383150577157224
58	25	1.3744237675532602
58	26	0.9748840591193115
58	27	1.1404210093302751
58	28	1.337031476168427
59	1	0.5000539838507763
59	2	0.5897953886951868
59	3	0.5358150353122753
59	4	0.526317210366777
59	5	0.5344801974821038
59	6	0.523562894294237
59	7	0.5784761435269772
59	8	0.5268400346193616
59	9	0.5851681373132251
59	10	0.5657680479720639
59	11	0.6091662365391102
59	12	0.6455787447659915
59	13	0.6279299469963462
59	14	0.6053296881616603
59	15	0.6607160856261345
59	16	0.6158804546700054
59	17	0.6379592043819429
59	18	0.6192517270972502
59	19	0.6853731563055234
59	20	0.6543279060985085
59	21	0.7147701808060347
59	22	0.6315438718320792
59	23	0.8120921552072105
59	24	0.9155338863179452
59	25	0.6295134672105931
59	26	0.1897680873395018
59	27	-0.12985824598887064
59	28	-0.216175195850127
60	1	0.6890053341824753
60	2	0.7146189519616968
60	3	0.7752209875316751
60	4	0.7652119219325328
60	5	0.7467669118658478
60	6	0.786711894189331
60	7	0.7422602482928085
60	8	0.765842152918836
60	9	0.797389984189337
60	10	0.7804440809678752
60	11	0.7639476166771431
60	12	0.7539864014417148
60	13	0.7943984501641737
60	14	0.7960607565218112
60	15	0.8209157312609037
60	16	0.8415683726636161
60	17	0.815803967004399
60	18	0.8571492919153556
60	19	0.8759946100730716
60	20	0.8172815878122464
60	21	0.9072735595396253
60	22	0.8032748249370911
60	23	0.7021827568627756
60	24	0.6218797425160645
60	25	0.5983410797687014
60	26	0.4484252471731338
60	27	0.40035008734446365
60	28	1.100762949577316
71	1	0.22161305369768058
71	2	0.28892931519186504
71	3	0.21987393323301774
71	4	0.19636086875275538
71	5	0.2785827682668156
71	6	0.17340866748056527
71	7	0.2258639155594011
71	8	0.21040161350234143
71	9	0.237275372907078
71	10	0.13539235130916438
71	11	0.024423470648969214
71	12	0.0788665086183542
71	13	0.08187310060711894
71	14	0.11045544038385202
71	15	0.09030653217809004
71	16	0.03987551912241116
71	17	-0.0014390685383460777
71	18	-0.10804566593677123
71	19	-0.2297600631651946
71	20	0.09361925155840112
71	21	0.18750271915424577
71	22	0.0816312083823405
71	23	-0.03008284400222294
71	24	-0.015756206340640233
71	25	-0.28920805516946757
71	26	0.21768768285066642
71	27	0.07712911356168917
71	28	0.39108553022247605
72	1	0.13455691353983923
72	2	0.17841095676323704
72	3	0.17333613112781876
72	4	0.1574334428268429
72	5	0.107806490539339
72	6	0.11724009645109845
72	7	0.09141271005915286
72	8	0.13141640352888118
72	9	0.14719073783089698
72	10	0.0796209989116008
72	11	0.021310641766319804
72	12	0.05233430764678104
72	13	0.10506612939182958
72	14	0.13005640828872345
72	15	0.03580952824122363
72	16	0.092184141585399
72	17	0.12627611721259058
72	18	0.10699383553068742
72	19	0.09870534968968059
72	20	0.13725087490016818
72	21	0.20090322672741223
72	22	0.16229777767249232
72	23	0.27438845108480336
72	24	0.4482324130876236
72	25	0.18832682130157963
72	26	-0.13063952192358386
72	27	0.145277623576348
72	28	0.0036981428350912893
73	1	0.40027369192851125
73	2	0.41579302802470863
73	3	0.2948405338489195
73	4	0.36683622120862225
73	5	0.3582666493863158
73	6	0.30369187884437565
73	7	0.2621741574176397
73	8	0.3547527995828119
73	9	0.4146400425013752
73	10	0.24180389972138983
73	11	0.1537017538186305
73	12	0.2210113180117972
73	13	0.2617083272900018
73	14	0.29423376639357457
73	15	0.2321274344125257
73	16	0.318105535365369
73	17	0.3051070974118275
73	18	0.3212983751053997
73	19	0.3201653820061665
73	20	0.31169981470938524
73	21	0.36368341975786933
73	22	0.27753390056138727
73	23	0.3381573006117051
73	24	0.31517210584117095
73	25	-0.31953939895259253
73	26	0.12526578368579777
73	27	-0.04585453311758414
73	28	0.7431104523408578
74	1	0.4588924386364397
74	2	0.4920665425295567
74	3	0.48817883303788534
74	4	0.41978715077185313
74	5	0.4693437960911737
74	6	0.3810577719666668
74	7	0.3976800799952329
74	8	0.3522768875453224
74	9	0.380737334904218
74	10	0.3455661656862574
74	11	0.21705702790261938
74	12	0.3413983478107667
74	13	0.35418680995253027
74	14	0.3802963197313076
74	15	0.35289627602530516
74	16	0.2655545599803375
74	17	0.2671396232181067
74	18	0.29842929299704224
74	19	0.312519681367732
74	20	0.33746130077136627
74	21	0.24550342676280934
74	22	0.19254584175845224
74	23	0.24413378740215563
74	24	0.500619277894458
74	25	0.9633836927052997
74	26	0.8276350126726513
74	27	0.8969632780752974
74	28	0.9496440887810351
75	1	0.14156705094738697
75	2	0.061253893552105865
75	3	0.09664381741204409
75	4	0.08065871428205185
75	5	0.044978827892386164
75	6	-0.0720458333046139
75	7	0.0033007915981073666
75	8	0.00567915657980933
75	9	0.028097090529215052
75	10	-0.010321142481011236
75	11	-0.037850711728474096
75	12	-0.045990912337522616
75	13	-0.03835534524947093
75	14	0.023083549344057985
75	15	-0.027651369621217725
75	16	-0.06133282082757319
75	17	-0.04477109305914695
75	18	-0.04889358658861909
75	19	-0.07955694279786485
75	20	0.028510768194884406
75	21	-0.008699396622084521
75	22	-0.046667515097453816
75	23	-0.12038271213594243
75	24	-0.1994689951573676
75	25	0.13378322213835503
75	26	0.4429707017185862
75	27	0.8881222816493235
75	28	0.9144188635558095
76	1	0.1560931727214694
76	2	0.11090707410328093
76	3	0.21747991808556577
76	4	0.18634025674127486
76	5	0.12626427671547447
76	6	0.2302781097702038
76	7	0.20934356495898498
76	8	0.026720880347873788
76	9	0.25189455215047474
76	10	0.19746145365541423
76	11	0.03946834221743245
76	12	0.12364312752463036
76	13	0.17367754769111343
76	14	0.18122599908840442
76	15	0.25736051890390144
76	16	0.16258163160634354
76	17	0.20542418186293077
76	18	0.22571642529089075
76	19	0.1858564495391377
76	20	0.20876213079314
76	21	0.33494082187247187
76	22	0.36001484916702253
76	23	0.5627460988879776
76	24	0.22443100726420084
76	25	-0.4362643667335533
76	26	-0.6967562607387521
76	27	-0.881701194706821
76	28	-1.6775419207579105
77	1	0.17701555129614377
77	2	0.16056735553768675
77	3	0.1622043847219743
77	4	0.20135277214235003
77	5	0.1608615661260231
77	6	0.13419505419663125
77	7	0.24589564329372138
77	8	0.17662996536181907
77	9	0.23293152770329328
77	10	0.17842284396732566
77	11	0.17757549480157309
77	12	0.15210032225908776
77	13	0.15936776233348127
77	14	0.2846419643306106
77	15	0.19286654315654772
77	16	0.19961077368532898
77	17	0.162851586052021
77	18	0.22193042909484717
77	19	0.1431345158005115
77	20	0.2717164862594075
77	21	0.20373279283382573
77	22	0.2078407489060794
77	23	0.5416229485481097
77	24	0.40490095894999456
77	25	0.9498448766315519
77	26	0.7562091358822869
77	27	0.8345560210268346
77	28	0.960978003340756
78	1	0.153404515565704
78	2	0.15134112306369474
78	3	0.1458606488558516
78	4	0.21508308163385692
78	5	0.13401284867431684
78	6	0.08048319789373437
78	7	0.11796289146843719
78	8	0.16174491011855707
78	9	0.12002757990979518
78	10	0.10566021555096228
78	11	0.09086458183394086
78	12	0.07459946291942288
78	13	0.11492209456841351
78	14	0.09137381158782887
78	15	0.07361340624370882
78	16	0.05367572167266843
78	17	0.09622006831602192
78	18	0.12952423746942543
78	19	0.15565618673917925
78	20	0.2011431707403517
78	21	0.16777053999778957
78	22	0.12112458857620823
78	23	0.21104510866867798
78	24	-0.3203388113389849
78	25	-0.4253048015603298
78	26	-0.5765197441412866
78	27	-0.06786696691910521
78	28	-0.22214602194036814
79	1	0.3741530994493232
79	2	0.37740089281391676
79	3	0.3190845116197778
79	4	0.33978895096466033
79	5	0.2906061260301982
79	6	0.29643560322385554
79	7	0.3428610506939407
79	8	0.2920808086495086
79	9	0.3852815584565832
79	10	0.356018337800478
79	11	0.24326846686463455
79	12	0.26330014097651144
79	13	0.28524116235291075
79	14	0.3392918753079144
79	15	0.2495326789242469
79	16	0.2883170505944648
79	17	0.2581334480830293
79	18	0.2989735738910042
79	19	0.26968076954130993
79	20	0.3025820870272611
79	21	0.4016649236181493
79	22	0.3122902937628993
79	23	0.44341196684198536
79	24	0.037236118652984374
79	25	-0.03802699324074155
79	26	-0.1099208645464742
79	27	-0.621872134877762
79	28	-0.5128692720374062
80	1	0.03564654349234786
80	2	0.011048514957977318
80	3	-0.00398513590233307
80	4	0.019254985870652774
80	5	-0.059816121403841294
80	6	-0.10635866454838805
80	7	0.0015015678039986824
80	8	0.001832704651512529
80	9	-0.11519218626389716
80	10	-0.08560238297963707
80	11	-0.13453305751567513
80	12	-0.18139889736187342
80	13	-0.1034338302768063
80	14	-0.03202349195223775
80	15	-0.060906605433991956
80	16	-0.12142021851087748
80	17	-0.1023677163846699
80	18	-0.0874558165725361
80	19	-0.18470858110631383
80	20	-0.09996929497132356
80	21	-0.16718718528390752
80	22	-0.08360973674228944
80	23	-0.26787086514311653
80	24	-0.2312750202130971
80	25	0.009484631454249381
80	26	-0.4237187180766355
80	27	-0.24535438000948773
80	28	-1.4109978031108525
81	1	0.4159108742360047
81	2	0.4163517653372466
81	3	0.38999057625871814
81	4	0.42153603653942184
81	5	0.3776867649806164
81	6	0.420130275322947
81	7	0.4633640492752704
81	8	0.43750047124791536
81	9	0.45560107908732306
81	10	0.43789315895300973
81	11	0.34736130453749325
81	12	0.39617693695841893
81	13	0.38480511518108074
81	14	0.42566620868313976
81	15	0.38062753583869835
81	16	0.31947357992140724
81	17	0.34401480590566536
81	18	0.3331679581091649
81	19	0.38702704579169733
81	20	0.40217098001242135
81	21	0.4226201743760356
81	22	0.3632395741539298
81	23	0.5311684241182775
81	24	0.745594352773459
81	25	0.7509368796223939
81	26	0.7074828968405384
81	27	0.5043373281738113
81	28	0.9466410857780332
82	1	0.2580577922921421
82	2	0.2388186672317758
82	3	0.21452808414393587
82	4	0.2350462231999657
82	5	0.2474334774516862
82	6	0.20854393306343155
82	7	0.1923380748506034
82	8	0.2095662545061998
82	9	0.2218999835249278
82	10	0.2237099684035826
82	11	0.15831593817323153
82	12	0.15515519108967624
82	13	0.1621289641374588
82	14	0.2114335034273509
82	15	0.19259930057253882
82	16	0.17306493108861787
82	17	0.1778167134102091
82	18	0.16385117488078293
82	19	0.18459523823293722
82	20	0.14854154971698108
82	21	0.20258656975182276
82	22	0.14405244683543827
82	23	0.319549972979992
82	24	0.41710830802074383
82	25	0.8417085891618115
82	26	0.8789963427442302
82	27	1.1072081415709363
82	28	0.9719436160310622
83	1	0.17779199622525965
83	2	0.2329093402705169
83	3	0.17573546432938514
83	4	0.18432332830374776
83	5	0.2099241615458638
83	6	0.18757956891855088
83	7	0.1819270500549024
83	8	0.171508918469776
83	9	0.18889401407188444
83	10	0.18765817657364892
83	11	0.10235106732065447
83	12	0.11790533861677233
83	13	0.1672002596072062
83	14	0.1931750068605993
83	15	0.09215029451968348
83	16	0.16478765481946311
83	17	0.14433904515779972
83	18	0.22847171006518607
83	19	0.1622193280161639
83	20	0.15333713526226234
83	21	0.1173724951938695
83	22	0.1858557675728818
83	23	0.3574842546870656
83	24	0.24647521177172393
83	25	0.07298620218607965
83	26	0.6920029597831032
83	27	0.4038588592742869
83	28	-0.13125123953697226
84	1	0.11432274083862382
84	2	0.14656996991677573
84	3	0.10886233679168811
84	4	0.1338694232472406
84	5	0.12474752940021716
84	6	0.00903177999806104
84	7	0.06577463489036006
84	8	0.059591683382357985
84	9	0.062388857301797884
84	10	0.037141549227207804
84	11	-0.06681641307268649
84	12	0.005447598947540655
84	13	-0.0023335759796196953
84	14	-0.025582996764939026
84	15	0.007994087507618985
84	16	-0.0584842154214229
84	17	-0.004239605980345118
84	18	-0.06949503360343101
84	19	-0.12122492367023341
84	20	-0.040719081629355
84	21	-0.12357942649052234
84	22	-0.1927969452060907
84	23	0.005654056081915826
84	24	-0.08611638343768391
84	25	-0.044007392085596564
84	26	-0.41334508775509704
84	27	-0.6560601690657961
84	28	-1.160196521059575
85	1	0.14943796508924123
85	2	0.17293632105493373
85	3	0.10818714334266133
85	4	0.18013848642806352
85	5	0.174456886323064
85	6	0.1218731330143683
85	7	0.18784613590456445
85	8	0.1954957289086181
85	9	0.15953078878703764
85	10	0.13817875529737478
85	11	0.10681958347151976
85	12	0.14592446019012328
85	13	0.1502253978014636
85	14	0.147250092409422
85	15	0.16347639537329428
85	16	0.155952152995674
85	17	0.19094764516532337
85	18	0.1891013779341577
85	19	0.1287478112748417
85	20	0.1250971846756812
85	21	0.18640359472092172
85	22	0.1374213659060004
85	23	0.0690835006767827
85	24	-0.24550362067962794
85	25	0.33994029647888624
85	26	0.6044673003580456
85	27	0.8413757283701031
85	28	1.5060280589581083
86	1	0.27981091809150627
86	2	0.29082767299800594
86	3	0.29680069531828224
86	4	0.32525324404282685
86	5	0.31464414870860224
86	6	0.29520955441113017
86	7	0.27490224990032885
86	8	0.31248238921423876
86	9	0.28646082843259535
86	10	0.23754699669147783
86	11	0.26777952740560096
86	12	0.22061066116942385
86	13	0.26761452338024583
86	14	0.25925646454511053
86	15	0.21457293526293597
86	16	0.14256641504096734
86	17	0.20748135868178963
86	18	0.18500344013074255
86	19	0.24767474314825932
86	20	0.2564474868217417
86	21	0.22242142017556432
86	22	0.2592065526899816
86	23	0.2790784347485058
86	24	0.23035323720588252
86	25	0.10024517452766446
86	26	-0.3633806496327665
86	27	0.5063949923531013
86	28	0.6955727097096585
87	1	0.19803767052933807
87	2	0.2381661758452509
87	3	0.19328253934594386
87	4	0.1797092679743031
87	5	0.20315609199197837
87	6	0.15717868897348097
87	7	0.13475566315589305
87	8	0.21813130455348784
87	9	0.1852409923275644
87	10	0.10503109579554604
87	11	0.18157773380966802
87	12	0.15576815457423265
87	13	0.1883517462029971
87	14	0.18967484524787892
87	15	0.10732314431817969
87	16	0.16573573681993992
87	17	0.1394469696025311
87	18	0.17211082003914413
87	19	0.19037206208635382
87	20	0.1939047467281867
87	21	0.10765115597450858
87	22	0.10749336256916564
87	23	0.08142907192495841
87	24	0.38145135131426144
87	25	0.39864719303060525
87	26	0.8933761071239914
87	27	0.5923898883394898
87	28	0.9954469009389868
88	1	0.12601956227355515
88	2	0.06794198082796044
88	3	0.05460210479797212
88	4	0.08114914718382238
88	5	-0.02001177746093674
88	6	0.00977837094321643
88	7	-0.025935183932666916
88	8	0.03402035711066276
88	9	0.04111618948440565
88	10	-0.005393990074715305
88	11	-0.04498976953088629
88	12	-0.07544555065626213
88	13	-0.04353929758991626
88	14	-0.0526381225236392
88	15	-0.02087915484399616
88	16	0.0018440859082531347
88	17	-0.031989995419074546
88	18	-0.06702060718137659
88	19	-0.11258134724500479
88	20	-0.04495048512180233
88	21	-0.12243195862669864
88	22	-0.05640784191917447
88	23	-0.12362549285851543
88	24	-0.276792754894025
88	25	0.2685378574544899
88	26	0.4879707017185879
88	27	-0.17584038884601227
88	28	0.5317583130970931
89	1	0.04668305338469736
89	2	0.03748598544579096
89	3	0.012311318723639886
89	4	0.01688660672881781
89	5	0.08440074741256609
89	6	0.15339104417157046
89	7	0.076608091079855
89	8	0.14113623102598183
89	9	0.07449510330897624
89	10	0.12680279384201043
89	11	0.03342110883666294
89	12	0.017038668123745992
89	13	0.08092031037024583
89	14	0.06250896516603177
89	15	0.039049667634408536
89	16	0.007267582373714276
89	17	0.05369034962762953
89	18	0.009091331436906103
89	19	-0.05917615112757346
89	20	-0.12387116707460422
89	21	-0.044172631307120014
89	22	0.0014602455196879305
89	23	0.11554594883511982
89	24	-0.0427198165009699
89	25	0.21479323765535696
89	26	0.055517285569521846
89	27	-0.2761112080741768
89	28	-0.6122147998105234
90	1	0.18623844917829757
90	2	0.2352671248813678
90	3	0.1816331957934736
90	4	0.1634657038740741
90	5	0.19978465871805895
90	6	0.14948686140389356
90	7	0.16369749453536997
90	8	0.17638121599836865
90	9	0.1760529487858804
90	10	0.14340056316572003
90	11	0.17628324425488984
90	12	0.15219728178938396
90	13	0.21066865200786822
90	14	0.1983224364271834
90	15	0.13698291376434213
90	16	0.16057332348612618
90	17	0.1434757360684955
90	18	0.15910215431157582
90	19	0.21333255696367814
90	20	0.22703681729245773
90	21	0.18584711558684575
90	22	0.2665093764484965
90	23	0.47131336583713335
90	24	0.3327736578530889
90	25	0.48496776900635297
90	26	0.25490153745345623
90	27	-0.07031043492896316
90	28	0.3029312602500269
91	1	0.025616087489169104
91	2	0.004301568777535181
91	3	-0.027612897191822583
91	4	0.030104974363723613
91	5	-0.10018661464763312
91	6	-0.051276636579082435
91	7	-0.009075243192441462
91	8	-0.021513510465304364
91	9	-0.049253594413194435
91	10	-0.06847827850269539
91	11	-0.1001808378737934
91	12	-0.010029931401462022
91	13	-0.05434317659354093
91	14	-0.09905838036490877
91	15	-0.05811266315992469
91	16	-0.11221467486075909
91	17	-0.09916131793407601
91	18	-0.09074508096055212
91	19	-0.10311060925195648
91	20	-0.15905617194642474
91	21	-0.15249528465161433
91	22	-0.2364465393521158
91	23	0.028321234249624183
91	24	0.13050973172857283
91	25	0.06188350360583428
91	26	0.14997976516269773
91	27	0.24167738749529377
91	28	0.46315760229455094
92	1	0.17469587916499307
92	2	0.17377719160326421
92	3	0.2239093027547625
92	4	0.19878602741167128
92	5	0.19031683544686473
92	6	0.19136507761583488
92	7	0.16794435523751616
92	8	0.12800350166158125
92	9	0.154496164705634
92	10	0.19659099385022927
92	11	0.09082537770555632
92	12	0.1235036009476076
92	13	0.12776214172458822
92	14	0.1376719409114031
92	15	0.1812194705570107
92	16	0.09137470811155879
92	17	0.11491598886232168
92	18	0.18294301273702018
92	19	0.1503683859595739
92	20	0.08479549426983368
92	21	0.025853875409559635
92	22	0.061470932567985415
92	23	0.10089275552381594
92	24	0.025475009506351398
92	25	-0.12638323293288067
92	26	0.25313463614481435
92	27	0.056760343754717724
92	28	1.0815617206986659
93	1	0.010006197900452207
93	2	-0.06689291286409826
93	3	-0.028639047567573073
93	4	-0.08323585273419809
93	5	-0.04078453856229913
93	6	-0.08195841120742386
93	7	-0.07100023772643738
93	8	-0.010806507071805527
93	9	-0.10245763165301014
93	10	-0.09396644319934921
93	11	-0.16309906512406513
93	12	-0.17116669685437813
93	13	-0.09902103682993868
93	14	-0.07160928763011754
93	15	-0.11595209392008599
93	16	-0.1453935370100723
93	17	-0.20751174398922956
93	18	-0.21308961992247788
93	19	-0.17985826527966253
93	20	-0.1296942405050885
93	21	-0.1785142835244713
93	22	-0.27128862832821454
93	23	-0.395711696044053
93	24	-0.8420582719597576
93	25	-0.6484098153779385
93	26	-0.003488925610604099
93	27	-0.48060229360791595
93	28	-0.4755811364441911
94	1	0.14695864072703557
94	2	0.149993371797855
94	3	0.17339950667319215
94	4	0.13897994984269957
94	5	0.12590593314111942
94	6	0.10083129113043299
94	7	0.09242456315435277
94	8	0.14469849033277882
94	9	0.14455847311560177
94	10	0.1587194757907895
94	11	0.11046585484803018
94	12	0.05446454990136118
94	13	0.005464394156945218
94	14	0.08328702820981704
94	15	0.09874412736095906
94	16	0.019503456612156356
94	17	0.08551941415887399
94	18	0.038363264196966895
94	19	0.07600059220499844
94	20	0.1152009836664476
94	21	0.015301133222457963
94	22	0.03911982986070228
94	23	0.07568787293492818
94	24	0.10430152615111865
94	25	0.08004593028169893
94	26	-0.5995292982814107
94	27	-0.32380893406226363
94	28	0.39108553022247605
95	1	-0.05322749874357413
95	2	-0.13465488433522665
95	3	8.985864693897838E-4
95	4	-0.09360059220576744
95	5	-0.009825419009573011
95	6	0.07495080138828314
95	7	-0.020175932787068973
95	8	-0.15060185127269676
95	9	-0.012736644315317847
95	10	-0.04716966709587922
95	11	-0.08299085037033649
95	12	0.022288090328984822
95	13	-0.06883221497276537
95	14	-0.04414650724547187
95	15	0.016299517172207345
95	16	-0.01646198247034647
95	17	0.01847804696203781
95	18	0.04966510342435271
95	19	0.09069523680084046
95	20	0.03948107977316795
95	21	0.126846172079901
95	22	-0.053101685179861136
95	23	-0.04233528839007761
95	24	-0.3020809566461722
95	25	-1.13200414796556
95	26	-1.2134998865167077
95	27	-1.6035146469550554
95	28	-0.3764985676368511
96	1	0.14058666726987923
96	2	0.14901883753490353
96	3	0.12047930017850916
96	4	0.09906876293492672
96	5	0.1297710776210863
96	6	0.0821018205156534
96	7	0.1260807465930469
96	8	0.12975645375307465
96	9	0.12320346495641132
96	10	0.09913129263026121
96	11	0.1776006844915301
96	12	0.18187935547969403
96	13	0.19533413818957257
96	14	0.1937374657657145
96	15	0.23408665171319853
96	16	0.19337309713868223
96	17	0.17101913841213445
96	18	0.10174426661589564
96	19	0.12556305103771592
96	20	0.2254408690943066
96	21	0.2889464916030562
96	22	0.2897728580600898
96	23	0.2364322730698376
96	24	0.4956782710544161
96	25	0.8508198273957248
96	26	0.6192732227269886
96	27	0.24409185282535617
96	28	0.04224832092015163
97	1	-0.052179357216189715
97	2	-0.04890790301441683
97	3	-0.08837795418017436
97	4	-0.07734958039770845
97	5	-0.1164723581835645
97	6	-0.15795414457595314
97	7	-0.13727885380821903
97	8	6.308276152111603E-5
97	9	-0.09041348877585165
97	10	-0.12005839253681927
97	11	-0.1579941835709704
97	12	-0.16762346453486998
97	13	-0.22436757122714823
97	14	-0.18041138264064216
97	15	-0.2017123408075392
97	16	-0.19548771477926863
97	17	-0.1414354920250318
97	18	-0.18904673393340943
97	19	-0.2472723500712135
97	20	-0.22697616418839317
97	21	-0.3004834858097283
97	22	-0.18793060913677806
97	23	0.07121010835583519
97	24	-0.12075289453404991
97	25	0.05981975140550588
97	26	0.15302595033737276
97	27	0.27175983701508244
97	28	0.42160196214736345
98	1	-0.11181692801012844
98	2	-0.16242294797039136
98	3	-0.21679127944830867
98	4	-0.18975213241308353
98	5	-0.18620522817546004
98	6	-0.1940245978108024
98	7	-0.26948238474839314
98	8	-0.208954358079815
98	9	-0.1781572047703861
98	10	-0.27986548307811887
98	11	-0.24424339139697793
98	12	-0.2824699575990124
98	13	-0.22883400578408697
98	14	-0.26534003916057713
98	15	-0.27168290219510993
98	16	-0.23312111437142846
98	17	-0.22630613679273637
98	18	-0.3058187397615413
98	19	-0.35247973894704643
98	20	-0.2760025828077417
98	21	-0.3727737316893851
98	22	-0.28720694941972624
98	23	0.012904010247069664
98	24	-0.28479425149993887
98	25	-0.15068334777274117
98	26	0.1474281797244501
98	27	-0.3067823726264223
98	28	-0.18034304120609335
99	1	-0.13837251722128485
99	2	-0.16445505044774222
99	3	-0.23116123843219327
99	4	-0.2111565519653169
99	5	-0.24566183274327358
99	6	-0.35067479082347575
99	7	-0.32832911411071564
99	8	-0.30342133832563434
99	9	-0.2627847719057428
99	10	-0.3593168910761335
99	11	-0.38516596724101504
99	12	-0.3612608905780874
99	13	-0.3716141069883747
99	14	-0.33696962400230746
99	15	-0.3066224226128682
99	16	-0.3498425832747003
99	17	-0.30961442244233695
99	18	-0.33551555828466206
99	19	-0.3485121443202033
99	20	-0.3472843898842015
99	21	-0.3954764046969501
99	22	-0.26279510853496646
99	23	-0.11839215200911468
99	24	0.06518616640501307
99	25	0.07752650337543798
99	26	-0.35088471996815684
99	27	0.4598095468039247
99	28	0.7162221422443338
100	1	-0.324876738514007
100	2	-0.3950944809597914
100	3	-0.35571735103935964
100	4	-0.3645583365087788
100	5	-0.3586286425417171
100	6	-0.33676450743507047
100	7	-0.3524604313174464
100	8	-0.34007430208712464
100	9	-0.3335799241149431
100	10	-0.3711466030908497
100	11	-0.401261102309185
100	12	-0.44065535383545296
100	13	-0.40445786449996746
100	14	-0.34864055075213685
100	15	-0.4909501834721155
100	16	-0.36105191519494895
100	17	-0.37740280039841423
100	18	-0.290731750196187
100	19	-0.3424291636560568
100	20	-0.31295644364961817
100	21	-0.20884642406274878
100	22	-0.1695498113862044
100	23	-0.32942911245071116
100	24	-0.3184046999444732
100	25	-0.42636567367036804
100	26	-0.9987007680220472
100	27	-0.20908944067913637
100	28	-0.4137925185580116
101	1	-0.10555970722549546
101	2	-0.06263417644239411
101	3	-0.11969373860242172
101	4	-0.09743236765083196
101	5	-0.11837887814820647
101	6	-0.13644883703278055
101	7	-0.12029110507855023
101	8	-0.11175302965924772
101	9	-0.17972232139666744
101	10	-0.1309948504026508
101	11	-0.15318145655805893
101	12	-0.17919588609020565
101	13	-0.18990868347272283
101	14	-0.19614761820481874
101	15	-0.18595934730687702
101	16	-0.16539206047782784
101	17	-0.19326024849412704
101	18	-0.11726121536376866
101	19	-0.18974577181288055
101	20	-0.1657630543355353
101	21	-0.22984679858939927
101	22	-0.17043263437389555
101	23	-0.1884412132117106
101	24	0.017771470454746918
101	25	0.504558523079865
101	26	0.1896373683852559
101	27	0.07610766310203587
101	28	0.5957059922686838
102	1	-0.03481552074666183
102	2	-0.06829134883838606
102	3	-0.10017054361740918
102	4	-0.05752872167435896
102	5	-0.06802579157647415
102	6	-0.1954228978112269
102	7	-0.12949857471834036
102	8	-0.14202712835661657
102	9	-0.08119266219051724
102	10	-0.14769879071368308
102	11	-0.18365009008554267
102	12	-0.1752459800531625
102	13	-0.2013026206754418
102	14	-0.20037765293346155
102	15	-0.1444057781014081
102	16	-0.1977190944591385
102	17	-0.15909889305037694
102	18	-0.18108777359960015
102	19	-0.18230152591733173
102	20	-0.17261319816430643
102	21	-0.21296383775553807
102	22	-0.16871737094979267
102	23	-0.2515341326328766
102	24	-0.2405674523257062
102	25	-0.8096403829266379
102	26	-0.338783684246323
102	27	-0.017449265406348502
102	28	1.4602679201595876
103	1	-0.10844933290645997
103	2	-0.11079758515144533
103	3	-0.15708313175326793
103	4	-0.11631933695736052
103	5	-0.17164233682473196
103	6	-0.14975573258013952
103	7	-0.1937965104572541
103	8	-0.157177926614402
103	9	-0.16464370429498842
103	10	-0.187132935143417
103	11	-0.1521607614859164
103	12	-0.26554125183242405
103	13	-0.203252825664471
103	14	-0.22343375990749337
103	15	-0.22741644901603308
103	16	-0.17370920372005827
103	17	-0.23610088456153022
103	18	-0.18497583738808032
103	19	-0.2617714689904247
103	20	-0.2642028716136551
103	21	-0.2587005928646988
103	22	-0.2707825763428744
103	23	-0.4563436458935186
103	24	-0.09355750894383164
103	25	-0.008520402211075861
103	26	0.12565726888276885
103	27	-0.08055606152284867
103	28	0.13905300989727465
104	1	-0.2018988741317287
104	2	-0.19270373718376987
104	3	-0.237229882722076
104	4	-0.2737194221670052
104	5	-0.20904378329228734
104	6	-0.24127674246636133
104	7	-0.2797685174843707
104	8	-0.24667727018991314
104	9	-0.27216094657060097
104	10	-0.270036233385639
104	11	-0.35495320290658583
104	12	-0.3695691906241194
104	13	-0.3828972958357326
104	14	-0.34414458017622707
104	15	-0.40691898573998486
104	16	-0.3395829069616525
104	17	-0.3073231096679052
104	18	-0.3033716656246739
104	19	-0.3311679715437208
104	20	-0.27389554720236475
104	21	-0.21967155907126568
104	22	-0.2599560905642022
104	23	-0.2091286195438471
104	24	-0.30898156679887023
104	25	-0.325211525383466
104	26	-0.690400084798263
104	27	-0.4882343875413824
104	28	0.6382119670040893
105	1	-0.1499398008428443
105	2	-0.21848767902236688
105	3	-0.2725290357898871
105	4	-0.19389710109295066
105	5	-0.19948549693608442
105	6	-0.25349577871415363
105	7	-0.2744600878049894
105	8	-0.3068278553528643
105	9	-0.3201983914341753
105	10	-0.2800860188866139
105	11	-0.3691852108107696
105	12	-0.3845055436105227
105	13	-0.38748363741565583
105	14	-0.3874046210287361
105	15	-0.354243445901659
105	16	-0.2939508179455288
105	17	-0.2534406933106865
105	18	-0.3659393960169197
105	19	-0.33909638769370076
105	20	-0.40350623213424797
105	21	-0.5866691779006032
105	22	-0.4857189428118076
105	23	-0.42870265497106885
105	24	-0.05911265349283212
105	25	-0.17899439302860998
105	26	-0.36494952620164156
105	27	-1.0440943570999792
105	28	-0.7627606236236772
106	1	-0.15705285321485718
106	2	-0.1473573625248008
106	3	-0.1727898840892692
106	4	-0.17159242501582384
106	5	-0.16395829495207437
106	6	-0.16240398972487213
106	7	-0.19352196228427943
106	8	-0.20164286035193868
106	9	-0.15544851613898203
106	10	-0.16741548896984426
106	11	-0.1590088012130053
106	12	-0.27821833183594435
106	13	-0.1961235193927422
106	14	-0.16995204037055345
106	15	-0.1656881197069353
106	16	-0.2792477214154303
106	17	-0.22542361665246347
106	18	-0.23257176409206437
106	19	-0.2960058830620369
106	20	-0.23049178339090304
106	21	-0.3154228796666487
106	22	-0.21066513102772433
106	23	-0.2178765721061282
106	24	0.21191787254265648
106	25	-0.2600543730307123
106	26	0.05372214680529197
106	27	0.03065311764749623
106	28	0.12272394830157651
107	1	-0.34883257313203586
107	2	-0.42974334894538657
107	3	-0.470337243823316
107	4	-0.46099829307787843
107	5	-0.4548682469703067
107	6	-0.4576255182775526
107	7	-0.5175362741026959
107	8	-0.46805543523940685
107	9	-0.4978261771718877
107	10	-0.444428234323091
107	11	-0.5073941039436889
107	12	-0.5468449659385328
107	13	-0.5429943864052404
107	14	-0.5494536571567821
107	15	-0.5740437169401744
107	16	-0.5722567469002158
107	17	-0.5117959110071908
107	18	-0.5704849926371267
107	19	-0.580314079851199
107	20	-0.48054287671718754
107	21	-0.5598731926565463
107	22	-0.37792245655543866
107	23	-0.41046314822715857
107	24	-0.6053671089675419
107	25	-0.6535597035211183
107	26	-0.5504659907878704
107	27	-0.5535155653805077
107	28	-1.6199519973713379
108	1	-0.39760569118882927
108	2	-0.41741420758856407
108	3	-0.4701628952926029
108	4	-0.4812775274178094
108	5	-0.43713396779897096
108	6	-0.4962627861594058
108	7	-0.5373364000136718
108	8	-0.4529362840200619
108	9	-0.48811226377576844
108	10	-0.5388010271515355
108	11	-0.4996447951289369
108	12	-0.5367729879977929
108	13	-0.47841519058533777
108	14	-0.576134882870285
108	15	-0.5529726469119041
108	16	-0.5285760727347864
108	17	-0.4881372487604594
108	18	-0.5092073895941809
108	19	-0.5321614617275046
108	20	-0.5602266479125007
108	21	-0.4730338751295875
108	22	-0.5523204990517883
108	23	-0.49400527987204157
108	24	-0.6005160119022079
108	25	-0.07900020456495582
108	26	0.021745074977637557
108	27	0.14544812656014727
108	28	0.2126078399337672
109	1	-0.45653797210353986
109	2	-0.45159230019119434
109	3	-0.49828548438328113
109	4	-0.5016640059513477
109	5	-0.4998859735138268
109	6	-0.5481233658448659
109	7	-0.5301213243540133
109	8	-0.5578978657813991
109	9	-0.4985149950047685
109	10	-0.5494531364625033
109	11	-0.5430462834202032
109	12	-0.5172596920855455
109	13	-0.5832398659356812
109	14	-0.5515064616024361
109	15	-0.6257903281772528
109	16	-0.5230854429185783
109	17	-0.5768802718336801
109	18	-0.555650358196182
109	19	-0.581115007335633
109	20	-0.5497741860253953
109	21	-0.6665010580585431
109	22	-0.6122340909606621
109	23	-0.732664930272378
109	24	-0.6557221523293961
109	25	-0.6075181234795366
109	26	-0.9120292982814107
109	27	-0.7016273137854796
109	28	-0.6034499889032077
110	1	-0.22673265014270783
110	2	-0.2913808459011591
110	3	-0.32116971599744915
110	4	-0.32426798839208004
110	5	-0.24193637837552018
110	6	-0.3279237536142645
110	7	-0.3575008623588971
110	8	-0.3303833953781634
110	9	-0.3376240735300087
110	10	-0.3391237130727589
110	11	-0.3086837035540313
110	12	-0.3044507568776069
110	13	-0.3357241184476081
110	14	-0.3363845515995081
110	15	-0.33303191521961395
110	16	-0.3504079313506452
110	17	-0.36597061333132785
110	18	-0.3457676434541952
110	19	-0.3941553298505127
110	20	-0.3315433475172398
110	21	-0.23616136029158952
110	22	-0.18750444147870127
110	23	-0.25797277896123205
110	24	-0.17168081986815054
110	25	-0.3458930368544486
110	26	-0.32381090747681185
110	27	-0.3372385651378096
110	28	0.029503609318524582
111	1	-0.3749574456837834
111	2	-0.38708743216883335
111	3	-0.36749964796589296
111	4	-0.33758446613899906
111	5	-0.3485414336455719
111	6	-0.37958556149252587
111	7	-0.38086305020677
111	8	-0.37462410158740056
111	9	-0.38821208065139956
111	10	-0.3666021744322876
111	11	-0.3555917056653968
111	12	-0.3314814151720711
111	13	-0.34679365684779384
111	14	-0.37913279393652743
111	15	-0.39742788112587135
111	16	-0.3672383291748602
111	17	-0.37546742519077725
111	18	-0.37999363629998584
111	19	-0.41164061677017827
111	20	-0.38819391761618505
111	21	-0.44888502110875095
111	22	-0.48056227009138297
111	23	-0.16030561974253743
111	24	-0.3249651135767806
111	25	-0.2998478391143351
111	26	0.3658116108094944
111	27	0.137868771948348
111	28	-0.41576805233204084
112	1	-0.5027926192189582
112	2	-0.4854248291869965
112	3	-0.4820016543544057
112	4	-0.45261018142273457
112	5	-0.45682450339948133
112	6	-0.4656494522738086
112	7	-0.4825797690381748
112	8	-0.48627488112384754
112	9	-0.5320050873690221
112	10	-0.4805666510846933
112	11	-0.5342485092583118
112	12	-0.5206087363554772
112	13	-0.5748075231270562
112	14	-0.522764683728262
112	15	-0.5136917922913113
112	16	-0.5167288355509072
112	17	-0.5666708701773615
112	18	-0.552110087131517
112	19	-0.48524337384714045
112	20	-0.5110188211647753
112	21	-0.5011581499033184
112	22	-0.34969880218635296
112	23	-0.19201416776132874
112	24	-0.009495228588882298
112	25	-0.329859898452888
112	26	-0.8281287747212005
112	27	-0.7991486595227073
112	28	-1.5917576070324202
113	1	-0.46257958183734615
113	2	-0.5073238805758677
113	3	-0.5082410393654868
113	4	-0.5419541780050139
113	5	-0.5068229843437919
113	6	-0.5637978016866825
113	7	-0.5448438886608287
113	8	-0.552360537698867
113	9	-0.546613485773797
113	10	-0.5478823982424146
113	11	-0.5113292788589092
113	12	-0.5543779708109184
113	13	-0.5677703488588008
113	14	-0.6011741729089835
113	15	-0.4978977161073814
113	16	-0.529559813512698
113	17	-0.5468598782903697
113	18	-0.559056585398892
113	19	-0.5165798806921771
113	20	-0.5663837986885483
113	21	-0.5952046794877788
113	22	-0.5874096032686253
113	23	-0.5083285944062155
113	24	-0.6935439923251465
113	25	-0.7292263701877815
113	26	-0.8548375174594938
113	27	-0.6492225622281893
113	28	-1.394847191490058
114	1	-0.523953410035574
114	2	-0.6016283094527708
114	3	-0.5938198913314352
114	4	-0.5375288449400628
114	5	-0.6087197264499693
114	6	-0.6061295711346872
114	7	-0.6416203813786723
114	8	-0.565877205982531
114	9	-0.6166737833026801
114	10	-0.5964548691293601
114	11	-0.6050484394053726
114	12	-0.6601758698685387
114	13	-0.6594507171928825
114	14	-0.6909691828367741
114	15	-0.66517248679218
114	16	-0.5828017111421389
114	17	-0.623708199922369
114	18	-0.6132588452375813
114	19	-0.5917697797436432
114	20	-0.6072502493111003
114	21	-0.6532662864029675
114	22	-0.6416486412557916
114	23	-0.9666912898802948
114	24	-0.7663883104783906
114	25	-0.9659910760701393
114	26	-0.5532596647735559
114	27	-0.752830574233144
114	28	-1.6237292845923363
115	1	-0.5004376736735949
115	2	-0.5531759610799796
115	3	-0.5536538203618946
115	4	-0.5327419389566828
115	5	-0.47158952944968036
115	6	-0.5506238781419981
115	7	-0.5315511984344923
115	8	-0.5408801751979482
115	9	-0.5188385175030987
115	10	-0.5404705035290291
115	11	-0.5279973517190157
115	12	-0.5512929338363648
115	13	-0.5768787928405459
115	14	-0.5788078911571546
115	15	-0.6075500078179843
115	16	-0.5177240352373715
115	17	-0.5131487103833408
115	18	-0.5258527612818895
115	19	-0.518132635571952
115	20	-0.5748089938840621
115	21	-0.6260891866689917
115	22	-0.566576613993
115	23	-0.6765733613862963
115	24	-0.4579230568182382
115	25	-0.9101145937406798
115	26	-0.6289211901733012
115	27	-0.5668542137308066
115	28	-0.6648941135434256
116	1	-0.6785996148972799
116	2	-0.8086603712035867
116	3	-0.6917645479655192
116	4	-0.73526781054872
116	5	-0.6211083973663065
116	6	-0.56001222347642
116	7	-0.5886658685533703
116	8	-0.7335037052101328
116	9	-0.5514919803737328
116	10	-0.5398043244213255
116	11	-0.5987742534625227
116	12	-0.5614264524193828
116	13	-0.6225691772260404
116	14	-0.6354914294511573
116	15	-0.5446741664762271
116	16	-0.5574997658169281
116	17	-0.5604000305458499
116	18	-0.5507690457598002
116	19	-0.5478678139127382
116	20	-0.604215733893092
116	21	-0.38049213518657155
116	22	-0.38868003377736926
116	23	-0.42271984256372974
116	24	-0.59391999601241
116	25	-0.5258774605304595
116	26	-0.30450502643675037
116	27	-0.27529093829656404
116	28	-0.4334758732862909
117	1	-0.659667210817652
117	2	-0.7651097675418299
117	3	-0.7210385664851842
117	4	-0.8013468250694871
117	5	-0.6852462653300506
117	6	-0.7494442984480187
117	7	-0.6922841787076734
117	8	-0.6642751744080826
117	9	-0.7334865326425728
117	10	-0.7210308498654356
117	11	-0.6629215120241199
117	12	-0.7169827775214301
117	13	-0.7427267554060748
117	14	-0.724629437709865
117	15	-0.6983481984078139
117	16	-0.7021490102079682
117	17	-0.6926658399627854
117	18	-0.6648466877786205
117	19	-0.6715933397999478
117	20	-0.6165048360929006
117	21	-0.6689377423015941
117	22	-0.5074423480428649
117	23	-0.30528265313976277
117	24	-0.22381951390502053
117	25	-0.08755970352111575
117	26	0.27445395530710215
117	27	0.6131706001649775
117	28	0.9182173131682134
118	1	-0.535531057457618
118	2	-0.6251959588625766
118	3	-0.562576103082904
118	4	-0.6087731407019064
118	5	-0.5355151605218751
118	6	-0.6506638642320794
118	7	-0.5765614041025842
118	8	-0.6275506465421472
118	9	-0.712636091980734
118	10	-0.6224226335755105
118	11	-0.668003351076905
118	12	-0.6951456516801073
118	13	-0.7235644509260268
118	14	-0.6659974132647335
118	15	-0.7442367168310469
118	16	-0.6782078698161769
118	17	-0.725403294383284
118	18	-0.6586858150734969
118	19	-0.6246052243771558
118	20	-0.6521954275896107
118	21	-0.5190185269936123
118	22	-0.5978008331936806
118	23	-0.5244689081934482
118	24	-0.657715440346152
118	25	-0.8497987927051796
118	26	-0.7099193238568589
118	27	-0.9489528277379193
118	28	-0.1307535502372943
119	1	-0.5404369263643005
119	2	-0.6724490538855434
119	3	-0.6501887915574756
119	4	-0.6928814160902093
119	5	-0.6485117192401191
119	6	-0.6634011393742156
119	7	-0.6201574146150648
119	8	-0.620340674071862
119	9	-0.6962111437600953
119	10	-0.6475318038219271
119	11	-0.6483106372629521
119	12	-0.7085515055232037
119	13	-0.617257234765276
119	14	-0.710506602455979
119	15	-0.6686904720459594
119	16	-0.6606901198971258
119	17	-0.76215433248111
119	18	-0.7614712537711412
119	19	-0.7538442259481357
119	20	-0.7776460439043333
119	21	-0.789818622798883
119	22	-0.7322705385999839
119	23	-0.7478045243745086
119	24	-0.5938840431537997
119	25	-0.08567291106828634
119	26	-0.11447290730396986
119	27	-0.4688323025926451
119	28	0.4172760064129548
120	1	-0.6063730247296064
120	2	-0.6393438270849998
120	3	-0.6686628719151955
120	4	-0.6329246672324302
120	5	-0.6332297796963005
120	6	-0.6985344251735555
120	7	-0.6398758312494337
120	8	-0.6652144203409733
120	9	-0.6726870448745714
120	10	-0.6614247137846547
120	11	-0.6843050246789488
120	12	-0.6637542231954612
120	13	-0.6851343408730415
120	14	-0.7071228443120745
120	15	-0.7516628672560515
120	16	-0.732337094375815
120	17	-0.7647806401288761
120	18	-0.7578068193070067
120	19	-0.7685618448990894
120	20	-0.769313541250753
120	21	-0.8441599174802334
120	22	-0.7803643905892699
120	23	-0.8722987665158044
120	24	-1.1034646272457849
120	25	-1.1308869430092372
120	26	-1.2268048593786673
120	27	-0.6737239867296125
120	28	-0.8600881786977084
>>END_MODULE
>>Per sequence quality scores	pass
#Quality	Count
2	135377.0
3	3523.0
4	1398.0
5	1720.0
6	2353.0
7	3733.0
8	3495.0
9	2585.0
10	2604.0
11	3046.0
12	3595.0
13	4049.0
14	4636.0
15	5277.0
16	5669.0
17	6481.0
18	8197.0
19	11073.0
20	14581.0
21	17732.0
22	20593.0
23	23341.0
24	26371.0
25	27986.0
26	27016.0
27	27024.0
28	29912.0
29	33767.0
30	38246.0
31	44875.0
32	53345.0
33	65941.0
34	86689.0
35	128974.0
36	214961.0
37	395695.0
38	863864.0
39	2448175.0
40	656147.0
>>END_MODULE
>>Per base sequence content	fail
#Base	G	A	T	C
1	9.753335015990805	26.904914657021408	47.9693400535856	15.37241027340219
2	26.769015640454878	30.142366125743898	21.23237168606049	21.85624654774073
3	19.55592435530086	25.31854670487106	18.12863266475645	36.996896275071634
4	28.567923906976883	34.16294520894558	14.783635951591837	22.485494932485704
5	26.16552922362591	31.037857033109002	27.98364736931078	14.812966373954309
6	30.481591097691513	15.792184371015573	33.89789891761089	19.828325613682026
7	20.999254498403573	25.58392430133519	20.63741303245334	32.7794081678079
8	24.413508796955508	34.54197122649864	19.45430969962483	21.590210276921024
9	18.10453936814923	34.5941660504569	32.39266078124459	14.908633800149286
10	26.6165521889621	22.815227447659957	22.722470620893187	27.845749742484756
11	33.833341339621995	9.979985500672345	20.935265305793166	35.25140785391249
12	20.578990668023703	15.754111216211534	28.406963421447173	35.25993469431759
13	22.499061701793337	21.789530407187502	33.999453247630235	21.711954643388925
14	33.84737810032142	27.60854219114134	23.56469809511411	14.97938161342313
15	41.38554585872013	22.394261273167228	22.123841707445095	14.096351160667552
16	19.19447998383584	17.260024766952657	28.354603796597093	35.19089145261441
17	26.45144540401749	23.63278564207196	32.27746887356652	17.638300080344024
18	32.73838867548847	19.145270803787184	23.80920452768363	24.307135993040717
19	31.170452208315353	16.80913206999596	30.499142249474986	21.5212734722137
20	48.751069818329405	15.539959421480901	22.770313733547276	12.938657026642417
21	19.425130364218575	21.270004164574285	27.500048912785243	31.804816558421894
22	31.210432691273365	10.823396331528047	42.974838843363564	14.991332133835025
23	17.150152763025844	23.512741572270553	33.737968960239456	25.599136704464147
24	21.27552607702508	18.471516902246496	33.24839920460016	27.004557816128255
25	21.923316714518897	15.951640662358285	21.60654368340452	40.51849893971829
26	16.862760085389354	15.168895125053913	25.352831661762053	42.61551312779467
27	15.154709493396169	13.675203075587525	26.334718174489986	44.83536925652632
28	16.53693522550732	21.821445532918517	22.173209585369193	39.46840965620497
>>END_MODULE
>>Per sequence GC content	fail
#GC Content	Count
0	16.0
1	16.0
2	16.5
3	15.5
4	14.0
5	14.0
6	14.5
7	20.5
8	44.5
9	68.5
10	83.0
11	108.5
12	145.0
13	210.5
14	302.5
15	466.5
16	669.5
17	899.0
18	1427.5
19	2090.5
20	4668.0
21	8103.5
22	9391.0
23	13210.5
24	18695.5
25	27817.0
26	40376.5
27	46124.5
28	51578.0
29	58587.0
30	116313.5
31	211649.0
32	254747.0
33	318742.0
34	443340.0
35	508470.0
36	538352.0
37	534603.0
38	515234.5
39	607006.0
40	701385.5
41	728930.0
42	744509.0
43	868972.5
44	1000045.5
45	1095614.5
46	1307278.5
47	1434980.5
48	1294146.5
49	1152133.0
50	966817.5
51	781502.0
52	671174.0
53	543935.5
54	503092.0
55	450179.0
56	406369.5
57	395676.0
58	399798.0
59	377566.0
60	355637.5
61	331818.0
62	322482.5
63	315125.0
64	274372.0
65	250842.5
66	225160.5
67	199152.5
68	165661.5
69	130046.5
70	121386.5
71	105838.5
72	91254.0
73	93259.5
74	94136.5
75	95716.5
76	101629.5
77	108691.0
78	118442.5
79	124599.5
80	121607.5
81	117670.0
82	114169.0
83	98593.0
84	81559.5
85	71201.0
86	61290.5
87	54041.5
88	51287.5
89	50992.0
90	49298.0
91	46524.5
92	43924.5
93	39470.0
94	33123.0
95	29869.5
96	29405.0
97	24645.5
98	13638.5
99	7391.0
100	7391.0
>>END_MODULE
>>Per base N content	pass
#Base	N-Count
1	1.0601304059408374
2	0.08646791757898632
3	0.016886546244751145
4	0.0016501510988356169
5	0.0
6	0.0
7	0.0
8	0.0
9	9.167506104642314E-5
10	0.0
11	0.0
12	5.500503662785389E-5
13	4.217052808135465E-4
14	0.0032269621488340947
15	0.025815697190672757
16	7.334004883713852E-5
17	0.0
18	0.0
19	0.0
20	6.302313137991036E-5
21	9.316712318557028E-5
22	4.8123127267271605E-4
23	0.009952905194479769
24	0.030391973680787304
25	0.00383341201915899
26	0.0019108506288063461
27	8.267640043487786E-4
28	8.049455856784082E-4
>>END_MODULE
>>Sequence Length Distribution	warn
#Length	Count
17	248912.0
18	201931.0
19	243046.0
20	466797.0
21	760755.0
22	1824561.0
23	862426.0
24	349976.0
25	129313.0
26	124422.0
27	117675.0
28	124232.0
>>END_MODULE
>>Sequence Duplication Levels	fail
#Total Deduplicated Percentage	11.15109152708998
#Duplication Level	Percentage of deduplicated	Percentage of total
1	85.74544489485095	9.561553040535332
2	5.44441274664806	1.214222896982557
3	2.0150661589861754	0.6741056151598946
4	1.1956648282002225	0.5333187173993199
5	0.776835575315457	0.43312823009211304
6	0.5674033642154555	0.3796300108287189
7	0.43315748484907557	0.3381125131437293
8	0.3366952175328638	0.3003615349953948
9	0.2744997845902346	0.27548749999189703
>10	2.2887259705584215	5.313000742124106
>50	0.3897561430383033	3.0684134509908834
>100	0.3882587626689788	8.997673405077775
>500	0.06334227842677081	4.972858415546382
>1k	0.06120898925695729	14.6920172058717
>5k	0.009681850847615227	7.42453811040322
>10k+	0.00984595001452396	41.821578610857024
>>END_MODULE
>>Overrepresented sequences	fail
#Sequence	Count	Percentage	Possible Source
TTCAAGTAATCCAGGATAGGCT	229278	4.2038149293203615	No Hit
AACATTCAACGCTGTCGGTGAGT	212995	3.9052659255165794	No Hit
AAGCTGCCAGTTGAAGAACTGT	204850	3.7559272510719564	No Hit
AACATTCAACGCTGTCGGTGAG	153134	2.807713759656593	No Hit
TGAGGTAGTAGGTTGTATAGTT	110070	2.0181347938759595	No Hit
TTCACAGTGGCTAAGTTCTG	96122	1.762398043580857	No Hit
TGAGGTAGTAGATTGTATAGTT	78128	1.4324778338869895	No Hit
TCTTTGGTTATCTAGCTGTATGA	67131	1.2308477046214865	No Hit
TCGGATCCGTCTGAGCTTGGCT	59970	1.0995506821907994	No Hit
TCACAGTGAACCGGTCTCTTT	56048	1.027640764305985	No Hit
TGAGATGAAGCACTGTAGCT	47425	0.8695379540253236	No Hit
TGAGATGAAGCACTGTAGCTC	42315	0.7758460416358791	No Hit
CCTGTCTGAGCGTCGCT	41817	0.7667152055556554	No Hit
TGAGATGAAGCACTGTAGCTCT	38603	0.7077864763150146	No Hit
TTCACAGTGGCTAAGTTCTGC	37965	0.696088738525491	No Hit
TGTAAACATCCTCGACTGGAAGCT	34949	0.6407903417022885	No Hit
AACATTCAACGCTGTCGGTGA	33930	0.6221069642610275	No Hit
AGCTGGTGTTGTGAATCAGGCCG	33694	0.6177799013796363	No Hit
TGAGGTAGTAGTTTGTACAGTT	30612	0.5612713937506211	No Hit
CAACGGAATCCCAAAAGCAGCTG	29806	0.5464933739099377	No Hit
TGAGGTAGTAGGTTGTATGGTT	29152	0.5345022759250655	No Hit
TATTGCACTCGTCCCGGCCTCC	27020	0.4954120298948707	No Hit
TGTAAACATCCTTGACTGGAAGCT	26638	0.488408055230924	No Hit
AGCAGCATTGTACAGGGCTATGA	24204	0.4437806355135252	No Hit
TGAGGTAGTAGGTTGTATAGT	24139	0.4425888597199217	No Hit
TGAGACCTCTGGGTTCTGAGCT	22099	0.405185434812981	No Hit
TCTTTGGTTATCTAGCTGTAT	21737	0.39854816039322	No Hit
TCTTTGGTTATCTAGCTGTATG	21676	0.39742972464845366	No Hit
TGTAAACATCCCCGACTGGAAGCT	21180	0.38833555859264846	No Hit
TGTAAACATCCTCGACTGGA	19966	0.3660768537705769	No Hit
CGCCTGTCTGAGCGTCGCT	19131	0.35076711857582427	No Hit
TCCCTGAGACCCTAACTTGTGA	17803	0.3264182223618943	No Hit
AATATAACACAGATGGCCTGT	17650	0.32361296549387375	No Hit
TGAGGTAGTAGATTGTATAGT	17627	0.32319126021306016	No Hit
TCGAGGAGCTCACAGTCTAGT	17459	0.3201109781619004	No Hit
CATTATTACTTTTGGTACGCG	16996	0.31162186750900156	No Hit
TGAGATGAAGCACTGTAGCTCA	16199	0.29700886277820177	No Hit
CGCGACCTCAGATCAGA	15042	0.2757952536520594	No Hit
ATAGGCGATAGAAATTGAAACCT	14911	0.2733933670526431	No Hit
TCACAGTGAACCGGTCTCTT	14271	0.26165895923870097	No Hit
TTCAAGTAATCCAGGATAGGCC	14122	0.25892704241951753	No Hit
TGAGGTAGTAGGTTGTGTGGTT	13597	0.2493011610096431	No Hit
TATTGCACTTGTCCCGGCCTGT	13567	0.24875111064336458	No Hit
TGTAAACATCCTACACTCTCAGCT	13448	0.2465692441904597	No Hit
TGAGGTAGTAAGTTGTATTGTT	13395	0.2455974885433676	No Hit
TTCAAGTAATCCAGGATAGGC	13371	0.2451574482503448	No Hit
AGCTACATCTGGCTACTGGGTCTC	12726	0.23333136537535623	No Hit
AACATTCAACCTGTCGGTGAGTT	12624	0.23146119413000915	No Hit
AACATTCAACCTGTCGGTGAGT	12467	0.2285825972131515	No Hit
TAGCACCATCTGAAATCGGTT	12222	0.22409051922187675	No Hit
TAAGGCACGCGGTGAATGCC	12164	0.22302708851373826	No Hit
TCGGATCCGTCTGAGCTTGGCTT	11680	0.21415294260444445	No Hit
TGAGGTAGTAGTTTGTGCTGTT	11440	0.20975253967421614	No Hit
AACATTCAACGCTGTCGGTGAGA	11234	0.20597552715910353	No Hit
TTCAAGTAATCCAGGATAGGCTT	11198	0.2053154667195693	No Hit
TCCCTGAGACCCTTTAACCTGT	10695	0.19609295557829914	No Hit
TCAGTGCACTACAGAACTTTGT	10550	0.19343437880795286	No Hit
TAGCAGCACGTAAATATTGGCG	10486	0.19226093802655864	No Hit
AACATTCAACGCTGTCGGTGAGTT	10375	0.19022575167132802	No Hit
GTACAGTACTGTGATAACTGA	10373	0.19018908164690945	No Hit
TTCAAGTAATCCAGGATAGGCA	9989	0.18314843695854416	No Hit
TACAGTACTGTGATAACTGACT	9822	0.18008648991959364	No Hit
CATCATCGTCTCAAATGAGTCT	9685	0.17757459324692165	No Hit
TCACAGTGAACCGGTCTCTTTT	9398	0.17231244474285695	No Hit
TGAGGTAGGAGGTTGTATAGTT	9316	0.17080897374169562	No Hit
TAGTAGACCGTATAGCGTACG	9229	0.16921382767948787	No Hit
TCCAGCATCAGTGATTTTGTT	9172	0.16816873198355864	No Hit
AACATTCATTGCTGTCGGTGGG	8937	0.16386000411437673	No Hit
TGTAAACATCCTCGACTGGAA	8775	0.16088973213647262	No Hit
TTCAAGTAATCCAGGATAGGCG	8709	0.15967962133065985	No Hit
TTATAAAGCAATGAGACTGATT	8599	0.15766276998763853	No Hit
TGTAAACATCCTACACTCAGCT	8592	0.15753442490217356	No Hit
ATAGTAGACCGTATAGCGTACG	8364	0.15335404211845666	No Hit
TTCAAGTAATTCAGGATAGGTT	8001	0.14669843268648633	No Hit
CACCCGTAGAACCGACCTTGCG	7945	0.14567167200276637	No Hit
TCGGATCCGTCTGAGCTTGGC	7862	0.14414986598939578	No Hit
TAGCACCATCTGAAATCGGTTA	7748	0.14205967459753732	No Hit
AGCAGCATTGTACAGGGCTATGT	7713	0.14141794917021236	No Hit
AACCCGTAGATCCGAACTTGTG	7502	0.1375492615940533	No Hit
TTCACAGTGGCTAAGTTCTGCT	7404	0.1357524303975434	No Hit
TATTGCACTTGTCCCGGCCTGTAA	7301	0.13386392413998707	No Hit
TAAGGCACGCGGTGAATGCCA	7297	0.13379058409114994	No Hit
CTGGACGCGAGCCGGGCCCT	7296	0.13377224907894067	No Hit
GCGTTCGCGCTTTCCCCTG	7248	0.132892168492895	No Hit
CTCAATAGGATTACGCTGAGGCCC	7180	0.13164538766266365	No Hit
GAGAAAGCTCACAAGAACTGCTAACT	7062	0.12948185622196806	No Hit
AAAAATAACAATACAGGACT	7036	0.12900514590452666	No Hit
GTTCGCGCTTTCCCCTG	6984	0.12805172526964387	No Hit
GTACAGTACTGTGATAACT	6642	0.12178115109406852	No Hit
AGCTACATTGTCTGCTGGGTTT	6620	0.12137778082546426	No Hit
TATACAAGGGCAAGCTCTCTGT	6552	0.12013099999523291	No Hit
TCGAGGAGCTCACAGTCTAGTA	6414	0.11760076831035163	No Hit
TACGCCTGTCTGAGCGTCGCT	6191	0.11351206058768115	No Hit
TCGGATCCGTCTGAGCTTGG	6163	0.11299868024582117	No Hit
TACCTGGTTGATCCTGCC	6133	0.11244862987954264	No Hit
TCGGATCCGTCTGAGCTTGGCTAT	5930	0.10872662240105786	No Hit
TCCCTGAGACCCTAACTTGTGAA	5901	0.1081949070469886	No Hit
GGGTTCGTTTCCCGGTCAGGGAA	5863	0.10749817658303579	No Hit
TGTAAACATCCTCGACTGGAAGC	5852	0.10729649144873366	No Hit
AACATTCATTGCTGTCGGTGGGT	5745	0.1053346451423402	No Hit
TACAGTACTGTGATAACTGAAG	5680	0.1041428693487367	No Hit
TCGACACAAGGGTTTGT	5648	0.10355614895803959	No Hit
CCTGTCTGAGCGTCGCC	5528	0.10135594749292544	No Hit
AGCTGGTGTTGTGAATCAGGC	5504	0.10091590719990261	No Hit
TCACAGTGAACCGGTCTCTTTC	5500	0.10084256715106546	No Hit
TCTGGCTCCGTGTCTTCACTCCC	5483	0.10053087194350763	No Hit
AGCAGCATTGTACAGGGCTATG	5457	0.10005416162606623	No Hit
>>END_MODULE
>>Adapter Content	pass
#Position	Illumina Universal Adapter	Illumina Small RNA 3' Adapter	Illumina Small RNA 5' Adapter	Nextera Transposase Sequence	SOLID Small RNA Adapter
1	0.0	0.0	0.0	0.0	0.0
2	0.0	0.0	0.0	0.0	0.0
3	0.0	0.0	0.0	0.0	0.0
4	0.0	0.0	0.0	0.0	0.0
5	0.0	0.0	0.0	0.0	0.0
6	0.0	0.0	0.0	0.0	0.0
7	0.0	0.0	0.0	0.0	0.0
8	0.0	0.0	0.0	0.0	0.0
9	0.0	0.0	0.0	0.0	0.0
10	0.0	0.0	0.0	0.0	0.0
11	0.0	0.0	0.0	0.0	0.0
12	0.0	0.0	0.0	0.0	0.0
13	0.0	0.0	0.0	0.0	0.0
14	0.0	0.0	0.0	0.0	0.0
15	0.0	0.0	0.0	0.0	0.0
16	0.0	0.0	0.0	0.0	0.0
>>END_MODULE
>>Kmer Content	fail
#Sequence	Count	PValue	Obs/Exp Max	Max Obs/Exp Position
TAGTCTA	55	0.0	448.71808	22
GCACCCA	175	0.0	423.07706	22
TAGTCTT	300	0.0	399.57272	22
TCTGATA	305	0.0	381.46292	22
GGAATAA	145	0.0	364.7216	22
CTATAAT	10	4.5540987E-4	362.76846	21
GCGACCA	20	4.9575546E-4	352.5642	22
CGTCGAT	40	2.5320332E-8	352.5642	22
ATGGCCA	185	0.0	304.92038	22
GGCGACC	330	0.0	302.30704	21
GTCTCTA	350	0.0	292.12463	22
GCGACCC	575	0.0	288.1829	22
ACTTTCG	65	8.749339E-10	271.20325	22
TTAATCC	180	0.0	254.62971	22
ATCATTA	265	0.0	252.78189	22
CTAGTCT	910	0.0	243.17445	21
ATTAACC	255	0.0	241.84564	21
GATTCGC	10	0.0016245061	237.26749	20
AGTTCAA	105	0.0	235.0428	22
GTGCACC	120	0.0	226.73029	21
>>END_MODULE
